532655237
552278840
892926801860677632
905719296134971392
377925526
3545097856
890502281887612928
3398737828
1664655710
743729451708481536
211577392
751805919743315969
909435307304607744
222496251
876224066759405568
54219545
1028440310
179181381
25816024
569257486
20447568
3356627800
58429842
19590930
245957521
3289816264
714602578529665024
826067879879651329
1631211283
117754884
42401449
223782598
786863976030220289
1707513156
2920256952
2906686402
359850032
845781575170244610
857912957346471936
791162759228624896
878977884999876610
1274709210
26203837
142334501
741963075985760256
222036996
36327895
809247439383392257
422684232
388187529
800434576350789632
827106904245731328
86711514
819581851903938562
293013635
2368436134
2862964321
54851559
777573276692451328
560467206
140101267
862688770205863937
474013625
801355099796803584
21422783
39475170
875915736300040192
192463771
884586449831686145
802492036268126208
154172528
288567673
704221216912105473
465965880
1156991923
3292722958
2173684107
2413215217
22900494
860264322311659520
311380778
474708096
1653321740
890041069639016448
1143130812
4376048613
1005305156
37105136
818479808837455873
756914316566224896
849608792098705408
11985982
3372055939
562662319
847424832400629760
886794351459827713
817189988462800896
3664826895
80172249
65375944
