1520200806682832896
1463879060933820416
955069564055941120
1587961913954156545
858012451366985730
772588501934051328
1593636437378957315
1501738932400230400
808783915355951105
1453068880436400146
1581206457843912704
1566095531499208704
303742383
45546362
1588771753362214912
1529682349029326848
1547891496770105344
2281732880
1145808668149125120
4068912568
1514367527438233610
736016838052720640
20775133
823220596687437824
1229891962414587904
816968928077500416
825654804
1516569565144272902
1546248279142301698
1586027737273184257
1139230884354285568
1198361171989893120
1586022285345013760
398054082
1536682986371948547
1604175610036862977
1595948931149697025
1565991010995474434
1512852649598599175
1586149818023518209
1589248003478528007
1597567891657875456
1353501845981966336
1503212289343868929
122406464
183347440
1520249272310059015
997629108111724546
1518685617001013250
1511938112712151040
1368253253310443527
1546125627081760769
20635049
1593237575124549634
879523106527653889
1595898631260844032
365004971
1596624149786644485
874160094
1343869159562686469
437210920
1562158895224741888
1596784198181863425
1583116574948466688
1586067079312166914
881134810730827776
1606396329067945984
766054909389201408
2945495369
1464263722260910081
143288338
1162845798608117761
2953744109
1585283153475866624
1601606563059453952
438821961
1598843895579922432
1459336623229919235
1593060853854642183
2688511189
1590583719194234880
1588704907149860864
1472252293282209800
16453377
1586144310042451968
1435705539099611136
821153004992757760
1225439204
1586944032726474752
712020000203145220
1427330037456515080
3338767810
1605382922348945408
30884721
2800980736
1586346520185544704
166581878
1393029204384665601
1102929069417521153
1252733774837755924
