7618
4968
20970
11316
20163
19362
12003
5936
19644
4698
9767
9174
16378
17883
11453
8081
8580
14951
964
17517
6362
19075
14585
19827
1656
19728
19868
6475
8541
10349
926
1358
10337
17444
8260
13763
12569
9166
6304
10558
11523
12832
3073
5974
1595
14180
7624
21251
6643
6279
3304
8533
14566
11972
20356
12557
17184
12678
20308
2920
17751
9021
12699
9839
10432
20366
13866
19324
16174
4977
4253
1093
16194
9937
13568
17767
13148
4863
11954
15660
11714
11436
5152
13950
10549
4303
19782
1613
10996
18926
4115
16853
13829
16447
15895
10694
13989
3610
686
1913
