522093544
105001028
459543563251684433
668507988021629657
367459818
1923583275
137761876998746427
7913817864
2336638020
395637406287146043
993894510
217491521903157938
198175473590802180
910602215
583420921730489308
48300453
9696333522
308231913
64130880
471949976
93671327
4819514838
29379477
33238453
952953160
2078272999
984753566740291172
966463307251951629
9664312294
910823627
19964332
939241693
134053727976090252
7565007951
4963092375
7854642962
106240660
659694361680749282
861060169746014339
226936619725368187
408521884302140927
6661703688
45397142
593556429
277477560493535952
386677349
80616630
900182261617621677
956005402
376249319
795276815927965519
244651258665497985
46793442
883142726313879846
840015896
5159256643
9316583662
65384865
307816046345228027
641671931
934151182
975069055111772303
900598800
505424452466928927
93100245
37409411
437284688342342980
696945215
226090748716394921
577356577743406329
341537602
721881344
725621693765592130
211885592
2781802405
9672510597
6245377672
8099975129
53426159
486245584010345222
617954341
549501201
8515863624
437582337009655869
4847344269
3366686498
4996832438
32246338
596368303281285909
289687903079582503
950030656346430743
52733606
9409597325
848294475
562490399183599019
689498176878498142
969698538009233763
2616304789
64598708
77509062
