662609989
6691743644628340820
5068694656672598393
763228713
2886905304314680288
250313869
654969347
103250403
7448295325
1345837233973102727
4495657837915125050
9136609539069351643
5855935158441198364
8243938229664614508
2913418406960825386
901095202
2074281922475867955
1953253735204553336
9172447136242308767
876466546
649949033
586084501847516227
295678889
7216203875057797875
4618164349327192790
9359188089975241124
5316011760420196035
838920882
768429580
196257228
930159159
867005095
5591255192
1006459473165798785
3611903307
25791554
1965688834405212832
2821598013085263497
915003339
8272610948452197579
7857482280
5801493727
5273668176582590195
162088750
261540831
9594103607428601560
2567781049273704436
2741340001415341493
1877842903
7383378550854401446
7136724035879638569
886236684272578864
535376009
828041413
77627
112667316
647076324
9655235348078423146
8169160031
6273997668
1252019054782846270
4916040828732355656
819545359
7511570215896813287
7189014849
2838193984
8261986882
11619474
9306896991829675753
533640437
217895253
3204962890770432990
9166494379944493497
8415376587847040786
2458852536
98912184
318423581
1307150436564201667
9619460678940479259
3303214202466241065
1268685016042532572
668632996
503223508
6192399319782872859
6213424981
214389671
3060172529995790804
837746582
716996875
817000032
6090645421
4025071428751726949
734354647
7081098746827823002
6501281292778189260
1673423386339877366
7934378213
1631044706999003802
525976429
8755770065205145251
