9949
6413
1571
6589
9343
7185
10302
6144
5113
10014
1664
45
1220
967
7365
2772
3770
3511
1707
8106
2064
5106
1526
9304
8754
10225
2152
2299
2712
6987
4646
8249
4013
7632
10226
9810
3577
10189
7148
6425
2044
2595
7399
1949
6065
1265
7385
10299
5127
2974
9042
9050
7338
8072
9421
6726
7807
4903
6677
4239
1169
10196
9215
7495
3786
7620
8221
10185
4121
6165
7874
6898
7811
7947
6452
1236
9460
4105
2805
8654
9280
2174
6720
2204
9769
3369
477
6899
1397
1683
7790
5265
8902
7439
8939
906
2214
3020
7376
6273
