687502882211372976
3494467722202453457
1024693152511880938
7526198142328807468
4178558502
4908677609206082653
294988534320751376
7104844123842141351
8430661869875134112
945217690101677404
4615407383644695987
8233524724846761188
1933854219261018752
9509180398980953246
6455640750484959777
6644480288361451084
5897761173277386759
4560210361143373118
5178248530134753746
4390662217311840551
3817470987725623391
4214744352023227036
7593847387420551914
3259140537
2611479507433454325
997820563438953978
4672903023876615309
1976936737527470567
7178492336009101768
9268103894444270578
2100929128288071137
6807339267475810945
7732969018151433257
8362571115292085871
811711201929012148
873974867641040942
5463240023630481193
340331678738868651
2385173011011253023
6136514097930286821
5088042049590341248
5878083591238455248
9338692585369248602
3214025345551251611
3401978167767482846
8669607297224139560
4896991572788579269
600224862451634614
2175574082367824677
2988008210671584488
5690872758
733054061
9612728508475910533
5724828020837972900
930758024
3436943350247801880
4709586137969737782
1681027657275871324
6907359682303923238
4984476018243336503
2498323155408435998
253551668057041976
459798403
3158312972724618664
4857150667191835610
6955107523153985553
3583973792814181202
914072800723042990
3934568492068795312
3259185306701867808
7690998241915678799
1227926499169237194
8192571484372443884
8408952312967662074
5509745824675249035
7751260072282696905
6346444207
5332394504637977286
2452380673329905180
1469838558882075908
7072230751
3890823921124263338
7214220406397692302
6134905202863052505
305704159467468685
7491101740622089986
8229283001624212117
5719067917116862691
8696960088889366603
3280248786635602410
1333652305469402223
6722194958684415419
5362236065673453439
8294525869272618575
4844833659132042651
2790756141067306105
9306606286951520629
1002984234154611898
4597038935581439412
6722999109224040041
