4346968851781978171
6218937002513162013
713046598163743669
7504407471963933558
584963663135942285
596561072122502382
5305514207509613016
8488910598702372104
512689737813925329
6884641712362038933
7880519656376363892
5225085507725916427
958986569
37669618
6201372434561358274
1725880169266837984
5978951898476190649
8777829389
6313751631751865611
8472450779
3754206597876584702
913447902535850543
44233065
477948263114199238
1775465954767219205
960242351900570594
335337900
4526119751459649973
6627816241468783071
4629288310644725289
4589845165016075457
6301794341438678363
3570372290754593956
764639732
9775461105693665969
1963146757952622291
7965782998649684628
7868220126506983318
1587516226727034001
3294615212255066029
9804862973679176603
1901068889852354678
6289791826450417719
8750268427636157604
261081374
949074270
8410521106095370587
695741644595496876
7459146307818638101
6734715034937617287
5898832142872976929
7447972604611363884
79798830
3667961906440744411
122469792846619156
4174633998201822947
299791332
8118955827327534440
148818580
4188877884352633093
983332765
1159840550733427967
3617594307610125375
2313207642777590990
7557641521278822976
439402895803309127
5469593762413474512
556132959543089723
9682238944
7037568407785328482
443759152
6805076333216027918
8357403704
6427828960660028833
8058169977714345950
158673806
4692057714914038399
7863316160355590972
7340212533341407669
6614710753
9620622890788950416
4615222075188723143
2394579100508453400
42977183
9763200986661409009
3137292925731093271
951806966984496722
1137617804
2390760823030298243
785779781050577202
3972052665575456729
8588812484
1946817371593803526
44599308
6759023722
6052637713882926622
619513763
9241882821761107473
6676013163722128052
3445152876271591128
