0 1 2
1 1 0
2 0 1
3 0 1
4 0 1
5 0 1
6 1 0
7 2 3
8 0 1
9 1 2
10 3 3
11 25 22
12 3 4
13 0 1
14 0 1
15 2 2
16 0 1
17 1 2
18 0 1
19 1 2
20 0 1
21 0 1
22 1 0
23 0 1
24 1 1
25 0 1
26 1 1
27 0 1
28 1 0
29 0 1
30 0 2
31 0 1
32 0 3
33 5 0
34 1 8
35 0 1
36 1 2
37 1 0
38 0 1
39 0 1
40 0 1
41 1 0
42 1 2
43 0 1
44 0 1
45 6 0
46 0 1
47 1 2
48 0 2
49 1 1
50 1 1
51 15 16
52 3 2
53 0 1
54 8 7
55 1 3
56 6 8
57 0 1
58 0 1
59 1 1
60 3 3
61 2 2
62 3 4
63 1 5
64 6 10
65 0 1
66 1 1
67 0 1
68 0 1
69 0 1
70 0 1
71 0 1
72 1 3
73 1 1
74 0 2
75 1 2
76 1 2
77 1 0
78 0 1
79 1 2
80 0 1
81 1 1
82 1 2
83 0 1
84 0 1
85 1 2
86 1 4
87 0 1
88 1 2
89 1 0
90 0 1
91 0 1
92 0 1
93 0 1
94 2 0
95 0 3
96 3 3
97 1 2
98 0 1
99 4 8
100 4 8
101 0 1
102 1 3
103 3 0
104 1 4
105 1 0
106 0 1
107 0 1
108 0 2
109 2 1
110 0 1
111 0 1
112 6 12
113 1 0
114 0 1
115 2 2
116 0 1
117 1 0
118 0 1
119 1 1
120 0 1
121 1 0
122 0 1
123 1 0
124 2 0
125 1 7
126 0 1
127 23 0
128 1 26
129 0 1
130 1 1
131 1 1
132 0 1
133 1 1
134 1 0
135 0 1
136 0 1
137 1 2
138 1 1
139 1 0
140 0 1
141 1 1
142 3 3
143 1 7
144 1 2
145 1 2
146 10 0
147 1 16
148 1 3
149 1 1
150 0 1
151 0 1
152 0 1
153 1 0
154 7 0
155 1 18
156 1 0
157 0 1
158 2 2
159 0 1
160 1 0
161 1 1
162 1 1
163 3 0
164 0 3
165 1 1
166 1 1
167 0 1
168 0 2
169 2 0
170 0 1
171 1 1
172 3 0
173 0 3
174 0 1
175 1 0
176 0 1
177 0 1
178 0 1
179 0 2
180 0 1
181 1 1
182 1 0
183 1 2
184 0 1
185 0 1
186 1 1
187 0 1
188 1 0
189 0 1
190 1 1
191 1 1
192 1 2
193 0 2
194 0 1
195 0 1
196 0 1
197 1 1
198 1 1
199 1 3
200 0 1
201 0 1
202 0 1
203 2 0
204 0 1
205 1 2
206 0 1
207 2 0
208 1 4
209 1 0
210 0 1
211 1 2
212 1 1
213 0 1
214 1 0
215 1 2
216 0 1
217 1 1
218 0 1
219 0 1
220 0 1
221 1 3
222 1 0
223 0 1
224 2 2
225 0 1
226 1 0
227 1 2
228 1 0
229 0 1
230 1 1
231 1 6
232 1 0
233 1 3
234 0 1
235 1 1
236 1 1
237 1 0
238 0 1
239 1 2
240 1 1
241 0 1
242 0 3
243 12 0
244 1 15
245 1 1
246 2 0
247 0 2
248 0 1
249 1 3
250 5 7
251 2 0
252 0 1
253 14 0
254 1 5
255 1 1
256 1 2
257 1 1
258 0 1
259 0 1
260 0 1
261 1 0
262 1 3
263 1 0
264 0 1
265 2 2
266 0 1
267 1 1
268 0 1
269 1 3
270 0 1
271 0 1
272 0 1
273 1 0
274 0 1
275 0 1
276 1 0
277 0 1
278 2 0
279 0 2
280 0 1
281 0 1
282 0 1
283 5 6
284 0 1
285 0 1
286 1 0
287 0 1
288 1 2
289 3 4
290 39 0
291 1 26
292 1 2
293 0 1
294 2 5
295 3 0
296 0 2
297 1 2
298 1 3
299 1 0
300 0 1
301 1 0
302 0 1
303 1 2
304 1 3
305 2 2
306 0 1
307 1 0
308 0 1
309 0 1
310 3 4
311 0 1
312 0 1
313 9 12
314 1 0
315 1 2
316 2 3
317 4 5
318 1 0
319 0 2
320 0 1
321 7 5
322 2 3
323 1 1
324 11 0
325 0 10
326 3 0
327 0 1
328 4 0
329 1 2
330 1 2
331 0 1
332 1 0
333 1 2
334 3 0
335 1 2
336 0 1
337 3 3
338 0 1
339 1 2
340 0 1
341 1 1
342 0 1
343 1 3
344 2 0
345 1 3
346 0 1
347 1 1
348 0 1
349 1 0
350 0 1
351 0 1
352 1 2
353 3 5
354 1 2
355 3 3
356 0 1
357 7 9
358 1 0
359 0 1
360 1 1
361 1 2
362 0 1
363 1 0
364 1 2
365 0 1
366 0 2
367 2 3
368 0 1
369 1 3
370 0 1
371 1 2
372 0 1
373 1 1
374 0 1
375 1 6
376 0 1
377 0 1
378 1 0
379 0 1
380 0 1
381 0 1
382 0 1
383 1 1
384 1 2
385 1 1
386 1 1
387 1 1
388 0 1
389 3 3
390 0 1
391 0 1
392 0 1
393 1 2
394 0 1
395 3 4
396 3 2
397 0 1
398 0 4
399 0 1
400 2 2
401 1 1
402 0 1
403 0 1
404 1 2
405 1 0
406 0 1
407 0 1
408 1 1
409 5 6
410 1 1
411 1 3
412 1 0
413 1 2
414 0 1
415 1 1
416 1 4
417 3 5
418 2 2
419 0 1
420 1 1
421 1 1
422 0 1
423 0 2
424 2 0
425 0 2
426 1 1
427 1 0
428 0 1
429 0 1
430 4 0
431 1 5
432 3 6
433 0 1
434 1 0
435 2 2
436 1 2
437 0 1
438 0 2
439 2 2
440 0 2
441 0 1
442 0 1
443 9 0
444 1 16
445 1 2
446 1 0
447 0 1
448 1 1
449 1 1
450 1 1
451 2 2
452 1 2
453 0 1
454 5 0
455 0 6
456 1 2
457 4 5
458 7 0
459 1 9
460 1 1
461 0 1
462 1 2
463 1 0
464 0 1
465 0 1
466 0 1
467 1 2
468 2 1
469 0 1
470 1 1
471 2 0
472 0 3
473 0 1
474 3 3
475 0 1
476 2 2
477 9 0
478 1 1
479 1 0
480 0 1
481 1 0
482 1 0
483 0 1
484 1 2
485 2 2
486 0 1
487 0 1
488 1 2
489 0 1
490 0 1
491 1 0
492 0 1
493 1 1
494 1 2
495 1 0
496 0 1
497 1 0
498 1 0
499 0 1
500 2 2
501 1 2
502 1 0
503 0 1
504 0 1
505 8 12
506 0 1
507 1 0
508 0 1
509 1 1
510 0 1
511 2 2
512 0 2
513 1 2
514 0 1
515 1 1
516 0 1
517 2 4
518 0 1
519 1 0
520 0 1
521 0 1
522 1 2
523 1 0
524 0 1
525 1 0
526 0 2
527 0 1
528 1 0
529 0 1
530 1 2
531 0 1
532 1 1
533 0 1
534 1 1
535 0 1
536 0 1
537 0 1
538 1 1
539 0 1
540 0 1
541 2 1
542 3 4
543 0 1
544 4 7
545 6 0
546 1 3
547 0 1
548 3 0
549 0 11
550 1 1
551 0 1
552 1 1
553 1 1
554 0 1
555 0 1
556 1 2
557 1 2
558 1 0
559 0 1
560 0 1
561 3 3
562 1 1
563 1 1
564 2 0
565 1 4
566 1 1
567 0 1
568 2 1
569 0 1
570 1 2
571 0 1
572 0 2
573 0 1
574 1 0
575 1 2
576 1 0
577 2 2
578 1 1
579 0 1
580 1 0
581 1 3
582 2 2
583 0 1
584 0 1
585 0 1
586 0 1
587 0 1
588 1 2
589 0 1
590 1 1
591 0 1
592 0 1
593 0 1
594 2 2
595 2 2
596 1 2
597 1 2
598 2 3
599 1 2
600 1 1
601 0 1
602 2 1
603 1 0
604 0 1
605 1 0
606 0 1
607 0 1
608 5 6
609 0 1
610 6 8
611 0 1
612 1 0
613 0 1
614 0 2
615 1 1
616 1 3
617 1 1
618 1 0
619 0 1
620 1 3
621 0 2
622 0 1
623 4 4
624 0 1
625 2 2
626 7 8
627 0 1
628 0 1
629 1 2
630 0 1
631 1 0
632 0 3
633 0 1
634 2 0
635 1 2
636 1 0
637 0 3
638 0 1
639 0 3
640 0 1
641 0 1
642 2 3
643 4 4
644 1 0
645 0 1
646 7 9
647 0 1
648 3 4
649 1 0
650 1 0
651 0 2
652 0 1
653 1 1
654 0 1
655 7 3
656 2 0
657 1 6
658 1 3
659 31 0
660 1 34
661 0 2
662 2 2
663 1 0
664 1 7
665 2 2
666 1 0
667 1 0
668 0 1
669 0 1
670 0 1
671 1 1
672 1 1
673 1 0
674 1 2
675 0 1
676 0 1
677 0 1
678 1 3
679 0 2
680 1 0
681 1 0
682 0 1
683 1 2
684 1 1
685 1 2
686 0 1
687 1 0
688 0 1
689 2 1
690 1 0
691 0 1
692 1 0
693 3 4
694 1 0
695 0 1
696 0 2
697 1 3
698 0 1
699 0 1
700 0 1
701 3 0
702 0 1
703 0 1
704 0 2
705 2 0
706 1 1
707 0 7
708 3 0
709 0 2
710 1 0
711 8 7
712 5 7
713 0 1
714 1 4
715 1 1
716 1 2
717 1 0
718 0 2
719 0 1
720 0 1
721 7 0
722 1 13
723 0 1
724 0 1
725 1 3
726 4 0
727 1 6
728 0 1
729 11 12
730 0 1
731 1 0
732 0 1
733 0 2
734 1 4
735 0 1
736 0 1
737 0 1
738 1 2
739 0 1
740 1 1
741 1 0
742 1 2
743 0 1
744 1 2
745 1 4
746 1 0
747 1 2
748 5 5
749 3 3
750 2 1
751 1 0
752 1 1
753 1 2
754 0 1
755 1 1
756 1 1
757 4 4
758 2 0
759 0 1
760 0 1
761 0 1
762 1 0
763 1 2
764 1 2
765 7 0
766 1 9
767 0 1
768 1 0
769 1 2
770 0 1
771 1 2
772 0 1
773 5 0
774 1 9
775 1 2
776 2 1
777 0 1
778 3 3
779 0 1
780 1 0
781 1 3
782 0 1
783 0 2
784 2 2
785 0 1
786 1 2
787 3 3
788 1 1
789 1 1
790 0 1
791 0 1
792 0 1
793 0 1
794 3 3
795 0 1
796 1 3
797 0 2
798 1 0
799 0 1
800 2 0
801 0 1
802 0 1
803 1 2
804 4 5
805 1 3
806 1 2
807 2 4
808 1 0
809 1 2
810 2 2
811 1 2
812 1 0
813 0 1
814 2 2
815 0 1
816 1 0
817 0 2
818 1 3
819 1 3
820 0 1
821 1 0
822 1 3
823 1 0
824 0 1
825 0 2
826 2 3
827 1 1
828 0 1
829 1 0
830 1 2
831 0 1
832 0 1
833 1 3
834 1 2
835 0 3
836 1 0
837 0 1
838 1 3
839 0 1
840 2 1
841 3 0
842 0 4
843 1 1
844 0 1
845 0 1
846 2 0
847 0 3
848 1 2
849 1 0
850 0 1
851 0 1
852 0 1
853 0 1
854 1 0
855 0 2
856 0 1
857 2 3
858 0 1
859 3 3
860 0 3
861 1 2
862 0 1
863 1 0
864 1 3
865 1 1
866 1 0
867 1 2
868 1 1
869 0 1
870 0 1
871 2 3
872 1 0
873 0 1
874 2 0
875 0 2
876 1 1
877 1 0
878 0 1
879 0 1
880 1 1
881 1 1
882 1 1
883 13 0
884 1 18
885 0 1
886 0 1
887 2 0
888 1 4
889 2 2
890 3 4
891 1 1
892 0 1
893 1 2
894 0 1
895 2 2
896 0 1
897 1 2
898 0 1
899 0 1
900 1 2
901 0 1
902 0 1
903 1 1
904 0 1
905 2 2
906 4 5
907 1 0
908 0 1
909 3 0
910 0 3
911 2 2
912 1 1
913 2 0
914 0 4
915 0 1
916 3 0
917 1 3
918 2 3
919 1 2
920 2 2
921 3 1
922 5 6
923 17 0
924 1 20
925 1 2
926 1 0
927 0 1
928 0 3
929 35 0
930 2 0
931 0 3
932 1 0
933 1 1
934 2 0
935 0 2
936 0 1
937 0 1
938 0 1
939 2 3
940 0 1
941 2 3
942 0 1
943 0 1
944 2 0
945 1 4
946 1 0
947 0 1
948 0 1
949 1 0
950 0 2
951 1 0
952 0 1
953 1 0
954 1 1
955 1 0
956 0 1
957 2 1
958 2 3
959 1 0
960 0 1
961 1 2
962 1 1
963 1 1
964 1 0
965 0 1
966 1 1
967 27 0
968 1 0
969 0 2
970 1 0
971 0 1
972 0 1
973 1 3
974 1 0
975 0 2
976 0 2
977 1 0
978 0 1
979 1 1
980 1 4
981 2 4
982 58 35
983 0 1
984 0 1
985 4 4
986 8 8
987 3 3
988 1 2
989 1 1
990 2 3
991 0 1
992 0 1
993 0 1
994 2 3
995 3 3
996 1 0
997 0 1
998 1 1
999 0 1
1000 0 1
1001 1 1
1002 0 1
1003 0 1
1004 1 0
1005 3 3
1006 2 2
1007 1 0
1008 1 2
1009 0 1
1010 1 5
1011 0 1
1012 3 3
1013 0 1
1014 3 3
1015 0 1
1016 0 1
1017 1 1
1018 0 1
1019 1 2
1020 1 1
1021 1 2
1022 1 1
1023 0 1
1024 0 1
1025 2 2
1026 0 1
1027 0 1
1028 1 0
1029 0 1
1030 1 1
1031 0 1
1032 0 1
1033 1 0
1034 1 0
1035 1 3
1036 1 2
1037 1 0
1038 0 1
1039 2 4
1040 0 1
1041 0 1
1042 0 1
1043 0 1
1044 0 1
1045 2 2
1046 1 0
1047 1 2
1048 0 1
1049 3 3
1050 23 0
1051 1 40
1052 0 1
1053 1 0
1054 0 2
1055 1 2
1056 1 1
1057 2 0
1058 1 4
1059 1 2
1060 1 0
1061 1 0
1062 0 1
1063 1 2
1064 1 1
1065 0 1
1066 1 0
1067 0 1
1068 4 4
1069 0 1
1070 0 1
1071 1 2
1072 1 1
1073 2 0
1074 0 1
1075 1 2
1076 2 2
1077 2 0
1078 1 4
1079 0 1
1080 0 1
1081 1 0
1082 0 1
1083 0 1
1084 1 0
1085 1 2
1086 1 2
1087 2 0
1088 0 2
1089 0 1
1090 5 0
1091 0 1
1092 0 1
1093 0 1
1094 1 0
1095 0 1
1096 0 1
1097 0 4
1098 0 2
1099 9 14
1100 0 1
1101 1 1
1102 1 1
1103 0 1
1104 1 2
1105 0 2
1106 0 1
1107 0 2
1108 0 1
1109 0 1
1110 0 1
1111 1 0
1112 0 1
1113 1 0
1114 1 0
1115 0 2
1116 1 0
1117 1 0
1118 0 1
1119 0 1
1120 0 1
1121 0 1
1122 0 1
1123 0 1
1124 1 2
1125 0 1
1126 1 0
1127 0 1
1128 0 1
1129 2 0
1130 2 0
1131 0 2
1132 1 0
1133 0 1
1134 1 0
1135 1 2
1136 1 0
1137 0 1
1138 1 2
1139 2 2
1140 0 1
1141 0 1
1142 0 1
1143 1 2
1144 0 1
1145 0 1
1146 1 2
1147 0 2
1148 0 1
1149 0 2
1150 1 2
1151 3 0
1152 0 3
1153 1 1
1154 0 1
1155 2 1
1156 1 1
1157 0 3
1158 2 0
1159 0 2
1160 0 1
1161 2 2
1162 13 10
1163 0 1
1164 6 8
1165 0 1
1166 4 4
1167 0 1
1168 1 2
1169 4 7
1170 0 1
1171 2 1
1172 0 1
1173 0 1
1174 1 2
1175 0 1
1176 2 0
1177 1 2
1178 1 1
1179 3 3
1180 0 1
1181 0 1
1182 14 0
1183 0 1
1184 1 1
1185 0 1
1186 0 1
1187 6 0
1188 1 8
1189 1 0
1190 1 2
1191 1 0
1192 1 3
1193 1 2
1194 0 1
1195 0 1
1196 1 1
1197 1 0
1198 0 1
1199 0 1
1200 1 8
1201 1 1
1202 1 0
1203 0 1
1204 0 1
1205 1 0
1206 0 2
1207 3 3
1208 0 1
1209 0 1
1210 0 1
1211 0 1
1212 0 2
1213 1 0
1214 0 1
1215 1 0
1216 0 1
1217 0 1
1218 11 0
1219 3 3
1220 1 2
1221 0 1
1222 0 1
1223 43 37
1224 2 0
1225 1 3
1226 0 1
1227 1 1
1228 1 0
1229 1 2
1230 0 1
1231 0 1
1232 1 1
1233 0 1
1234 3 3
1235 2 0
1236 1 6
1237 2 0
1238 1 7
1239 0 1
1240 2 0
1241 1 3
1242 1 3
1243 0 1
1244 2 3
1245 0 1
1246 2 0
1247 0 1
1248 1 3
1249 0 1
1250 1 2
1251 1 1
1252 0 3
1253 1 2
1254 0 1
1255 0 1
1256 1 3
1257 1 0
1258 0 1
1259 0 1
1260 0 1
1261 0 1
1262 2 1
1263 1 0
1264 0 1
1265 7 16
1266 1 1
1267 0 1
1268 0 1
1269 2 0
1270 1 1
1271 0 1
1272 2 2
1273 1 0
1274 0 1
1275 1 0
1276 0 1
1277 1 0
1278 0 1
1279 1 2
1280 5 0
1281 1 3
1282 1 3
1283 0 1
1284 0 1
1285 1 0
1286 0 1
1287 2 3
1288 0 1
1289 0 1
1290 1 0
1291 1 2
1292 0 1
1293 1 1
1294 0 2
1295 0 1
1296 1 1
1297 1 2
1298 1 2
1299 1 2
1300 2 0
1301 0 1
1302 0 1
1303 0 1
1304 2 0
1305 0 2
1306 0 1
1307 2 2
1308 0 1
1309 1 2
1310 4 7
1311 8 11
1312 1 0
1313 1 3
1314 0 1
1315 1 3
1316 2 0
1317 1 2
1318 4 4
1319 1 0
1320 0 1
1321 0 1
1322 0 1
1323 0 2
1324 0 1
1325 1 1
1326 3 0
1327 0 3
1328 0 1
1329 0 1
1330 0 1
1331 1 1
1332 0 3
1333 2 0
1334 1 4
1335 0 2
1336 0 1
1337 0 1
1338 0 1
1339 2 2
1340 1 0
1341 1 2
1342 0 1
1343 1 1
1344 1 1
1345 1 0
1346 1 2
1347 1 1
1348 1 0
1349 1 0
1350 0 1
1351 4 0
1352 1 0
1353 0 1
1354 2 2
1355 0 2
1356 1 1
1357 0 2
1358 0 1
1359 1 2
1360 0 2
1361 1 5
1362 1 1
1363 1 0
1364 0 1
1365 0 1
1366 0 1
1367 1 1
1368 0 1
1369 0 1
1370 1 2
1371 1 0
1372 4 0
1373 1 7
1374 0 1
1375 0 1
1376 0 2
1377 0 1
1378 6 0
1379 1 8
1380 1 1
1381 4 0
1382 1 5
1383 1 2
1384 1 2
1385 1 3
1386 0 1
1387 0 1
1388 1 0
1389 0 1
1390 1 2
1391 1 1
1392 2 2
1393 5 7
1394 2 3
1395 0 1
1396 0 1
1397 1 1
1398 0 1
1399 0 1
1400 1 2
1401 0 1
1402 0 1
1403 0 1
1404 0 1
1405 0 1
1406 0 1
1407 1 0
1408 0 2
1409 0 1
1410 3 3
1411 0 1
1412 13 0
1413 1 25
1414 4 0
1415 1 6
1416 0 1
1417 1 1
1418 8 0
1419 1 10
1420 1 2
1421 2 2
1422 0 1
1423 1 7
1424 0 1
1425 3 3
1426 0 1
1427 0 1
1428 0 1
1429 1 2
1430 1 1
1431 1 1
1432 0 1
1433 3 7
1434 1 2
1435 18 20
1436 0 1
1437 2 3
1438 2 2
1439 8 0
1440 1 9
1441 0 1
1442 0 1
1443 1 0
1444 0 1
1445 0 1
1446 0 1
1447 3 0
1448 1 3
1449 0 2
1450 0 1
1451 1 4
1452 1 0
1453 1 2
1454 0 1
1455 1 2
1456 2 0
1457 1 0
1458 0 1
1459 2 0
1460 1 4
1461 0 1
1462 1 0
1463 3 5
1464 1 2
1465 0 1
1466 1 0
1467 0 1
1468 2 4
1469 1 1
1470 0 1
1471 2 0
1472 1 4
1473 1 0
1474 0 1
1475 0 1
1476 0 1
1477 1 1
1478 4 6
1479 1 1
1480 0 1
1481 1 0
1482 0 2
1483 1 2
1484 1 1
1485 1 0
1486 0 1
1487 0 2
1488 5 0
1489 1 7
1490 1 0
1491 0 1
1492 1 1
1493 1 2
1494 2 2
1495 2 0
1496 0 1
1497 1 2
1498 2 0
1499 1 6
1500 0 1
1501 0 1
1502 0 1
1503 1 3
1504 71 0
1505 1 36
1506 0 1
1507 1 0
1508 0 1
1509 1 1
1510 1 0
1511 0 1
1512 4 0
1513 0 5
1514 0 1
1515 0 1
1516 1 0
1517 0 1
1518 1 1
1519 0 2
1520 1 0
1521 0 1
1522 0 1
1523 41 31
1524 1 2
1525 2 0
1526 1 3
1527 0 1
1528 0 1
1529 3 6
1530 2 0
1531 0 2
1532 1 1
1533 1 2
1534 2 0
1535 0 3
1536 1 4
1537 1 1
1538 3 0
1539 1 5
1540 12 0
1541 1 16
1542 1 1
1543 3 1
1544 0 1
1545 0 1
1546 2 0
1547 1 3
1548 1 0
1549 0 1
1550 0 1
1551 0 1
1552 1 1
1553 0 1
1554 0 1
1555 1 1
1556 1 0
1557 0 1
1558 1 1
1559 1 1
1560 0 1
1561 1 2
1562 0 1
1563 0 1
1564 4 0
1565 1 4
1566 1 0
1567 1 0
1568 1 3
1569 2 3
1570 2 0
1571 4 4
1572 1 0
1573 1 2
1574 0 1
1575 1 1
1576 1 2
1577 2 4
1578 0 1
1579 8 15
1580 0 1
1581 2 0
1582 1 4
1583 2 0
1584 0 1
1585 9 0
1586 1 6
1587 1 0
1588 0 1
1589 1 0
1590 2 0
1591 0 2
1592 1 1
1593 1 2
1594 1 4
1595 0 1
1596 4 0
1597 1 3
1598 1 1
1599 1 3
1600 0 1
1601 3 0
1602 1 4
1603 1 2
1604 1 0
1605 0 1
1606 0 1
1607 0 1
1608 0 1
1609 0 1
1610 1 0
1611 0 2
1612 1 0
1613 0 1
1614 0 1
1615 0 1
1616 0 1
1617 7 10
1618 2 3
1619 1 2
1620 6 10
1621 0 1
1622 0 1
1623 0 2
1624 1 2
1625 1 1
1626 2 4
1627 0 1
1628 0 1
1629 0 1
1630 1 3
1631 0 1
1632 1 1
1633 1 0
1634 0 1
1635 1 2
1636 1 0
1637 1 4
1638 1 2
1639 0 1
1640 1 2
1641 1 2
1642 1 2
1643 1 0
1644 1 4
1645 1 4
1646 0 1
1647 1 0
1648 1 2
1649 1 1
1650 1 0
1651 1 3
1652 1 1
1653 1 0
1654 1 1
1655 1 2
1656 0 1
1657 1 0
1658 0 1
1659 4 0
1660 1 9
1661 0 1
1662 1 0
1663 0 1
1664 13 0
1665 1 19
1666 2 3
1667 2 2
1668 3 0
1669 0 10
1670 1 2
1671 22 26
1672 0 1
1673 1 2
1674 1 0
1675 0 1
1676 2 2
1677 0 1
1678 1 0
1679 1 1
1680 1 0
1681 0 1
1682 1 1
1683 5 7
1684 1 2
1685 1 0
1686 1 3
1687 0 1
1688 0 2
1689 3 3
1690 0 1
1691 2 1
1692 2 3
1693 2 0
1694 0 1
1695 0 1
1696 0 1
1697 3 0
1698 7 6
1699 0 1
1700 0 1
1701 1 0
1702 0 1
1703 1 2
1704 0 1
1705 1 0
1706 0 2
1707 4 9
1708 2 2
1709 1 2
1710 0 1
1711 1 3
1712 0 1
1713 0 1
1714 2 0
1715 1 3
1716 5 4
1717 0 1
1718 0 1
1719 20 0
1720 1 34
1721 1 0
1722 0 1
1723 0 1
1724 0 1
1725 1 1
1726 4 0
1727 0 5
1728 1 4
1729 1 2
1730 0 1
1731 3 5
1732 1 3
1733 1 1
1734 1 0
1735 0 1
1736 1 0
1737 0 1
1738 1 3
1739 1 1
1740 1 0
1741 1 3
1742 0 1
1743 2 3
1744 0 1
1745 0 1
1746 1 2
1747 0 1
1748 2 1
1749 0 1
1750 0 1
1751 0 1
1752 1 3
1753 1 1
1754 0 1
1755 0 1
1756 0 1
1757 0 1
1758 0 1
1759 1 1
1760 1 1
1761 1 1
1762 0 1
1763 6 0
1764 1 8
1765 0 2
1766 37 0
1767 1 40
1768 1 1
1769 1 1
1770 0 1
1771 1 0
1772 1 2
1773 0 3
1774 1 0
1775 2 0
1776 1 5
1777 1 2
1778 0 1
1779 0 1
1780 0 1
1781 0 1
1782 1 2
1783 1 0
1784 1 2
1785 13 0
1786 1 16
1787 1 0
1788 0 1
1789 0 1
1790 0 1
1791 1 1
1792 1 0
1793 0 1
1794 2 2
1795 1 0
1796 1 4
1797 0 2
1798 0 2
1799 0 1
1800 1 0
1801 1 2
1802 0 1
1803 3 2
1804 0 2
1805 2 2
1806 1 3
1807 3 0
1808 0 4
1809 1 0
1810 1 3
1811 1 2
1812 1 2
1813 1 2
1814 1 2
1815 2 2
1816 2 1
1817 1 2
1818 0 1
1819 12 0
1820 1 16
1821 0 1
1822 0 1
1823 1 2
1824 0 1
1825 0 3
1826 0 1
1827 2 3
1828 0 1
1829 0 1
1830 0 1
1831 0 1
1832 2 2
1833 0 1
1834 0 2
1835 0 1
1836 1 1
1837 0 1
1838 1 1
1839 0 1
1840 1 0
1841 0 1
1842 1 2
1843 4 5
1844 0 1
1845 1 0
1846 0 1
1847 1 0
1848 0 1
1849 2 2
1850 1 0
1851 0 1
1852 0 1
1853 2 2
1854 1 0
1855 1 3
1856 1 3
1857 0 1
1858 0 1
1859 2 0
1860 1 3
1861 0 1
1862 0 1
1863 1 1
1864 22 18
1865 2 0
1866 1 1
1867 1 4
1868 1 0
1869 0 1
1870 0 1
1871 1 0
1872 0 2
1873 1 5
1874 13 0
1875 1 13
1876 1 0
1877 0 1
1878 2 2
1879 2 0
1880 0 2
1881 1 0
1882 1 2
1883 0 1
1884 0 1
1885 0 1
1886 1 1
1887 1 2
1888 1 2
1889 0 1
1890 1 3
1891 0 1
1892 8 8
1893 0 1
1894 0 1
1895 0 1
1896 1 0
1897 1 3
1898 1 0
1899 1 0
1900 0 1
1901 0 1
1902 12 17
1903 2 2
1904 1 0
1905 0 1
1906 0 1
1907 1 1
1908 1 2
1909 1 1
1910 1 1
1911 1 0
1912 0 1
1913 1 1
1914 1 0
1915 1 2
1916 2 2
1917 1 1
1918 0 1
1919 1 0
1920 1 0
1921 0 2
1922 2 1
1923 0 1
1924 0 5
1925 0 2
1926 0 1
1927 1 0
1928 0 3
1929 1 1
1930 1 2
1931 2 2
1932 1 1
1933 3 0
1934 1 6
1935 1 1
1936 1 6
1937 1 3
1938 0 1
1939 1 2
1940 1 0
1941 0 1
1942 2 0
1943 7 10
1944 1 1
1945 2 1
1946 1 1
1947 3 0
1948 7 0
1949 1 15
1950 0 1
1951 1 0
1952 0 1
1953 2 2
1954 1 4
1955 0 1
1956 0 1
1957 1 2
1958 1 2
1959 1 0
1960 2 0
1961 0 2
1962 1 0
1963 1 1
1964 0 1
1965 1 2
1966 0 1
1967 0 2
1968 2 2
1969 0 1
1970 2 0
1971 0 1
1972 1 1
1973 2 0
1974 0 2
1975 2 0
1976 1 2
1977 1 0
1978 1 3
1979 0 1
1980 1 1
1981 0 1
1982 4 4
1983 1 2
1984 0 1
1985 2 0
1986 3 3
1987 2 3
1988 15 0
1989 1 21
1990 0 1
1991 1 2
1992 1 1
1993 2 2
1994 0 1
1995 1 1
1996 1 0
1997 0 1
1998 0 1
1999 0 1
2000 0 1
2001 0 1
2002 0 1
2003 2 0
2004 0 2
2005 1 2
2006 22 20
2007 1 1
2008 0 1
2009 2 0
2010 0 1
2011 0 1
2012 1 4
2013 1 2
2014 56 38
2015 7 7
2016 1 1
2017 0 1
2018 1 0
2019 0 1
2020 1 1
2021 3 3
2022 1 0
2023 25 0
2024 1 11
2025 1 2
2026 1 4
2027 4 3
2028 1 0
2029 2 2
2030 5 6
2031 1 0
2032 1 2
2033 1 0
2034 1 2
2035 1 3
2036 2 1
2037 1 3
2038 7 8
2039 1 0
2040 1 2
2041 3 4
2042 0 1
2043 4 0
2044 139 0
2045 1 113
2046 387 107
2047 0 1
2048 2 2
2049 0 1
2050 1 1
2051 0 1
2052 1 0
2053 0 1
2054 4 6
2055 1 0
2056 0 1
2057 1 0
2058 0 1
2059 0 1
2060 1 0
2061 0 3
2062 1 3
2063 5 0
2064 1 10
2065 1 0
2066 11 0
2067 1 15
2068 4 0
2069 1 3
2070 2 5
2071 2 0
2072 0 2
2073 1 0
2074 0 1
2075 0 1
2076 2 2
2077 0 1
2078 1 0
2079 0 2
2080 1 4
2081 0 1
2082 2 3
2083 1 2
2084 0 1
2085 2 0
2086 0 1
2087 1 1
2088 2 0
2089 0 2
2090 1 1
2091 1 0
2092 1 2
2093 1 2
2094 0 1
2095 0 1
2096 0 1
2097 2 2
2098 0 1
2099 3 4
2100 1 0
2101 104 0
2102 1 72
2103 5 0
2104 1 10
2105 0 1
2106 2 6
2107 2 0
2108 0 2
2109 0 1
2110 2 0
2111 1 2
2112 2 1
2113 2 0
2114 1 0
2115 1 2
2116 1 1
2117 0 2
2118 1 1
2119 3 0
2120 1 5
2121 15 0
2122 1 20
2123 2 1
2124 0 2
2125 0 1
2126 2 2
2127 0 1
2128 1 0
2129 0 1
2130 1 0
2131 2 0
2132 1 3
2133 1 0
2134 0 1
2135 1 0
2136 0 2
2137 0 1
2138 0 1
2139 4 0
2140 1 4
2141 1 0
2142 0 1
2143 0 1
2144 1 2
2145 1 0
2146 0 1
2147 1 0
2148 0 1
2149 1 1
2150 0 1
2151 1 3
2152 4 0
2153 0 1
2154 0 1
2155 1 0
2156 2 1
2157 1 0
2158 0 1
2159 1 1
2160 0 2
2161 0 2
2162 0 1
2163 0 1
2164 1 0
2165 1 5
2166 1 0
2167 1 4
2168 0 1
2169 1 1
2170 1 0
2171 0 1
2172 1 2
2173 0 1
2174 7 0
2175 0 11
2176 3 0
2177 1 4
2178 1 1
2179 1 0
2180 0 1
2181 1 1
2182 5 7
2183 1 0
2184 0 2
2185 0 1
2186 0 1
2187 5 6
2188 1 0
2189 1 2
2190 2 2
2191 1 0
2192 1 0
2193 3 0
2194 1 7
2195 3 4
2196 8 0
2197 1 10
2198 1 0
2199 0 1
2200 4 0
2201 1 8
2202 2 4
2203 0 1
2204 16 20
2205 20 0
2206 1 21
2207 0 1
2208 1 0
2209 0 1
2210 2 2
2211 0 1
2212 0 1
2213 1 2
2214 21 16
2215 0 1
2216 1 0
2217 0 1
2218 1 1
2219 0 1
2220 1 0
2221 0 1
2222 7 10
2223 0 1
2224 1 2
2225 1 3
2226 1 0
2227 0 1
2228 0 1
2229 0 1
2230 1 2
2231 1 0
2232 1 2
2233 1 0
2234 0 1
2235 0 1
2236 0 1
2237 2 2
2238 1 1
2239 2 1
2240 0 1
2241 1 1
2242 3 5
2243 1 0
2244 0 1
2245 1 1
2246 1 2
2247 1 0
2248 1 4
2249 2 0
2250 1 5
2251 0 1
2252 1 1
2253 0 1
2254 0 1
2255 0 1
2256 15 19
2257 3 0
2258 1 4
2259 0 1
2260 1 0
2261 0 1
2262 1 0
2263 4 4
2264 0 1
2265 1 0
2266 0 1
2267 1 0
2268 0 2
2269 0 1
2270 1 1
2271 0 1
2272 0 1
2273 2 0
2274 0 2
2275 1 2
2276 0 1
2277 1 0
2278 0 3
2279 0 1
2280 0 1
2281 1 3
2282 1 1
2283 1 6
2284 1 2
2285 0 1
2286 0 1
2287 13 0
2288 1 15
2289 0 1
2290 0 1
2291 0 1
2292 0 1
2293 0 1
2294 3 3
2295 2 2
2296 1 1
2297 1 1
2298 3 0
2299 1 8
2300 2 2
2301 0 1
2302 1 2
2303 1 1
2304 1 0
2305 0 3
2306 4 0
2307 1 6
2308 2 1
2309 1 1
2310 1 0
2311 1 4
2312 3 5
2313 0 1
2314 1 1
2315 0 1
2316 2 1
2317 4 5
2318 1 1
2319 1 0
2320 0 1
2321 1 0
2322 0 1
2323 1 2
2324 3 0
2325 1 4
2326 1 2
2327 0 1
2328 1 1
2329 1 4
2330 0 1
2331 1 2
2332 0 1
2333 0 1
2334 0 1
2335 0 1
2336 0 1
2337 2 1
2338 0 1
2339 2 1
2340 0 2
2341 0 1
2342 2 2
2343 0 3
2344 1 0
2345 2 2
2346 0 1
2347 0 1
2348 1 2
2349 1 1
2350 0 1
2351 1 0
2352 0 1
2353 0 1
2354 1 0
2355 0 2
2356 0 1
2357 2 1
2358 1 0
2359 0 2
2360 0 1
2361 0 2
2362 0 1
2363 0 1
2364 4 0
2365 0 1
2366 0 2
2367 1 1
2368 17 0
2369 0 15
2370 1 1
2371 0 2
2372 1 2
2373 1 0
2374 0 1
2375 0 1
2376 1 2
2377 0 1
2378 0 1
2379 2 4
2380 1 0
2381 1 2
2382 1 0
2383 0 1
2384 1 0
2385 0 1
2386 1 0
2387 0 1
2388 6 0
2389 0 6
2390 1 0
2391 0 1
2392 1 0
2393 2 0
2394 1 3
2395 0 1
2396 1 2
2397 0 1
2398 1 0
2399 1 5
2400 1 1
2401 1 0
2402 0 1
2403 0 1
2404 4 4
2405 1 4
2406 0 2
2407 1 2
2408 0 1
2409 0 1
2410 0 2
2411 1 0
2412 0 1
2413 1 3
2414 1 1
2415 0 1
2416 1 0
2417 0 2
2418 0 1
2419 0 1
2420 0 1
2421 3 0
2422 1 5
2423 1 1
2424 0 1
2425 1 3
2426 0 1
2427 0 8
2428 0 1
2429 8 10
2430 2 0
2431 1 4
2432 0 1
2433 0 1
2434 0 1
2435 1 0
2436 1 3
2437 0 2
2438 1 0
2439 0 2
2440 2 0
2441 1 6
2442 1 1
2443 0 1
2444 1 2
2445 0 1
2446 3 1
2447 1 0
2448 0 1
2449 6 5
2450 2 0
2451 0 2
2452 1 0
2453 3 4
2454 1 2
2455 2 0
2456 1 3
2457 0 2
2458 1 0
2459 0 1
2460 0 1
2461 7 10
2462 3 0
2463 0 7
2464 2 0
2465 1 3
2466 1 2
2467 3 2
2468 4 5
2469 1 0
2470 1 3
2471 0 1
2472 0 1
2473 0 1
2474 1 3
2475 1 2
2476 1 2
2477 3 0
2478 0 2
2479 1 2
2480 0 1
2481 0 1
2482 1 0
2483 0 1
2484 0 1
2485 1 0
2486 0 1
2487 1 0
2488 1 2
2489 1 2
2490 1 1
2491 0 4
2492 3 0
2493 0 3
2494 1 2
2495 1 3
2496 1 1
2497 0 1
2498 0 1
2499 1 0
2500 0 2
2501 1 2
2502 0 1
2503 1 0
2504 0 1
2505 0 1
2506 0 1
2507 2 0
2508 0 1
2509 0 1
2510 3 4
2511 4 0
2512 1 5
2513 0 1
2514 3 4
2515 1 0
2516 0 4
2517 3 0
2518 1 4
2519 1 0
2520 1 2
2521 1 0
2522 1 4
2523 1 2
2524 0 2
2525 2 0
2526 0 1
2527 0 1
2528 1 0
2529 0 1
2530 1 3
2531 0 1
2532 1 0
2533 1 0
2534 0 2
2535 1 3
2536 1 0
2537 0 2
2538 5 6
2539 0 1
2540 0 1
2541 2 2
2542 1 0
2543 0 1
2544 0 1
2545 181 0
2546 1 63
2547 1 0
2548 0 1
2549 1 0
2550 1 2
2551 0 1
2552 0 1
2553 1 2
2554 0 1
2555 0 1
2556 0 1
2557 8 0
2558 1 2
2559 0 1
2560 1 2
2561 1 0
2562 1 4
2563 1 0
2564 0 1
2565 0 2
2566 0 1
2567 0 1
2568 2 3
2569 0 1
2570 1 1
2571 0 1
2572 1 1
2573 1 0
2574 0 1
2575 0 1
2576 1 0
2577 1 2
2578 2 2
2579 0 2
2580 1 2
2581 2 3
2582 0 1
2583 2 0
2584 0 1
2585 0 1
2586 1 0
2587 0 1
2588 1 1
2589 1 0
2590 0 1
2591 1 1
2592 0 1
2593 0 1
2594 4 0
2595 1 5
2596 1 1
2597 1 0
2598 1 2
2599 1 0
2600 0 1
2601 1 0
2602 0 2
2603 1 0
2604 1 3
2605 0 1
2606 1 3
2607 1 6
2608 0 1
2609 0 1
2610 0 1
2611 1 0
2612 1 2
2613 1 2
2614 1 0
2615 1 2
2616 1 0
2617 1 0
2618 0 2
2619 0 1
2620 1 3
2621 1 0
2622 1 0
2623 1 2
2624 0 1
2625 0 1
2626 1 5
2627 1 0
2628 1 2
2629 1 1
2630 0 1
2631 0 1
2632 0 1
2633 1 0
2634 0 1
2635 0 1
2636 1 0
2637 1 3
2638 1 0
2639 0 1
2640 3 0
2641 1 4
2642 1 2
2643 0 1
2644 0 1
2645 0 1
2646 1 5
2647 0 1
2648 1 0
2649 1 2
2650 1 1
2651 9 12
2652 1 0
2653 1 2
2654 3 5
2655 0 1
2656 0 1
2657 12 0
2658 1 18
2659 1 0
2660 1 2
2661 1 1
2662 1 0
2663 1 2
2664 6 0
2665 1 2
2666 0 1
2667 2 2
2668 2 0
2669 0 1
2670 0 1
2671 0 1
2672 0 1
2673 1 0
2674 1 2
2675 2 1
2676 4 1
2677 4 4
2678 0 1
2679 2 3
2680 1 3
2681 0 1
2682 1 0
2683 1 4
2684 0 1
2685 0 1
2686 1 2
2687 2 2
2688 1 2
2689 0 1
2690 2 1
2691 1 1
2692 7 0
2693 1 10
2694 5 0
2695 1 5
2696 1 0
2697 0 2
2698 1 2
2699 2 2
2700 0 1
2701 1 0
2702 0 1
2703 0 3
2704 1 1
2705 1 2
2706 1 0
2707 0 1
2708 1 3
2709 0 2
2710 10 12
2711 2 0
2712 1 4
2713 1 2
2714 3 3
2715 2 0
2716 1 3
2717 3 0
2718 1 5
2719 1 1
2720 12 0
2721 1 22
2722 1 1
2723 2 2
2724 0 1
2725 1 2
2726 0 2
2727 0 1
2728 0 1
2729 6 0
2730 1 10
2731 2 2
2732 0 1
2733 0 1
2734 0 2
2735 0 1
2736 0 1
2737 0 1
2738 1 0
2739 1 0
2740 0 1
2741 0 1
2742 1 1
2743 3 5
2744 1 2
2745 0 1
2746 0 1
2747 1 2
2748 0 1
2749 1 3
2750 34 0
2751 1 45
2752 1 1
2753 0 1
2754 2 0
2755 1 0
2756 0 2
2757 2 0
2758 0 2
2759 1 0
2760 0 1
2761 0 1
2762 1 2
2763 0 1
2764 0 1
2765 0 1
2766 1 5
2767 0 1
2768 2 0
2769 0 3
2770 1 2
2771 2 0
2772 0 1
2773 1 2
2774 1 1
2775 1 4
2776 0 1
2777 1 0
2778 0 1
2779 0 1
2780 0 1
2781 2 0
2782 0 1
2783 2 0
2784 0 1
2785 2 0
2786 1 3
2787 0 1
2788 1 0
2789 0 2
2790 1 0
2791 0 1
2792 1 2
2793 1 0
2794 0 1
2795 1 0
2796 0 1
2797 3 3
2798 0 1
2799 0 1
2800 1 0
2801 0 1
2802 0 1
2803 0 1
2804 1 1
2805 4 0
2806 0 7
2807 0 1
2808 1 0
2809 5 5
2810 4 0
2811 0 6
2812 5 0
2813 1 7
2814 1 2
2815 0 1
2816 1 3
2817 0 1
2818 2 3
2819 0 1
2820 1 0
2821 1 4
2822 0 1
2823 0 1
2824 1 0
2825 0 1
2826 1 1
2827 0 1
2828 1 0
2829 0 1
2830 1 2
2831 0 1
2832 0 1
2833 1 0
2834 1 3
2835 1 2
2836 1 1
2837 1 0
2838 0 1
2839 1 0
2840 0 1
2841 0 1
2842 1 1
2843 1 0
2844 1 3
2845 3 5
2846 0 1
2847 1 0
2848 0 1
2849 1 0
2850 1 2
2851 1 6
2852 84 0
2853 1 113
2854 1 1
2855 3 0
2856 0 4
2857 1 0
2858 0 2
2859 1 2
2860 1 2
2861 0 1
2862 1 0
2863 0 2
2864 0 1
2865 1 0
2866 2 2
2867 0 1
2868 0 3
2869 1 0
2870 0 1
2871 3 0
2872 1 6
2873 1 1
2874 1 0
2875 0 4
2876 3 0
2877 1 0
2878 0 1
2879 1 0
2880 0 1
2881 0 2
2882 2 0
2883 0 1
2884 0 2
2885 1 0
2886 0 1
2887 11 0
2888 0 14
2889 1 1
2890 1 5
2891 0 1
2892 0 1
2893 0 1
2894 1 0
2895 0 1
2896 1 0
2897 4 0
2898 1 5
2899 1 0
2900 0 2
2901 2 2
2902 1 1
2903 0 1
2904 2 3
2905 0 1
2906 0 1
2907 0 1
2908 0 1
2909 0 1
2910 0 1
2911 0 1
2912 1 0
2913 0 2
2914 0 2
2915 0 1
2916 0 1
2917 1 0
2918 0 1
2919 1 2
2920 0 1
2921 1 1
2922 5 0
2923 1 1
2924 2 2
2925 1 0
2926 3 0
2927 1 5
2928 0 1
2929 1 3
2930 1 0
2931 0 1
2932 1 0
2933 1 2
2934 0 1
2935 0 1
2936 1 2
2937 0 1
2938 0 1
2939 3 0
2940 0 1
2941 0 1
2942 1 0
2943 0 1
2944 0 1
2945 0 1
2946 3 0
2947 1 5
2948 1 2
2949 0 1
2950 1 3
2951 1 0
2952 0 1
2953 1 0
2954 0 1
2955 0 1
2956 0 1
2957 17 14
2958 1 0
2959 0 1
2960 1 0
2961 0 1
2962 0 1
2963 1 2
2964 2 3
2965 0 1
2966 1 1
2967 1 3
2968 1 3
2969 3 0
2970 1 3
2971 9 0
2972 1 8
2973 1 1
2974 2 2
2975 1 1
2976 0 1
2977 0 1
2978 1 0
2979 0 1
2980 0 1
2981 2 0
2982 1 7
2983 0 1
2984 1 0
2985 0 1
2986 0 1
2987 0 1
2988 1 1
2989 0 2
2990 1 2
2991 2 3
2992 0 1
2993 1 0
2994 0 1
2995 2 2
2996 14 15
2997 1 0
2998 1 7
2999 1 2
3000 1 0
3001 0 1
3002 0 1
3003 1 1
3004 2 0
3005 0 1
3006 2 2
3007 1 0
3008 3 3
3009 0 1
3010 0 1
3011 1 0
3012 0 1
3013 1 0
3014 0 1
3015 0 1
3016 0 1
3017 1 0
3018 0 1
3019 1 0
3020 3 5
3021 0 1
3022 1 0
3023 1 0
3024 0 1
3025 1 0
3026 1 2
3027 0 1
3028 0 1
3029 0 1
3030 4 0
3031 0 5
3032 0 1
3033 1 2
3034 1 1
3035 1 2
3036 1 0
3037 0 1
3038 0 2
3039 1 1
3040 1 0
3041 0 1
3042 1 0
3043 1 3
3044 1 0
3045 0 1
3046 1 0
3047 0 1
3048 1 0
3049 0 1
3050 1 2
3051 3 0
3052 0 4
3053 1 0
3054 0 1
3055 1 1
3056 0 2
3057 1 0
3058 1 2
3059 0 1
3060 1 0
3061 1 0
3062 1 0
3063 0 1
3064 1 0
3065 1 0
3066 0 1
3067 0 1
3068 0 1
3069 2 0
3070 0 2
3071 1 0
3072 0 2
3073 1 0
3074 1 0
3075 0 1
3076 1 0
3077 1 0
3078 0 1
3079 0 1
3080 1 1
3081 396 0
3082 1 217
3083 1 0
3084 0 1
3085 1 4
3086 0 1
3087 0 1
3088 1 4
3089 0 1
3090 0 1
3091 3 4
3092 1 2
3093 1 1
3094 0 1
3095 1 0
3096 0 2
3097 1 0
3098 0 1
3099 0 1
3100 1 1
3101 1 3
3102 0 1
3103 0 4
3104 6 0
3105 1 2
3106 0 1
3107 1 0
3108 1 2
3109 0 3
3110 1 0
3111 0 1
3112 0 1
3113 0 1
3114 0 1
3115 1 0
3116 0 1
3117 1 0
3118 0 1
3119 1 0
3120 1 0
3121 0 1
3122 0 1
3123 0 2
3124 0 1
3125 16 0
3126 1 10
3127 0 1
3128 2 0
3129 1 3
3130 0 1
3131 0 1
3132 0 1
3133 0 1
3134 1 0
3135 0 1
3136 0 1
3137 0 1
3138 0 1
3139 1 4
3140 2 0
3141 1 2
3142 1 0
3143 0 1
3144 4 0
3145 0 1
3146 1 0
3147 0 1
3148 1 0
3149 1 4
3150 1 1
3151 2 0
3152 0 3
3153 0 1
3154 0 1
3155 0 1
3156 1 6
3157 1 1
3158 4 6
3159 1 0
3160 0 1
3161 2 1
3162 1 2
3163 0 1
3164 1 0
3165 0 1
3166 0 1
3167 1 2
3168 1 0
3169 0 1
3170 0 2
3171 2 2
3172 1 0
3173 0 1
3174 2 0
3175 0 3
3176 0 1
3177 0 1
3178 5 0
3179 1 8
3180 2 0
3181 1 4
3182 1 0
3183 0 1
3184 4 0
3185 0 3
3186 0 1
3187 0 1
3188 1 0
3189 1 3
3190 1 2
3191 0 1
3192 1 0
3193 0 1
3194 0 1
3195 1 0
3196 0 1
3197 1 2
3198 2 0
3199 0 2
3200 1 2
3201 1 1
3202 0 1
3203 1 0
3204 1 2
3205 5 10
3206 0 1
3207 0 2
3208 1 5
3209 1 0
3210 0 1
3211 0 2
3212 1 0
3213 0 1
3214 0 1
3215 2 4
3216 1 0
3217 0 1
3218 0 1
3219 0 1
3220 3 0
3221 0 4
3222 1 2
3223 0 1
3224 0 1
3225 0 2
3226 1 0
3227 1 3
3228 0 1
3229 2 3
3230 1 2
3231 1 0
3232 0 1
3233 2 0
3234 0 1
3235 2 2
3236 1 2
3237 1 0
3238 0 1
3239 1 2
3240 1 2
3241 1 2
3242 3 0
3243 0 2
3244 1 1
3245 1 3
3246 0 1
3247 3 0
3248 1 5
3249 1 0
3250 0 1
3251 1 1
3252 8 12
3253 1 0
3254 2 0
3255 0 4
3256 0 1
3257 1 0
3258 1 2
3259 1 0
3260 1 2
3261 1 0
3262 0 1
3263 0 1
3264 1 0
3265 1 3
3266 1 0
3267 1 3
3268 0 1
3269 0 1
3270 1 0
3271 0 1
3272 1 0
3273 0 2
3274 0 1
3275 3 0
3276 0 2
3277 0 1
3278 1 3
3279 1 0
3280 0 1
3281 2 0
3282 1 5
3283 1 0
3284 1 3
3285 1 0
3286 0 1
3287 1 3
3288 0 1
3289 1 0
3290 1 2
3291 1 0
3292 1 3
3293 0 1
3294 1 0
3295 0 1
3296 1 0
3297 2 0
3298 1 4
3299 1 0
3300 0 1
3301 0 1
3302 1 2
3303 1 0
3304 1 2
3305 21 0
3306 1 24
3307 1 0
3308 0 1
3309 1 2
3310 0 1
3311 55 0
3312 1 61
3313 1 3
3314 1 0
3315 1 2
3316 0 1
3317 0 1
3318 4 0
3319 1 2
3320 1 0
3321 0 1
3322 1 0
3323 0 3
3324 2 2
3325 1 0
3326 0 1
3327 2 2
3328 1 5
3329 19 0
3330 1 6
3331 0 1
3332 1 0
3333 1 2
3334 1 2
3335 17 19
3336 2 0
3337 0 4
3338 0 3
3339 2 0
3340 0 2
3341 2 0
3342 0 2
3343 0 5
3344 4 0
3345 0 1
3346 1 0
3347 0 1
3348 2 0
3349 1 5
3350 0 2
3351 0 2
3352 0 1
3353 2 3
3354 7 0
3355 0 4
3356 1 0
3357 1 0
3358 0 2
3359 2 0
3360 1 3
3361 2 6
3362 0 1
3363 0 1
3364 4 4
3365 1 2
3366 0 1
3367 0 7
3368 1 0
3369 12 0
3370 1 12
3371 0 1
3372 2 2
3373 0 1
3374 1 0
3375 1 2
3376 0 1
3377 9 0
3378 1 10
3379 1 2
3380 0 2
3381 0 1
3382 1 2
3383 3 2
3384 1 0
3385 0 1
3386 0 1
3387 0 1
3388 0 1
3389 2 0
3390 0 2
3391 1 2
3392 0 1
3393 2 2
3394 5 0
3395 1 11
3396 2 0
3397 0 2
3398 0 1
3399 1 0
3400 0 1
3401 3 4
3402 2 0
3403 1 6
3404 1 0
3405 1 2
3406 0 2
3407 1 1
3408 0 1
3409 2 0
3410 0 2
3411 1 0
3412 0 1
3413 0 2
3414 4 0
3415 4 0
3416 1 0
3417 1 2
3418 0 1
3419 0 1
3420 0 1
3421 0 1
3422 0 1
3423 2 4
3424 0 1
3425 0 1
3426 1 0
3427 0 1
3428 1 0
3429 0 1
3430 1 1
3431 1 0
3432 0 1
3433 1 0
3434 0 1
3435 0 1
3436 4 0
3437 1 0
3438 1 0
3439 0 2
3440 1 3
3441 1 0
3442 1 4
3443 0 1
3444 0 2
3445 0 1
3446 1 3
3447 2 2
3448 0 1
3449 1 0
3450 0 1
3451 0 1
3452 4 0
3453 0 3
3454 8 9
3455 2 0
3456 1 2
3457 0 1
3458 2 0
3459 1 0
3460 1 0
3461 0 1
3462 1 2
3463 1 0
3464 0 1
3465 1 0
3466 0 1
3467 1 2
3468 2 0
3469 1 2
3470 1 0
3471 1 2
3472 2 0
3473 1 3
3474 0 3
3475 1 0
3476 0 1
3477 1 0
3478 0 1
3479 0 5
3480 174 68
3481 0 2
3482 0 1
3483 5 0
3484 0 9
3485 2 0
3486 0 1
3487 0 2
3488 1 0
3489 1 4
3490 1 1
3491 1 0
3492 1 5
3493 3 0
3494 0 2
3495 0 1
3496 2 1
3497 0 2
3498 3 0
3499 1 4
3500 1 0
3501 0 1
3502 1 1
3503 1 1
3504 0 1
3505 0 1
3506 1 0
3507 0 1
3508 0 1
3509 1 0
3510 0 1
3511 8 13
3512 2 3
3513 1 0
3514 0 1
3515 1 3
3516 0 1
3517 1 0
3518 1 3
3519 0 1
3520 1 2
3521 1 0
3522 0 1
3523 0 1
3524 1 0
3525 1 2
3526 2 0
3527 1 4
3528 0 1
3529 1 2
3530 0 1
3531 0 1
3532 1 0
3533 0 1
3534 12 0
3535 1 22
3536 0 1
3537 3 0
3538 1 6
3539 4 0
3540 1 8
3541 1 0
3542 1 2
3543 0 1
3544 1 1
3545 1 0
3546 0 1
3547 1 0
3548 1 2
3549 1 0
3550 5 0
3551 1 9
3552 1 0
3553 1 3
3554 0 2
3555 1 0
3556 1 2
3557 1 0
3558 0 2
3559 0 2
3560 1 2
3561 0 3
3562 1 1
3563 0 1
3564 1 2
3565 0 1
3566 0 1
3567 0 1
3568 0 1
3569 0 1
3570 1 2
3571 1 0
3572 0 1
3573 3 5
3574 0 1
3575 1 0
3576 0 1
3577 13 0
3578 0 1
3579 0 1
3580 4 8
3581 0 1
3582 0 1
3583 1 1
3584 22 22
3585 0 1
3586 0 1
3587 1 3
3588 1 0
3589 0 1
3590 1 0
3591 1 3
3592 2 0
3593 0 1
3594 0 1
3595 0 1
3596 0 1
3597 0 1
3598 1 1
3599 2 2
3600 1 0
3601 1 2
3602 2 2
3603 0 1
3604 4 6
3605 1 0
3606 0 1
3607 2 0
3608 0 4
3609 1 0
3610 1 5
3611 1 2
3612 0 1
3613 0 1
3614 2 0
3615 0 3
3616 0 2
3617 0 1
3618 1 0
3619 0 2
3620 1 2
3621 0 1
3622 0 1
3623 2 0
3624 1 3
3625 0 1
3626 1 0
3627 0 1
3628 1 1
3629 1 3
3630 0 2
3631 0 1
3632 0 1
3633 10 0
3634 1 15
3635 0 1
3636 1 2
3637 0 1
3638 1 0
3639 1 3
3640 0 1
3641 0 1
3642 1 2
3643 1 0
3644 0 1
3645 2 0
3646 1 2
3647 1 0
3648 0 1
3649 0 1
3650 1 0
3651 0 1
3652 2 0
3653 0 1
3654 3 0
3655 1 3
3656 0 1
3657 0 1
3658 0 1
3659 1 0
3660 0 1
3661 0 1
3662 2 0
3663 0 2
3664 1 0
3665 1 2
3666 4 0
3667 1 8
3668 0 1
3669 3 1
3670 1 0
3671 0 1
3672 1 2
3673 1 0
3674 1 7
3675 2 2
3676 0 1
3677 1 0
3678 0 1
3679 2 0
3680 0 2
3681 1 2
3682 1 0
3683 0 1
3684 0 1
3685 0 1
3686 0 1
3687 0 1
3688 1 0
3689 0 2
3690 0 1
3691 1 0
3692 1 2
3693 0 1
3694 1 0
3695 0 3
3696 1 0
3697 0 1
3698 0 1
3699 1 3
3700 0 1
3701 0 1
3702 1 2
3703 1 0
3704 0 1
3705 0 1
3706 1 2
3707 0 1
3708 0 2
3709 0 1
3710 1 0
3711 0 1
3712 1 0
3713 0 1
3714 1 0
3715 1 2
3716 8 0
3717 1 9
3718 1 0
3719 1 3
3720 0 1
3721 0 1
3722 1 0
3723 0 2
3724 5 8
3725 1 7
3726 2 0
3727 0 2
3728 4 0
3729 0 4
3730 1 2
3731 0 1
3732 0 1
3733 1 0
3734 0 1
3735 1 1
3736 0 1
3737 0 1
3738 1 2
3739 1 2
3740 0 1
3741 1 0
3742 0 1
3743 1 2
3744 1 0
3745 0 1
3746 0 2
3747 4 0
3748 0 1
3749 0 1
3750 0 1
3751 1 0
3752 1 2
3753 1 1
3754 1 0
3755 1 1
3756 0 1
3757 1 2
3758 0 1
3759 0 1
3760 1 1
3761 1 0
3762 0 1
3763 0 1
3764 0 1
3765 1 2
3766 2 0
3767 0 2
3768 1 0
3769 0 3
3770 20 0
3771 1 29
3772 0 1
3773 1 0
3774 1 0
3775 0 5
3776 1 2
3777 8 0
3778 1 13
3779 0 1
3780 10 0
3781 0 8
3782 4 0
3783 1 10
3784 1 2
3785 1 2
3786 8 11
3787 0 1
3788 1 0
3789 0 1
3790 1 2
3791 2 5
3792 1 0
3793 0 1
3794 1 0
3795 1 2
3796 2 0
3797 0 1
3798 0 1
3799 1 0
3800 0 1
3801 1 3
3802 1 0
3803 0 1
3804 1 0
3805 0 2
3806 0 1
3807 1 2
3808 4 0
3809 0 4
3810 1 0
3811 1 2
3812 1 0
3813 0 1
3814 0 1
3815 1 2
3816 1 0
3817 0 1
3818 1 0
3819 0 1
3820 0 1
3821 1 0
3822 0 1
3823 1 0
3824 2 4
3825 0 1
3826 0 1
3827 0 1
3828 0 1
3829 2 0
3830 1 4
3831 1 0
3832 0 1
3833 0 1
3834 1 0
3835 0 1
3836 1 2
3837 4 4
3838 0 1
3839 11 0
3840 1 18
3841 1 5
3842 0 1
3843 0 1
3844 2 0
3845 3 0
3846 3 4
3847 1 0
3848 0 1
3849 1 0
3850 1 2
3851 1 5
3852 0 1
3853 0 1
3854 1 2
3855 1 1
3856 2 0
3857 0 2
3858 1 0
3859 0 1
3860 0 2
3861 1 1
3862 0 1
3863 1 0
3864 0 1
3865 0 1
3866 1 0
3867 0 1
3868 2 0
3869 1 3
3870 1 0
3871 0 2
3872 0 2
3873 0 1
3874 1 1
3875 1 1
3876 1 0
3877 1 3
3878 1 1
3879 8 8
3880 1 0
3881 0 1
3882 0 1
3883 0 1
3884 0 1
3885 1 0
3886 0 1
3887 5 0
3888 0 8
3889 0 1
3890 1 0
3891 0 1
3892 0 1
3893 1 0
3894 0 1
3895 7 0
3896 1 8
3897 1 1
3898 2 0
3899 1 4
3900 2 0
3901 1 3
3902 1 0
3903 0 2
3904 1 1
3905 0 1
3906 0 1
3907 1 1
3908 1 0
3909 0 1
3910 0 1
3911 0 1
3912 1 0
3913 1 2
3914 0 2
3915 0 1
3916 0 3
3917 1 1
3918 1 0
3919 1 5
3920 0 1
3921 1 3
3922 0 1
3923 0 1
3924 0 1
3925 0 1
3926 1 0
3927 10 15
3928 4 4
3929 0 2
3930 0 1
3931 2 0
3932 0 3
3933 0 3
3934 1 0
3935 0 1
3936 5 0
3937 1 7
3938 6 10
3939 4 0
3940 0 3
3941 0 1
3942 1 1
3943 3 3
3944 1 0
3945 1 4
3946 0 1
3947 0 2
3948 1 0
3949 0 1
3950 0 1
3951 2 0
3952 1 6
3953 1 2
3954 0 1
3955 2 0
3956 1 4
3957 1 2
3958 2 5
3959 0 1
3960 1 0
3961 0 1
3962 1 0
3963 0 1
3964 0 1
3965 0 1
3966 0 1
3967 1 0
3968 0 1
3969 3 6
3970 0 1
3971 0 1
3972 1 1
3973 3 6
3974 1 2
3975 0 1
3976 0 2
3977 0 1
3978 0 1
3979 0 1
3980 1 4
3981 0 1
3982 1 0
3983 0 2
3984 1 0
3985 0 1
3986 0 1
3987 159 0
3988 1 58
3989 0 2
3990 4 0
3991 1 2
3992 0 1
3993 4 0
3994 1 8
3995 2 0
3996 1 0
3997 1 2
3998 1 2
3999 0 1
4000 0 4
4001 56 0
4002 1 23
4003 1 1
4004 1 1
4005 1 0
4006 0 2
4007 1 2
4008 0 1
4009 1 0
4010 0 1
4011 11 19
4012 4 0
4013 1 7
4014 0 1
4015 0 1
4016 1 1
4017 1 0
4018 0 1
4019 0 1
4020 0 1
4021 0 1
4022 4 0
4023 1 8
4024 0 1
4025 0 1
4026 1 1
4027 1 2
4028 1 0
4029 2 2
4030 0 1
4031 1 3
4032 1 2
4033 0 1
4034 0 1
4035 1 2
4036 0 1
4037 2 0
4038 0 3
4039 1 2
4040 1 0
4041 1 2
4042 2 0
4043 0 1
4044 2 2
4045 0 1
4046 0 1
4047 11 7
4048 1 0
4049 1 8
4050 2 0
4051 0 3
4052 1 0
4053 0 2
4054 1 0
4055 0 1
4056 1 0
4057 1 3
4058 1 0
4059 0 2
4060 2 6
4061 0 3
4062 0 1
4063 1 1
4064 1 0
4065 1 0
4066 1 0
4067 1 2
4068 1 1
4069 1 0
4070 1 2
4071 5 0
4072 1 6
4073 0 1
4074 0 1
4075 0 1
4076 1 3
4077 1 0
4078 0 1
4079 1 0
4080 0 1
4081 7 0
4082 1 0
4083 0 1
4084 0 1
4085 0 1
4086 0 2
4087 0 1
4088 0 1
4089 0 1
4090 0 1
4091 0 1
4092 0 1
4093 3 4
4094 2 2
4095 0 1
4096 2 1
4097 0 1
4098 1 0
4099 1 4
4100 1 0
4101 0 1
4102 27 0
4103 1 23
4104 3 0
4105 1 11
4106 1 0
4107 1 2
4108 1 0
4109 0 1
4110 0 1
4111 1 0
4112 0 1
4113 1 0
4114 1 0
4115 1 3
4116 1 4
4117 1 0
4118 1 0
4119 1 2
4120 355 0
4121 1 224
4122 0 3
4123 0 1
4124 1 0
4125 0 3
4126 1 0
4127 0 1
4128 1 0
4129 0 1
4130 1 0
4131 1 3
4132 0 1
4133 3 0
4134 0 3
4135 1 0
4136 1 3
4137 1 0
4138 1 2
4139 1 3
4140 0 1
4141 0 1
4142 1 0
4143 0 1
4144 1 0
4145 0 1
4146 0 1
4147 1 0
4148 0 1
4149 1 0
4150 0 1
4151 0 1
4152 0 1
4153 4 0
4154 1 6
4155 0 2
4156 2 0
4157 0 2
4158 0 1
4159 1 0
4160 0 1
4161 0 1
4162 2 0
4163 1 3
4164 0 1
4165 1 0
4166 0 1
4167 0 1
4168 2 0
4169 0 1
4170 0 1
4171 3 5
4172 0 1
4173 1 0
4174 0 1
4175 0 1
4176 0 1
4177 2 0
4178 0 3
4179 1 0
4180 0 1
4181 0 1
4182 1 0
4183 1 1
4184 0 1
4185 0 1
4186 1 0
4187 1 2
4188 1 0
4189 1 2
4190 0 1
4191 0 1
4192 1 0
4193 0 2
4194 1 3
4195 2 0
4196 1 5
4197 1 0
4198 0 1
4199 0 1
4200 1 1
4201 1 0
4202 1 2
4203 1 1
4204 7 0
4205 0 8
4206 0 1
4207 1 3
4208 1 2
4209 2 0
4210 0 3
4211 1 0
4212 0 2
4213 1 2
4214 2 0
4215 1 1
4216 1 0
4217 0 2
4218 1 0
4219 0 1
4220 1 2
4221 2 0
4222 1 6
4223 0 1
4224 1 0
4225 0 1
4226 7 0
4227 1 0
4228 0 1
4229 1 2
4230 0 1
4231 1 1
4232 1 0
4233 0 1
4234 1 2
4235 1 2
4236 0 1
4237 1 0
4238 0 2
4239 1 0
4240 1 2
4241 1 0
4242 0 1
4243 1 0
4244 0 2
4245 0 1
4246 0 2
4247 1 0
4248 0 1
4249 1 0
4250 0 1
4251 1 1
4252 0 1
4253 1 0
4254 1 2
4255 0 1
4256 0 1
4257 1 2
4258 0 1
4259 1 2
4260 2 0
4261 1 4
4262 0 1
4263 0 1
4264 10 0
4265 1 12
4266 0 1
4267 0 1
4268 0 1
4269 0 1
4270 3 0
4271 1 7
4272 0 1
4273 1 0
4274 0 1
4275 0 1
4276 0 1
4277 0 3
4278 0 1
4279 0 1
4280 1 0
4281 0 1
4282 0 1
4283 1 3
4284 1 0
4285 1 0
4286 0 1
4287 1 0
4288 0 1
4289 2 0
4290 1 4
4291 2 0
4292 1 7
4293 1 0
4294 0 1
4295 1 2
4296 8 14
4297 1 0
4298 0 1
4299 3 0
4300 1 3
4301 1 2
4302 0 1
4303 1 0
4304 0 2
4305 1 0
4306 1 2
4307 0 1
4308 1 2
4309 1 0
4310 0 1
4311 1 0
4312 6 0
4313 1 10
4314 0 1
4315 2 0
4316 1 4
4317 0 1
4318 1 2
4319 0 1
4320 1 2
4321 1 0
4322 1 0
4323 0 1
4324 0 1
4325 0 1
4326 1 0
4327 0 1
4328 1 0
4329 0 3
4330 1 0
4331 8 0
4332 1 13
4333 0 1
4334 1 3
4335 0 1
4336 1 0
4337 0 2
4338 1 2
4339 16 20
4340 0 2
4341 0 1
4342 1 0
4343 1 0
4344 0 3
4345 1 3
4346 1 2
4347 0 1
4348 1 2
4349 0 1
4350 2 2
4351 3 2
4352 3 0
4353 0 2
4354 0 1
4355 2 0
4356 0 4
4357 0 1
4358 3 0
4359 0 4
4360 6 7
4361 0 1
4362 0 1
4363 2 0
4364 0 2
4365 0 2
4366 0 1
4367 1 0
4368 0 1
4369 1 0
4370 1 3
4371 0 1
4372 0 1
4373 1 3
4374 0 1
4375 0 1
4376 1 2
4377 4 0
4378 1 6
4379 0 1
4380 1 0
4381 0 1
4382 0 1
4383 1 0
4384 0 1
4385 9 11
4386 0 1
4387 0 1
4388 1 0
4389 0 1
4390 0 1
4391 0 1
4392 0 2
4393 1 2
4394 0 2
4395 2 0
4396 1 4
4397 0 1
4398 1 4
4399 1 0
4400 0 1
4401 0 2
4402 1 4
4403 1 3
4404 1 3
4405 0 1
4406 0 1
4407 2 0
4408 1 3
4409 1 0
4410 1 3
4411 1 0
4412 0 1
4413 1 0
4414 1 2
4415 2 0
4416 1 3
4417 1 0
4418 1 4
4419 0 1
4420 0 1
4421 0 2
4422 1 0
4423 0 1
4424 1 0
4425 1 3
4426 0 1
4427 0 9
4428 0 1
4429 3 0
4430 0 4
4431 14 0
4432 1 17
4433 0 1
4434 1 4
4435 1 0
4436 0 1
4437 1 0
4438 0 1
4439 2 0
4440 1 0
4441 0 1
4442 0 1
4443 2 0
4444 0 2
4445 2 0
4446 0 1
4447 0 1
4448 1 2
4449 0 1
4450 1 0
4451 1 2
4452 1 0
4453 1 5
4454 0 1
4455 0 4
4456 1 2
4457 0 1
4458 0 1
4459 0 1
4460 1 3
4461 1 3
4462 1 0
4463 0 1
4464 1 2
4465 97 0
4466 1 102
4467 0 1
4468 1 0
4469 0 2
4470 1 2
4471 1 0
4472 1 0
4473 1 2
4474 1 2
4475 3 2
4476 0 1
4477 7 0
4478 1 12
4479 1 3
4480 0 1
4481 1 2
4482 0 1
4483 337 0
4484 1 217
4485 0 1
4486 1 0
4487 0 3
4488 0 2
4489 3 5
4490 3 0
4491 1 6
4492 1 1
4493 1 4
4494 0 1
4495 1 2
4496 0 1
4497 0 1
4498 1 0
4499 0 1
4500 1 2
4501 0 1
4502 2 0
4503 0 2
4504 0 1
4505 0 1
4506 0 1
4507 0 1
4508 0 1
4509 1 0
4510 1 2
4511 1 6
4512 1 0
4513 0 1
4514 0 1
4515 0 1
4516 2 2
4517 1 3
4518 0 1
4519 2 0
4520 0 2
4521 1 0
4522 1 3
4523 6 0
4524 1 7
4525 0 1
4526 0 1
4527 1 0
4528 0 1
4529 0 1
4530 0 1
4531 1 0
4532 1 0
4533 0 2
4534 4 3
4535 2 0
4536 0 3
4537 1 3
4538 1 0
4539 1 2
4540 0 1
4541 1 2
4542 1 2
4543 1 0
4544 0 1
4545 1 0
4546 0 1
4547 1 3
4548 1 0
4549 1 3
4550 0 1
4551 0 1
4552 2 0
4553 0 2
4554 0 1
4555 0 1
4556 2 0
4557 1 3
4558 0 1
4559 1 0
4560 1 0
4561 0 1
4562 1 0
4563 5 0
4564 0 7
4565 0 1
4566 0 1
4567 2 2
4568 14 0
4569 1 23
4570 0 1
4571 1 0
4572 2 0
4573 0 2
4574 1 0
4575 0 2
4576 0 1
4577 0 1
4578 1 0
4579 1 6
4580 0 1
4581 7 0
4582 1 12
4583 1 0
4584 1 4
4585 0 1
4586 0 1
4587 0 1
4588 1 1
4589 1 2
4590 0 1
4591 2 0
4592 0 1
4593 1 0
4594 0 1
4595 1 0
4596 0 2
4597 2 0
4598 1 4
4599 0 1
4600 2 0
4601 0 3
4602 3 0
4603 1 6
4604 2 0
4605 1 4
4606 2 0
4607 0 2
4608 0 1
4609 0 1
4610 0 1
4611 0 1
4612 0 1
4613 4 4
4614 0 1
4615 5 0
4616 1 7
4617 1 0
4618 4 0
4619 2 0
4620 1 3
4621 219 0
4622 1 182
4623 6 0
4624 1 14
4625 1 2
4626 1 0
4627 1 3
4628 1 7
4629 1 0
4630 0 1
4631 1 0
4632 1 4
4633 4 0
4634 1 7
4635 1 0
4636 0 1
4637 0 1
4638 10 0
4639 1 11
4640 0 1
4641 1 3
4642 1 0
4643 1 3
4644 1 1
4645 6 0
4646 0 9
4647 0 1
4648 0 4
4649 1 0
4650 0 1
4651 0 1
4652 1 2
4653 0 1
4654 1 1
4655 3 0
4656 0 2
4657 2 0
4658 0 2
4659 2 0
4660 0 1
4661 0 1
4662 0 1
4663 1 0
4664 0 1
4665 0 1
4666 6 0
4667 1 9
4668 1 0
4669 0 1
4670 4 0
4671 1 0
4672 0 1
4673 1 0
4674 2 0
4675 1 5
4676 0 1
4677 0 2
4678 1 0
4679 1 2
4680 1 0
4681 1 0
4682 0 1
4683 41 0
4684 1 13
4685 0 2
4686 1 2
4687 1 1
4688 17 0
4689 1 12
4690 1 3
4691 0 1
4692 0 1
4693 0 1
4694 0 1
4695 1 2
4696 1 0
4697 0 1
4698 0 1
4699 0 1
4700 1 0
4701 0 1
4702 0 1
4703 1 2
4704 1 0
4705 0 4
4706 1 0
4707 6 0
4708 1 11
4709 1 0
4710 0 5
4711 0 2
4712 1 0
4713 0 1
4714 1 3
4715 0 1
4716 1 0
4717 0 4
4718 239 0
4719 1 168
4720 1 2
4721 3 3
4722 2 0
4723 0 1
4724 1 0
4725 1 3
4726 4 0
4727 1 9
4728 0 2
4729 2 0
4730 1 5
4731 541 0
4732 1 151
4733 10 0
4734 1 17
4735 1 2
4736 1 2
4737 1 0
4738 0 2
4739 1 4
4740 1 0
4741 0 1
4742 0 1
4743 1 2
4744 0 1
4745 1 0
4746 0 1
4747 0 1
4748 1 0
4749 1 1
4750 0 1
4751 0 1
4752 2 0
4753 1 3
4754 1 0
4755 0 1
4756 0 1
4757 1 2
4758 0 1
4759 0 1
4760 2 0
4761 0 4
4762 0 1
4763 0 1
4764 2 0
4765 0 4
4766 0 1
4767 0 1
4768 0 1
4769 0 1
4770 1 0
4771 0 1
4772 0 1
4773 0 1
4774 0 1
4775 1 0
4776 0 1
4777 7 0
4778 1 12
4779 0 1
4780 0 1
4781 1 0
4782 0 1
4783 1 2
4784 0 3
4785 0 3
4786 1 0
4787 0 1
4788 0 1
4789 0 2
4790 3 5
4791 1 2
4792 0 1
4793 0 1
4794 3 0
4795 1 6
4796 1 2
4797 0 1
4798 0 1
4799 1 0
4800 0 2
4801 16 0
4802 1 11
4803 0 2
4804 1 0
4805 0 1
4806 2 0
4807 0 2
4808 0 2
4809 1 2
4810 2 0
4811 1 2
4812 0 1
4813 2 0
4814 0 1
4815 1 0
4816 1 3
4817 0 1
4818 1 0
4819 0 3
4820 0 1
4821 0 1
4822 0 1
4823 1 0
4824 0 1
4825 1 0
4826 0 1
4827 2 3
4828 4 2
4829 1 0
4830 1 2
4831 0 1
4832 0 2
4833 0 1
4834 2 0
4835 0 6
4836 0 1
4837 1 0
4838 0 1
4839 1 0
4840 0 1
4841 0 1
4842 1 4
4843 1 2
4844 0 1
4845 1 3
4846 1 0
4847 0 1
4848 3 0
4849 0 2
4850 2 0
4851 1 7
4852 1 0
4853 0 4
4854 5 0
4855 1 6
4856 1 1
4857 0 1
4858 1 2
4859 0 1
4860 0 1
4861 33 0
4862 1 24
4863 1 5
4864 0 1
4865 1 0
4866 1 2
4867 1 2
4868 0 1
4869 1 0
4870 0 1
4871 2 0
4872 1 10
4873 0 1
4874 1 0
4875 1 3
4876 1 0
4877 0 1
4878 2 0
4879 1 5
4880 0 2
4881 1 0
4882 0 1
4883 0 1
4884 0 1
4885 1 0
4886 1 2
4887 1 2
4888 0 1
4889 4 0
4890 0 6
4891 0 1
4892 1 2
4893 1 0
4894 0 1
4895 2 4
4896 1 5
4897 0 1
4898 1 2
4899 0 1
4900 0 1
4901 1 5
4902 0 1
4903 9 0
4904 1 10
4905 2 0
4906 1 3
4907 3 0
4908 1 5
4909 2 0
4910 1 3
4911 0 1
4912 0 1
4913 5 3
4914 0 1
4915 0 1
4916 1 0
4917 1 0
4918 0 1
4919 0 2
4920 0 1
4921 1 0
4922 0 2
4923 1 0
4924 0 1
4925 0 1
4926 1 0
4927 0 1
4928 1 3
4929 0 1
4930 1 0
4931 0 1
4932 0 1
4933 2 0
4934 0 2
4935 2 0
4936 0 2
4937 0 1
4938 1 0
4939 2 0
4940 1 6
4941 0 1
4942 1 3
4943 1 2
4944 6 0
4945 0 6
4946 1 0
4947 0 1
4948 1 0
4949 0 2
4950 1 2
4951 1 0
4952 0 1
4953 0 1
4954 5 0
4955 2 4
4956 0 1
4957 1 4
4958 0 1
4959 1 1
4960 0 1
4961 1 0
4962 0 1
4963 1 1
4964 0 1
4965 0 1
4966 2 0
4967 1 2
4968 0 1
4969 6 0
4970 1 2
4971 90 0
4972 1 41
4973 0 1
4974 1 0
4975 1 3
4976 2 0
4977 1 4
4978 0 1
4979 0 2
4980 0 2
4981 0 1
4982 1 5
4983 1 0
4984 0 2
4985 1 2
4986 3 0
4987 0 5
4988 1 0
4989 0 1
4990 0 1
4991 1 0
4992 1 2
4993 0 1
4994 0 1
4995 0 1
4996 0 1
4997 1 0
4998 0 1
4999 1 0
5000 1 5
5001 0 1
5002 1 0
5003 0 1
5004 0 1
5005 21 0
5006 0 1
5007 0 1
5008 1 3
5009 1 0
5010 0 1
5011 1 0
5012 1 3
5013 1 0
5014 0 1
5015 0 2
5016 1 2
5017 1 0
5018 0 1
5019 2 0
5020 0 2
5021 7 0
5022 1 24
5023 1 1
5024 0 3
5025 0 1
5026 1 0
5027 0 1
5028 1 0
5029 1 2
5030 1 0
5031 1 0
5032 0 3
5033 0 1
5034 0 1
5035 0 1
5036 0 1
5037 2 0
5038 0 2
5039 0 1
5040 1 1
5041 1 2
5042 0 1
5043 1 1
5044 3 0
5045 0 3
5046 2 0
5047 1 3
5048 1 0
5049 0 2
5050 1 2
5051 1 0
5052 0 1
5053 0 1
5054 0 1
5055 0 1
5056 1 3
5057 0 1
5058 1 0
5059 0 1
5060 1 1
5061 1 1
5062 1 0
5063 1 1
5064 1 0
5065 1 2
5066 1 1
5067 1 0
5068 0 2
5069 3 0
5070 0 4
5071 1 0
5072 1 2
5073 1 0
5074 0 1
5075 1 0
5076 2 0
5077 0 2
5078 48 0
5079 1 21
5080 0 1
5081 1 1
5082 0 1
5083 1 2
5084 1 2
5085 2 0
5086 0 4
5087 1 0
5088 1 1
5089 27 0
5090 1 22
5091 1 2
5092 1 2
5093 0 1
5094 0 1
5095 3 0
5096 1 2
5097 6 0
5098 1 15
5099 0 1
5100 3 5
5101 0 1
5102 1 0
5103 0 1
5104 0 1
5105 2 0
5106 1 9
5107 2 0
5108 0 1
5109 0 1
5110 15 0
5111 0 14
5112 1 3
5113 5 0
5114 20 37
5115 0 1
5116 1 0
5117 2 0
5118 0 2
5119 0 1
5120 3 0
5121 1 7
5122 0 1
5123 0 1
5124 0 1
5125 1 0
5126 1 2
5127 11 0
5128 1 13
5129 1 0
5130 1 2
5131 0 1
5132 2 0
5133 0 1
5134 1 1
5135 1 2
5136 0 1
5137 2 0
5138 1 4
5139 0 1
5140 0 1
5141 1 0
5142 0 1
5143 3 2
5144 0 1
5145 1 2
5146 0 1
5147 0 1
5148 0 1
5149 1 0
5150 0 1
5151 1 3
5152 3 0
5153 1 6
5154 1 2
5155 0 1
5156 2 0
5157 1 3
5158 1 1
5159 0 1
5160 0 1
5161 2 0
5162 1 3
5163 1 1
5164 0 1
5165 0 1
5166 1 0
5167 1 2
5168 0 1
5169 1 0
5170 0 1
5171 0 1
5172 1 1
5173 0 1
5174 0 1
5175 3 1
5176 1 0
5177 1 2
5178 1 0
5179 0 1
5180 0 2
5181 1 0
5182 1 2
5183 3 0
5184 1 7
5185 1 0
5186 1 2
5187 2 0
5188 0 2
5189 1 0
5190 0 1
5191 1 0
5192 1 0
5193 0 1
5194 1 2
5195 2 0
5196 0 2
5197 2 0
5198 1 2
5199 0 1
5200 0 1
5201 0 1
5202 1 0
5203 0 1
5204 0 2
5205 1 0
5206 2 5
5207 0 1
5208 1 0
5209 0 1
5210 0 1
5211 0 2
5212 1 0
5213 1 0
5214 1 2
5215 1 0
5216 0 1
5217 1 0
5218 0 2
5219 0 1
5220 0 1
5221 4 0
5222 1 5
5223 9 0
5224 0 8
5225 0 2
5226 1 2
5227 0 1
5228 1 0
5229 0 1
5230 1 2
5231 0 1
5232 0 1
5233 29 0
5234 1 15
5235 0 1
5236 0 2
5237 3 0
5238 1 3
5239 4 0
5240 1 6
5241 0 1
5242 0 1
5243 0 1
5244 1 0
5245 0 1
5246 10 6
5247 5 0
5248 0 8
5249 1 2
5250 0 1
5251 0 1
5252 2 2
5253 0 1
5254 0 2
5255 1 0
5256 1 2
5257 0 1
5258 0 1
5259 0 1
5260 1 1
5261 0 1
5262 1 2
5263 0 1
5264 0 1
5265 2 3
5266 0 1
5267 0 1
5268 0 1
5269 1 0
5270 0 1
5271 1 0
5272 1 2
5273 0 1
5274 0 1
5275 4 0
5276 0 9
5277 2 0
5278 1 2
5279 1 3
5280 0 1
5281 1 0
5282 0 2
5283 0 1
5284 0 1
5285 2 0
5286 1 0
5287 1 2
5288 1 0
5289 2 0
5290 1 4
5291 1 0
5292 0 1
5293 0 1
5294 0 1
5295 3 0
5296 1 4
5297 1 7
5298 15 0
5299 1 10
5300 0 1
5301 2 2
5302 1 0
5303 1 6
5304 0 1
5305 1 0
5306 2 0
5307 1 0
5308 4 0
5309 1 4
5310 21 0
5311 1 0
5312 0 1
5313 1 2
5314 0 1
5315 1 0
5316 1 0
5317 0 1
5318 1 0
5319 1 2
5320 0 1
5321 2 2
5322 0 1
5323 0 1
5324 3 4
5325 0 1
5326 1 2
5327 1 0
5328 1 0
5329 0 2
5330 1 2
5331 0 1
5332 0 1
5333 0 1
5334 0 3
5335 0 1
5336 0 1
5337 3 4
5338 0 1
5339 0 1
5340 1 2
5341 1 0
5342 1 4
5343 1 0
5344 1 2
5345 0 1
5346 0 1
5347 0 1
5348 0 2
5349 5 0
5350 3 3
5351 1 0
5352 3 4
5353 0 2
5354 0 1
5355 1 0
5356 0 1
5357 0 1
5358 2 0
5359 1 7
5360 6 0
5361 1 7
5362 1 0
5363 1 2
5364 1 0
5365 0 1
5366 3 0
5367 1 5
5368 1 0
5369 0 1
5370 1 2
5371 3 0
5372 1 3
5373 1 2
5374 5 0
5375 0 9
5376 0 1
5377 1 0
5378 0 1
5379 0 1
5380 1 3
5381 1 0
5382 0 1
5383 0 1
5384 1 0
5385 0 1
5386 1 0
5387 0 1
5388 1 0
5389 1 2
5390 0 1
5391 0 1
5392 0 1
5393 0 1
5394 0 1
5395 0 1
5396 0 1
5397 1 2
5398 0 1
5399 1 0
5400 0 1
5401 2 3
5402 0 1
5403 1 0
5404 0 2
5405 1 2
5406 3 3
5407 0 1
5408 1 2
5409 0 1
5410 1 2
5411 1 1
5412 0 1
5413 1 0
5414 14 0
5415 1 7
5416 2 0
5417 1 4
5418 2 0
5419 1 3
5420 0 1
5421 0 1
5422 0 1
5423 1 3
5424 1 1
5425 0 1
5426 1 2
5427 0 1
5428 0 1
5429 11 0
5430 1 14
5431 0 1
5432 0 1
5433 0 1
5434 1 0
5435 5 0
5436 0 1
5437 1 0
5438 0 1
5439 0 1
5440 1 0
5441 1 2
5442 1 0
5443 1 2
5444 0 1
5445 0 1
5446 0 1
5447 1 0
5448 0 1
5449 0 1
5450 1 0
5451 1 2
5452 0 1
5453 3 0
5454 0 4
5455 1 2
5456 0 1
5457 1 3
5458 0 1
5459 1 1
5460 1 0
5461 1 2
5462 1 0
5463 0 4
5464 1 2
5465 2 2
5466 1 2
5467 0 1
5468 1 2
5469 0 1
5470 4 3
5471 0 1
5472 8 0
5473 1 6
5474 5 0
5475 1 10
5476 1 4
5477 1 1
5478 1 3
5479 0 1
5480 2 0
5481 1 4
5482 1 0
5483 1 3
5484 0 1
5485 0 1
5486 1 0
5487 2 0
5488 1 3
5489 0 1
5490 0 1
5491 0 3
5492 0 1
5493 1 0
5494 0 1
5495 2 0
5496 0 2
5497 0 1
5498 2 0
5499 0 1
5500 1 1
5501 4 0
5502 1 9
5503 0 1
5504 1 2
5505 0 2
5506 0 2
5507 4 0
5508 1 3
5509 0 1
5510 1 0
5511 1 0
5512 1 3
5513 0 1
5514 2 3
5515 0 1
5516 1 1
5517 0 2
5518 2 5
5519 0 1
5520 1 0
5521 1 2
5522 0 1
5523 1 1
5524 0 1
5525 0 1
5526 2 0
5527 1 4
5528 1 0
5529 0 1
5530 0 1
5531 0 1
5532 0 1
5533 4 0
5534 1 7
5535 1 0
5536 1 3
5537 1 0
5538 0 1
5539 0 1
5540 3 5
5541 4 0
5542 1 8
5543 0 1
5544 1 0
5545 1 0
5546 0 1
5547 0 1
5548 1 0
5549 1 0
5550 1 6
5551 1 0
5552 7 0
5553 1 9
5554 2 1
5555 1 2
5556 1 2
5557 0 1
5558 8 8
5559 1 0
5560 1 2
5561 2 0
5562 1 3
5563 1 4
5564 1 0
5565 1 3
5566 1 4
5567 0 1
5568 0 1
5569 0 1
5570 2 0
5571 0 2
5572 1 0
5573 1 2
5574 1 2
5575 0 1
5576 1 4
5577 0 1
5578 1 0
5579 1 2
5580 2 0
5581 0 2
5582 0 1
5583 0 1
5584 1 0
5585 1 3
5586 1 0
5587 1 2
5588 0 1
5589 1 0
5590 0 2
5591 1 0
5592 0 1
5593 4 0
5594 1 5
5595 0 1
5596 0 3
5597 1 0
5598 0 1
5599 1 0
5600 0 1
5601 0 1
5602 5 0
5603 0 7
5604 0 1
5605 1 0
5606 0 1
5607 1 1
5608 5 0
5609 0 11
5610 2 3
5611 2 2
5612 1 1
5613 1 0
5614 0 1
5615 1 0
5616 1 2
5617 1 0
5618 1 2
5619 0 1
5620 0 1
5621 1 2
5622 1 0
5623 1 5
5624 6 0
5625 1 0
5626 1 0
5627 1 0
5628 0 1
5629 2 0
5630 1 0
5631 0 3
5632 1 2
5633 1 2
5634 0 1
5635 1 0
5636 4 0
5637 1 5
5638 2 0
5639 1 0
5640 0 1
5641 1 2
5642 1 0
5643 0 1
5644 0 1
5645 1 0
5646 0 1
5647 1 0
5648 0 1
5649 2 0
5650 1 5
5651 8 0
5652 2 0
5653 0 1
5654 0 2
5655 1 0
5656 1 0
5657 0 2
5658 2 3
5659 1 0
5660 0 1
5661 0 1
5662 0 1
5663 0 1
5664 3 0
5665 0 6
5666 1 0
5667 0 1
5668 1 0
5669 1 1
5670 1 1
5671 1 4
5672 0 1
5673 4 0
5674 1 0
5675 1 0
5676 1 2
5677 1 0
5678 0 1
5679 1 2
5680 2 0
5681 2 0
5682 1 2
5683 2 0
5684 0 1
5685 1 0
5686 0 2
5687 0 1
5688 0 1
5689 1 0
5690 2 0
5691 1 3
5692 0 1
5693 0 1
5694 1 1
5695 1 0
5696 1 2
5697 0 1
5698 1 4
5699 1 0
5700 0 1
5701 1 0
5702 2 0
5703 1 7
5704 1 0
5705 1 2
5706 1 1
5707 1 0
5708 0 1
5709 0 1
5710 0 1
5711 1 1
5712 3 4
5713 0 1
5714 0 1
5715 0 2
5716 5 9
5717 1 0
5718 0 2
5719 0 1
5720 21 0
5721 1 28
5722 1 0
5723 0 1
5724 2 2
5725 0 2
5726 1 0
5727 0 1
5728 0 1
5729 1 0
5730 0 1
5731 1 0
5732 0 1
5733 0 2
5734 1 0
5735 0 1
5736 0 4
5737 0 1
5738 0 1
5739 0 1
5740 0 1
5741 10 0
5742 1 18
5743 0 1
5744 1 0
5745 1 1
5746 0 3
5747 2 0
5748 0 1
5749 0 1
5750 0 1
5751 0 1
5752 1 0
5753 2 0
5754 1 4
5755 0 1
5756 2 9
5757 2 1
5758 1 0
5759 0 1
5760 0 1
5761 0 1
5762 0 1
5763 0 1
5764 0 1
5765 0 1
5766 1 0
5767 0 1
5768 1 2
5769 1 2
5770 1 0
5771 0 1
5772 0 2
5773 2 0
5774 1 5
5775 0 1
5776 1 1
5777 1 1
5778 14 0
5779 1 19
5780 0 1
5781 0 1
5782 1 0
5783 0 1
5784 1 1
5785 1 0
5786 0 1
5787 1 2
5788 4 4
5789 0 2
5790 0 2
5791 3 0
5792 0 1
5793 1 0
5794 0 1
5795 1 0
5796 21 0
5797 1 34
5798 1 0
5799 0 1
5800 0 1
5801 3 0
5802 0 3
5803 1 0
5804 0 1
5805 1 0
5806 0 2
5807 1 0
5808 6 0
5809 1 2
5810 1 2
5811 0 1
5812 1 6
5813 2 4
5814 1 0
5815 1 3
5816 1 0
5817 0 1
5818 0 1
5819 2 0
5820 5 8
5821 1 0
5822 0 2
5823 5 0
5824 1 7
5825 1 2
5826 0 1
5827 0 1
5828 1 0
5829 0 1
5830 3 0
5831 1 0
5832 1 0
5833 0 1
5834 1 2
5835 0 1
5836 0 1
5837 11 13
5838 1 1
5839 1 0
5840 0 1
5841 0 1
5842 0 1
5843 5 0
5844 1 6
5845 8 0
5846 1 0
5847 1 2
5848 8 0
5849 1 13
5850 18 0
5851 1 11
5852 0 2
5853 1 0
5854 2 0
5855 1 2
5856 71 0
5857 1 2
5858 1 1
5859 1 0
5860 0 1
5861 1 0
5862 0 1
5863 2 3
5864 1 6
5865 1 0
5866 0 1
5867 2 2
5868 0 1
5869 1 0
5870 0 2
5871 0 1
5872 0 1
5873 0 1
5874 3 0
5875 0 2
5876 0 1
5877 0 1
5878 0 1
5879 1 0
5880 0 3
5881 1 0
5882 0 2
5883 2 2
5884 1 0
5885 1 2
5886 1 0
5887 0 2
5888 16 0
5889 0 16
5890 1 2
5891 1 0
5892 1 0
5893 1 3
5894 1 3
5895 1 2
5896 1 0
5897 0 1
5898 0 1
5899 1 0
5900 1 1
5901 2 0
5902 1 3
5903 1 0
5904 0 3
5905 0 1
5906 1 3
5907 0 1
5908 0 2
5909 1 2
5910 0 1
5911 14 0
5912 1 18
5913 1 3
5914 1 3
5915 2 0
5916 0 3
5917 2 0
5918 0 1
5919 1 1
5920 0 1
5921 1 1
5922 0 1
5923 2 0
5924 0 5
5925 0 1
5926 0 1
5927 2 0
5928 1 7
5929 1 0
5930 0 1
5931 0 1
5932 0 1
5933 0 2
5934 3 8
5935 0 1
5936 0 1
5937 0 1
5938 0 1
5939 2 0
5940 1 2
5941 1 2
5942 1 1
5943 1 0
5944 0 1
5945 1 0
5946 0 1
5947 0 1
5948 0 1
5949 1 0
5950 0 1
5951 1 2
5952 1 3
5953 0 1
5954 103 0
5955 1 111
5956 1 2
5957 1 0
5958 0 1
5959 0 1
5960 2 0
5961 1 3
5962 0 1
5963 1 2
5964 1 0
5965 0 2
5966 1 0
5967 0 1
5968 0 3
5969 0 2
5970 0 1
5971 2 0
5972 0 1
5973 4 0
5974 0 4
5975 1 2
5976 2 0
5977 1 2
5978 1 0
5979 0 1
5980 1 0
5981 0 1
5982 2 0
5983 0 2
5984 0 1
5985 0 1
5986 1 1
5987 1 0
5988 1 2
5989 1 0
5990 0 1
5991 1 2
5992 0 2
5993 3 0
5994 1 6
5995 1 2
5996 2 0
5997 1 3
5998 2 0
5999 0 2
6000 5 0
6001 1 11
6002 1 0
6003 0 1
6004 1 2
6005 4 5
6006 1 3
6007 1 0
6008 1 2
6009 1 0
6010 0 1
6011 1 0
6012 0 1
6013 0 1
6014 0 1
6015 1 0
6016 1 2
6017 3 5
6018 1 0
6019 1 2
6020 0 1
6021 1 0
6022 0 1
6023 0 1
6024 1 0
6025 0 1
6026 2 0
6027 0 1
6028 4 6
6029 0 1
6030 0 1
6031 2 0
6032 1 3
6033 0 2
6034 0 2
6035 2 0
6036 0 1
6037 0 1
6038 1 2
6039 0 1
6040 0 1
6041 0 1
6042 1 2
6043 1 0
6044 0 3
6045 1 0
6046 1 2
6047 1 0
6048 1 4
6049 0 1
6050 14 6
6051 0 1
6052 0 1
6053 0 1
6054 1 0
6055 0 2
6056 1 0
6057 1 0
6058 0 1
6059 0 1
6060 1 4
6061 0 1
6062 2 0
6063 0 2
6064 0 1
6065 4 4
6066 1 0
6067 1 3
6068 1 0
6069 0 1
6070 3 0
6071 0 2
6072 1 4
6073 0 1
6074 1 0
6075 0 2
6076 0 1
6077 1 0
6078 7 7
6079 2 0
6080 1 6
6081 2 0
6082 0 6
6083 1 4
6084 1 2
6085 1 0
6086 0 1
6087 1 0
6088 0 1
6089 4 0
6090 0 1
6091 107 0
6092 1 122
6093 1 2
6094 3 0
6095 1 4
6096 1 0
6097 0 1
6098 0 1
6099 1 0
6100 1 2
6101 2 0
6102 1 4
6103 1 0
6104 1 0
6105 0 2
6106 1 0
6107 1 1
6108 0 1
6109 1 2
6110 1 0
6111 1 4
6112 5 0
6113 1 6
6114 1 0
6115 0 1
6116 1 2
6117 1 1
6118 1 2
6119 2 0
6120 0 2
6121 1 2
6122 0 1
6123 1 0
6124 0 1
6125 1 0
6126 0 1
6127 0 1
6128 0 1
6129 0 1
6130 0 1
6131 0 1
6132 3 6
6133 1 0
6134 0 1
6135 1 0
6136 0 1
6137 1 1
6138 1 0
6139 1 2
6140 1 0
6141 1 5
6142 0 1
6143 3 0
6144 1 6
6145 12 0
6146 1 15
6147 5 0
6148 1 9
6149 0 1
6150 1 0
6151 0 1
6152 2 0
6153 1 1
6154 0 2
6155 0 1
6156 1 3
6157 0 1
6158 2 2
6159 0 1
6160 0 1
6161 1 2
6162 1 2
6163 1 0
6164 1 2
6165 24 0
6166 1 19
6167 0 1
6168 1 0
6169 0 2
6170 1 3
6171 1 0
6172 0 1
6173 3 0
6174 1 7
6175 1 8
6176 2 0
6177 1 8
6178 1 0
6179 1 0
6180 0 1
6181 0 1
6182 1 6
6183 0 2
6184 1 0
6185 0 1
6186 0 1
6187 2 0
6188 0 1
6189 0 1
6190 0 1
6191 1 2
6192 1 2
6193 1 2
6194 1 0
6195 0 6
6196 0 1
6197 0 1
6198 0 1
6199 1 0
6200 0 1
6201 0 1
6202 3 3
6203 1 3
6204 0 1
6205 5 0
6206 0 5
6207 0 1
6208 1 1
6209 0 1
6210 3 0
6211 0 4
6212 2 2
6213 1 0
6214 0 1
6215 0 1
6216 0 1
6217 1 2
6218 0 1
6219 8 9
6220 0 1
6221 1 0
6222 0 2
6223 0 1
6224 1 0
6225 0 1
6226 0 1
6227 2 0
6228 0 3
6229 1 2
6230 47 44
6231 1 0
6232 0 3
6233 0 2
6234 0 1
6235 1 0
6236 0 3
6237 1 1
6238 0 1
6239 3 4
6240 1 2
6241 1 0
6242 0 1
6243 1 1
6244 0 1
6245 0 1
6246 1 0
6247 0 2
6248 0 1
6249 1 0
6250 9 13
6251 0 1
6252 0 1
6253 1 0
6254 0 2
6255 2 2
6256 1 2
6257 1 1
6258 1 0
6259 0 1
6260 0 3
6261 0 1
6262 1 2
6263 0 1
6264 1 0
6265 0 1
6266 1 0
6267 1 2
6268 1 1
6269 9 8
6270 1 0
6271 17 0
6272 1 19
6273 5 3
6274 0 1
6275 1 1
6276 1 0
6277 0 1
6278 1 2
6279 0 1
6280 1 0
6281 1 0
6282 1 3
6283 4 4
6284 1 3
6285 1 0
6286 0 2
6287 2 0
6288 1 4
6289 3 4
6290 0 1
6291 1 2
6292 0 1
6293 2 2
6294 1 2
6295 1 0
6296 0 1
6297 1 3
6298 0 1
6299 1 0
6300 0 1
6301 0 1
6302 1 0
6303 3 0
6304 1 5
6305 0 1
6306 0 1
6307 1 0
6308 1 3
6309 1 0
6310 1 0
6311 1 2
6312 5 0
6313 1 1
6314 10 0
6315 0 11
6316 2 0
6317 1 5
6318 1 2
6319 0 2
6320 1 0
6321 2 0
6322 1 5
6323 0 1
6324 1 0
6325 0 4
6326 1 0
6327 1 3
6328 0 1
6329 0 1
6330 0 1
6331 1 0
6332 1 0
6333 0 1
6334 0 1
6335 2 5
6336 1 3
6337 0 1
6338 0 1
6339 2 2
6340 0 1
6341 1 0
6342 3 3
6343 0 1
6344 0 1
6345 0 1
6346 1 0
6347 2 3
6348 100 0
6349 1 88
6350 0 1
6351 0 1
6352 1 2
6353 1 0
6354 1 0
6355 0 1
6356 1 0
6357 1 3
6358 0 1
6359 4 4
6360 1 2
6361 2 2
6362 5 6
6363 7 0
6364 1 9
6365 2 3
6366 2 7
6367 1 3
6368 6 5
6369 1 0
6370 1 3
6371 3 3
6372 1 0
6373 1 4
6374 5 7
6375 0 2
6376 1 1
6377 1 1
6378 1 0
6379 0 1
6380 0 3
6381 0 1
6382 1 1
6383 0 1
6384 2 0
6385 1 6
6386 3 0
6387 0 4
6388 0 1
6389 0 1
6390 5 0
6391 1 6
6392 0 1
6393 1 1
6394 0 1
6395 6 4
6396 2 0
6397 1 0
6398 1 1
6399 0 1
6400 1 2
6401 6 8
6402 3 3
6403 15 23
6404 2 0
6405 0 1
6406 0 1
6407 1 2
6408 9 14
6409 7 16
6410 1 2
6411 2 0
6412 0 1
6413 4 13
6414 2 0
6415 1 4
6416 2 1
6417 5 8
6418 1 0
6419 0 1
6420 1 0
6421 2 3
6422 1 0
6423 0 1
6424 0 1
6425 10 9
6426 20 22
6427 5 1
6428 0 1
6429 1 1
6430 1 1
6431 1 0
6432 5 4
6433 1 0
6434 1 1
6435 1 3
6436 0 1
6437 0 1
6438 1 5
6439 0 1
6440 0 1
6441 1 0
6442 0 1
6443 0 1
6444 1 1
6445 0 1
6446 1 0
6447 1 0
6448 1 2
6449 1 2
6450 0 1
6451 0 3
6452 11 11
6453 1 0
6454 1 2
6455 1 2
6456 1 0
6457 1 0
6458 0 2
6459 1 0
6460 20 24
6461 1 0
6462 0 1
6463 1 2
6464 6 0
6465 1 9
6466 1 0
6467 1 3
6468 0 1
6469 0 1
6470 0 1
6471 3 3
6472 0 1
6473 1 0
6474 0 1
6475 1 1
6476 1 2
6477 1 0
6478 4 4
6479 0 1
6480 0 1
6481 3 4
6482 1 1
6483 2 2
6484 0 1
6485 24 26
6486 4 4
6487 12 0
6488 1 11
6489 0 1
6490 2 0
6491 0 3
6492 5 5
6493 1 1
6494 2 0
6495 1 3
6496 1 0
6497 1 0
6498 0 1
6499 2 0
6500 0 1
6501 0 1
6502 1 1
6503 1 1
6504 0 1
6505 1 2
6506 1 4
6507 11 0
6508 1 18
6509 1 1
6510 0 1
6511 1 0
6512 19 0
6513 1 13
6514 1 0
6515 0 1
6516 6 0
6517 0 7
6518 0 1
6519 3 0
6520 1 0
6521 0 1
6522 3 4
6523 0 1
6524 1 0
6525 0 1
6526 1 2
6527 47 0
6528 1 48
6529 1 1
6530 0 1
6531 4 5
6532 0 1
6533 9 0
6534 1 1
6535 2 0
6536 1 9
6537 1 0
6538 1 5
6539 1 0
6540 0 1
6541 3 6
6542 1 1
6543 2 0
6544 1 4
6545 2 4
6546 0 1
6547 1 0
6548 0 1
6549 28 28
6550 8 0
6551 1 11
6552 1 1
6553 0 1
6554 3 4
6555 0 1
6556 1 4
6557 1 4
6558 1 0
6559 380 0
6560 1 95
6561 0 1
6562 2 3
6563 0 1
6564 1 0
6565 0 1
6566 0 1
6567 2 0
6568 0 1
6569 0 1
6570 0 1
6571 2 0
6572 0 2
6573 0 1
6574 1 8
6575 1 1
6576 0 1
6577 1 0
6578 0 1
6579 1 1
6580 0 1
6581 0 1
6582 0 1
6583 1 0
6584 0 1
6585 2 0
6586 0 2
6587 0 1
6588 5 0
6589 1 8
6590 1 3
6591 0 1
6592 0 1
6593 0 1
6594 0 1
6595 1 0
6596 0 1
6597 4 0
6598 1 2
6599 10 0
6600 0 1
6601 1 0
6602 0 1
6603 1 2
6604 2 4
6605 3 0
6606 1 7
6607 2 0
6608 0 2
6609 0 1
6610 0 1
6611 0 1
6612 1 0
6613 1 8
6614 1 1
6615 1 1
6616 3 0
6617 1 5
6618 0 1
6619 1 0
6620 1 2
6621 3 3
6622 1 0
6623 0 5
6624 0 1
6625 0 1
6626 4 6
6627 2 2
6628 0 1
6629 1 2
6630 0 2
6631 0 1
6632 0 1
6633 1 1
6634 0 1
6635 1 2
6636 1 0
6637 1 0
6638 5 0
6639 1 7
6640 0 1
6641 1 0
6642 1 0
6643 0 1
6644 0 1
6645 2 0
6646 0 1
6647 1 1
6648 0 1
6649 0 1
6650 0 2
6651 2 2
6652 2 0
6653 0 2
6654 4 0
6655 1 9
6656 2 2
6657 2 1
6658 1 0
6659 0 2
6660 0 1
6661 0 1
6662 8 15
6663 1 0
6664 0 1
6665 0 1
6666 0 1
6667 2 1
6668 1 1
6669 1 0
6670 0 1
6671 1 2
6672 0 1
6673 1 3
6674 1 0
6675 1 5
6676 2 0
6677 1 10
6678 1 0
6679 0 3
6680 0 1
6681 0 1
6682 0 1
6683 0 1
6684 1 1
6685 1 0
6686 0 1
6687 0 1
6688 1 2
6689 0 1
6690 3 6
6691 2 2
6692 0 2
6693 1 3
6694 1 1
6695 1 0
6696 0 2
6697 0 1
6698 0 1
6699 2 2
6700 12 0
6701 1 19
6702 0 1
6703 0 1
6704 0 1
6705 1 1
6706 0 1
6707 8 11
6708 0 1
6709 0 1
6710 0 1
6711 3 0
6712 1 2
6713 0 3
6714 0 1
6715 1 2
6716 13 0
6717 1 12
6718 1 0
6719 0 1
6720 6 6
6721 2 0
6722 0 1
6723 1 3
6724 1 0
6725 0 1
6726 9 11
6727 7 0
6728 0 1
6729 110 106
6730 0 1
6731 5 10
6732 0 1
6733 0 1
6734 0 1
6735 1 4
6736 1 2
6737 4 0
6738 1 4
6739 1 1
6740 3 0
6741 1 11
6742 1 2
6743 0 1
6744 1 1
6745 2 0
6746 1 6
6747 1 3
6748 1 2
6749 1 2
6750 8 11
6751 1 1
6752 1 1
6753 2 0
6754 0 2
6755 1 0
6756 1 2
6757 1 1
6758 0 1
6759 0 2
6760 55 0
6761 1 20
6762 1 0
6763 0 1
6764 0 1
6765 1 0
6766 6 0
6767 1 8
6768 1 2
6769 5 0
6770 1 9
6771 1 0
6772 0 1
6773 1 3
6774 1 2
6775 1 2
6776 1 0
6777 2 0
6778 0 1
6779 1 0
6780 0 2
6781 1 0
6782 0 2
6783 6 7
6784 2 2
6785 4 0
6786 0 1
6787 0 2
6788 1 2
6789 2 0
6790 1 8
6791 1 3
6792 0 1
6793 0 1
6794 103 27
6795 1 0
6796 1 4
6797 0 1
6798 4 5
6799 1 0
6800 3 4
6801 0 2
6802 0 2
6803 1 0
6804 0 1
6805 4 0
6806 0 7
6807 0 1
6808 29 0
6809 1 5
6810 2 1
6811 1 0
6812 757 0
6813 1 123
6814 0 1
6815 1 1
6816 3 9
6817 4 15
6818 1 0
6819 0 1
6820 3 5
6821 1 2
6822 0 1
6823 1 0
6824 1 3
6825 1 0
6826 1 1
6827 0 1
6828 1 3
6829 0 1
6830 0 1
6831 0 1
6832 1 4
6833 0 1
6834 0 1
6835 0 1
6836 1 4
6837 0 1
6838 1 1
6839 1 2
6840 0 1
6841 1 0
6842 0 1
6843 1 0
6844 0 2
6845 0 1
6846 0 1
6847 0 2
6848 1 0
6849 1 8
6850 1 0
6851 0 1
6852 1 2
6853 1 3
6854 1 1
6855 0 1
6856 1 0
6857 0 1
6858 0 1
6859 1 1
6860 4 0
6861 1 2
6862 3 0
6863 1 4
6864 1 0
6865 1 0
6866 0 1
6867 2 0
6868 0 1
6869 0 1
6870 0 1
6871 1 0
6872 0 1
6873 0 1
6874 1 1
6875 2 3
6876 0 1
6877 1 3
6878 0 1
6879 1 1
6880 0 1
6881 10 0
6882 1 17
6883 0 1
6884 1 0
6885 0 2
6886 1 1
6887 0 1
6888 1 1
6889 2 1
6890 1 1
6891 0 2
6892 0 1
6893 2 2
6894 1 0
6895 1 3
6896 2 0
6897 1 1
6898 28 0
6899 1 12
6900 1 2
6901 0 3
6902 1 0
6903 1 3
6904 2 3
6905 1 0
6906 1 2
6907 1 3
6908 2 0
6909 1 3
6910 2 0
6911 0 2
6912 2 2
6913 4 3
6914 0 1
6915 1 2
6916 1 0
6917 1 2
6918 0 1
6919 2 4
6920 8 0
6921 0 1
6922 0 3
6923 0 1
6924 1 0
6925 0 1
6926 0 1
6927 1 0
6928 0 1
6929 1 0
6930 0 2
6931 0 3
6932 1 2
6933 0 1
6934 0 1
6935 0 1
6936 10 11
6937 0 2
6938 0 1
6939 1 2
6940 0 1
6941 1 0
6942 1 1
6943 0 1
6944 0 1
6945 6 0
6946 1 0
6947 0 1
6948 0 1
6949 2 2
6950 1 3
6951 1 0
6952 1 2
6953 7 8
6954 1 1
6955 1 0
6956 2 4
6957 1 1
6958 1 0
6959 3 7
6960 1 2
6961 1 2
6962 1 0
6963 1 3
6964 0 1
6965 3 4
6966 1 2
6967 1 0
6968 2 3
6969 0 1
6970 2 0
6971 1 1
6972 1 6
6973 0 1
6974 1 2
6975 1 2
6976 2 0
6977 0 1
6978 155 0
6979 1 98
6980 2 3
6981 0 1
6982 8 9
6983 2 2
6984 3 5
6985 1 0
6986 1 1
6987 11 0
6988 1 22
6989 2 2
6990 1 1
6991 0 1
6992 5 5
6993 1 0
6994 0 5
6995 2 0
6996 2 2
6997 1 1
6998 1 1
6999 0 1
7000 1 3
7001 1 2
7002 1 0
7003 1 4
7004 1 2
7005 0 1
7006 0 1
7007 1 0
7008 1 0
7009 0 1
7010 1 1
7011 1 3
7012 0 1
7013 1 1
7014 2 0
7015 1 3
7016 2 0
7017 1 0
7018 0 1
7019 0 1
7020 1 0
7021 1 1
7022 1 1
7023 2 2
7024 0 1
7025 0 1
7026 0 1
7027 1 2
7028 1 1
7029 2 4
7030 2 1
7031 1 1
7032 2 0
7033 1 2
7034 3 6
7035 2 0
7036 0 1
7037 9 0
7038 1 12
7039 1 0
7040 0 1
7041 0 1
7042 1 2
7043 1 0
7044 0 2
7045 0 1
7046 0 1
7047 0 1
7048 1 0
7049 1 2
7050 1 0
7051 1 2
7052 0 1
7053 3 0
7054 0 1
7055 0 1
7056 1 4
7057 2 4
7058 13 13
7059 1 1
7060 0 1
7061 1 0
7062 0 1
7063 0 1
7064 0 1
7065 5 9
7066 0 1
7067 0 2
7068 1 2
7069 2 0
7070 0 2
7071 1 0
7072 0 2
7073 1 3
7074 1 3
7075 1 1
7076 0 1
7077 0 1
7078 4 7
7079 2 2
7080 1 2
7081 1 0
7082 0 1
7083 5 0
7084 1 14
7085 1 1
7086 0 1
7087 1 0
7088 1 3
7089 0 1
7090 2 0
7091 0 6
7092 0 1
7093 0 1
7094 1 1
7095 42 0
7096 1 23
7097 1 0
7098 0 1
7099 1 2
7100 1 0
7101 6 6
7102 0 1
7103 1 2
7104 1 1
7105 2 0
7106 1 2
7107 1 0
7108 1 3
7109 1 0
7110 4 0
7111 1 8
7112 23 0
7113 1 14
7114 0 1
7115 7 0
7116 1 18
7117 0 1
7118 1 0
7119 0 1
7120 2 2
7121 73 14
7122 1 1
7123 1 2
7124 0 2
7125 6 6
7126 2 0
7127 1 4
7128 0 1
7129 0 1
7130 1 0
7131 7 0
7132 0 7
7133 0 1
7134 1 0
7135 0 1
7136 1 0
7137 0 1
7138 1 1
7139 1 2
7140 1 0
7141 1 2
7142 1 0
7143 0 1
7144 0 1
7145 0 1
7146 3 5
7147 16 0
7148 1 29
7149 1 0
7150 0 2
7151 6 6
7152 2 5
7153 1 4
7154 3 4
7155 1 0
7156 2 0
7157 2 0
7158 0 2
7159 0 1
7160 0 1
7161 1 0
7162 1 0
7163 0 1
7164 1 1
7165 1 1
7166 2 4
7167 1 1
7168 1 2
7169 1 0
7170 0 2
7171 1 0
7172 0 3
7173 3 0
7174 1 6
7175 0 1
7176 0 1
7177 0 1
7178 1 1
7179 1 2
7180 1 0
7181 1 4
7182 2 2
7183 0 1
7184 1 2
7185 6 11
7186 1 1
7187 1 0
7188 0 1
7189 0 1
7190 4 0
7191 1 7
7192 1 1
7193 0 1
7194 0 1
7195 1 3
7196 1 0
7197 0 1
7198 0 1
7199 1 3
7200 0 1
7201 0 1
7202 804 0
7203 1 309
7204 1 0
7205 1 4
7206 0 1
7207 2 0
7208 1 4
7209 0 2
7210 1 0
7211 0 1
7212 13 10
7213 1 1
7214 2 2
7215 3 0
7216 1 0
7217 0 1
7218 2 0
7219 0 2
7220 0 2
7221 1 1
7222 2 0
7223 1 6
7224 1 0
7225 1 2
7226 0 1
7227 1 0
7228 0 1
7229 0 1
7230 0 1
7231 4 0
7232 1 8
7233 2 2
7234 511 42
7235 155 0
7236 1 57
7237 7 0
7238 1 10
7239 0 1
7240 0 1
7241 2 0
7242 1 4
7243 1 0
7244 1 3
7245 0 1
7246 0 1
7247 1 0
7248 1 3
7249 0 1
7250 1 0
7251 0 1
7252 0 2
7253 2 0
7254 1 5
7255 2 2
7256 7 0
7257 1 1
7258 1 1
7259 3 3
7260 1 0
7261 1 2
7262 2 0
7263 1 3
7264 1 0
7265 0 1
7266 2 0
7267 0 1
7268 4 0
7269 1 5
7270 1 1
7271 0 1
7272 1 3
7273 1 0
7274 1 3
7275 1 0
7276 0 1
7277 0 1
7278 1 2
7279 1 1
7280 3 0
7281 0 1
7282 0 2
7283 0 1
7284 0 1
7285 1 0
7286 1 0
7287 0 2
7288 1 2
7289 1 1
7290 0 1
7291 2 0
7292 1 5
7293 1 1
7294 1 1
7295 1 1
7296 0 1
7297 1 2
7298 0 1
7299 1 0
7300 1 6
7301 2 0
7302 0 1
7303 0 1
7304 1 0
7305 1 3
7306 6 1
7307 0 1
7308 0 1
7309 10 13
7310 1 0
7311 0 1
7312 3 0
7313 0 6
7314 2 0
7315 0 2
7316 1 0
7317 2 0
7318 1 4
7319 0 1
7320 0 1
7321 16 0
7322 1 33
7323 2 0
7324 0 2
7325 0 1
7326 5 5
7327 1 3
7328 2 2
7329 5 0
7330 1 0
7331 0 1
7332 1 0
7333 1 2
7334 1 0
7335 1 4
7336 1 2
7337 1 1
7338 4 4
7339 0 1
7340 2 2
7341 4 0
7342 1 10
7343 1 1
7344 1 1
7345 0 1
7346 2 2
7347 1 1
7348 0 1
7349 1 0
7350 1 3
7351 7 0
7352 1 3
7353 0 1
7354 0 1
7355 1 1
7356 1 0
7357 178 122
7358 0 1
7359 2 1
7360 1 2
7361 1 0
7362 0 3
7363 1 0
7364 1 0
7365 10 9
7366 0 1
7367 1 1
7368 1 2
7369 1 2
7370 0 1
7371 6 7
7372 1 1
7373 0 1
7374 0 1
7375 2 0
7376 13 13
7377 1 1
7378 2 2
7379 4 0
7380 1 2
7381 2 0
7382 1 4
7383 1 2
7384 2 0
7385 1 7
7386 0 1
7387 5 0
7388 1 8
7389 1 0
7390 0 1
7391 1 4
7392 1 0
7393 7 0
7394 0 2
7395 0 1
7396 0 1
7397 0 1
7398 2 4
7399 4 7
7400 1 1
7401 3 3
7402 2 0
7403 1 3
7404 0 1
7405 1 0
7406 0 1
7407 0 1
7408 1 0
7409 0 1
7410 0 2
7411 1 0
7412 0 2
7413 1 0
7414 0 1
7415 1 2
7416 1 2
7417 1 3
7418 0 1
7419 0 1
7420 2 2
7421 1 1
7422 1 0
7423 1 3
7424 1 2
7425 1 0
7426 0 1
7427 1 2
7428 1 0
7429 0 1
7430 1 0
7431 0 1
7432 3 0
7433 1 0
7434 3 4
7435 1 2
7436 1 6
7437 0 2
7438 5 0
7439 1 6
7440 0 1
7441 1 0
7442 1 2
7443 7 0
7444 1 13
7445 1 0
7446 0 1
7447 1 2
7448 1 0
7449 0 1
7450 0 1
7451 0 1
7452 0 1
7453 0 1
7454 1 3
7455 0 1
7456 1 0
7457 1 3
7458 1 0
7459 2 0
7460 1 5
7461 1 3
7462 0 3
7463 1 0
7464 0 1
7465 1 0
7466 2 0
7467 0 1
7468 0 1
7469 0 4
7470 0 1
7471 1 0
7472 0 1
7473 3 0
7474 4 0
7475 0 4
7476 6 0
7477 0 10
7478 0 1
7479 0 1
7480 2 3
7481 2 2
7482 2 0
7483 1 4
7484 0 1
7485 1 0
7486 1 0
7487 1 5
7488 0 1
7489 4 0
7490 0 5
7491 2 0
7492 1 3
7493 0 1
7494 6 0
7495 0 8
7496 0 1
7497 1 3
7498 1 0
7499 0 1
7500 0 1
7501 1 2
7502 1 2
7503 5 0
7504 1 2
7505 3 0
7506 1 2
7507 0 1
7508 0 1
7509 2 2
7510 1 0
7511 1 2
7512 0 1
7513 0 1
7514 1 0
7515 0 1
7516 1 1
7517 7 0
7518 0 1
7519 1 2
7520 0 1
7521 1 0
7522 0 1
7523 1 0
7524 0 2
7525 1 0
7526 1 0
7527 0 1
7528 0 1
7529 0 2
7530 1 0
7531 0 1
7532 1 0
7533 0 1
7534 14 13
7535 13 20
7536 1 0
7537 0 1
7538 0 1
7539 2 3
7540 1 2
7541 0 1
7542 0 1
7543 0 1
7544 1 0
7545 1 1
7546 1 2
7547 1 0
7548 0 1
7549 2 0
7550 1 1
7551 0 1
7552 2 0
7553 1 3
7554 1 0
7555 0 1
7556 3 2
7557 0 1
7558 2 0
7559 28 0
7560 1 28
7561 2 0
7562 1 1
7563 0 1
7564 1 4
7565 14 0
7566 1 13
7567 1 3
7568 1 1
7569 1 2
7570 1 0
7571 2 0
7572 1 5
7573 1 0
7574 1 7
7575 2 3
7576 1 1
7577 0 1
7578 2 0
7579 2 5
7580 3 0
7581 1 3
7582 1 0
7583 5 6
7584 1 0
7585 13 0
7586 1 13
7587 0 1
7588 0 1
7589 1 1
7590 0 1
7591 0 1
7592 1 0
7593 1 2
7594 0 1
7595 0 2
7596 1 0
7597 0 1
7598 2 3
7599 2 2
7600 3 0
7601 0 2
7602 1 2
7603 4 0
7604 1 7
7605 0 2
7606 1 2
7607 1 0
7608 0 2
7609 2 2
7610 1 0
7611 0 1
7612 5 1
7613 4 0
7614 0 3
7615 2 0
7616 1 5
7617 2 2
7618 1 1
7619 40 0
7620 1 43
7621 0 1
7622 0 1
7623 0 1
7624 1 2
7625 1 0
7626 2 0
7627 1 3
7628 4 0
7629 0 7
7630 0 1
7631 0 1
7632 6 8
7633 5 8
7634 1 1
7635 0 1
7636 3 2
7637 1 0
7638 0 1
7639 2 2
7640 1 1
7641 0 1
7642 0 1
7643 0 3
7644 0 1
7645 0 4
7646 1 3
7647 0 1
7648 4 0
7649 1 5
7650 2 0
7651 0 2
7652 0 1
7653 2 0
7654 0 3
7655 0 1
7656 1 0
7657 35 0
7658 1 22
7659 0 1
7660 0 1
7661 0 1
7662 1 0
7663 0 1
7664 1 2
7665 1 2
7666 8 0
7667 1 9
7668 2 3
7669 1 0
7670 1 0
7671 0 1
7672 1 1
7673 0 1
7674 0 1
7675 0 2
7676 0 1
7677 4 0
7678 1 5
7679 0 1
7680 0 2
7681 0 1
7682 1 0
7683 0 1
7684 1 0
7685 0 1
7686 1 0
7687 1 2
7688 1 0
7689 1 2
7690 1 0
7691 0 5
7692 1 3
7693 0 2
7694 1 3
7695 0 1
7696 1 3
7697 0 1
7698 0 1
7699 0 1
7700 1 0
7701 0 1
7702 4 0
7703 0 5
7704 1 0
7705 0 1
7706 0 1
7707 1 0
7708 0 3
7709 1 1
7710 1 0
7711 1 0
7712 0 5
7713 2 0
7714 1 5
7715 2 0
7716 1 1
7717 1 0
7718 1 2
7719 0 1
7720 1 0
7721 0 2
7722 0 1
7723 0 1
7724 1 1
7725 2 0
7726 1 4
7727 0 1
7728 0 1
7729 0 1
7730 0 1
7731 1 0
7732 1 4
7733 1 1
7734 0 1
7735 1 0
7736 1 0
7737 0 1
7738 1 0
7739 0 1
7740 4 5
7741 3 0
7742 1 5
7743 6 0
7744 1 6
7745 1 0
7746 3 0
7747 1 2
7748 1 0
7749 0 1
7750 0 1
7751 1 2
7752 1 0
7753 0 1
7754 0 1
7755 1 3
7756 1 3
7757 288 233
7758 9 0
7759 1 3
7760 0 1
7761 0 1
7762 0 1
7763 0 1
7764 0 1
7765 0 1
7766 2 2
7767 1 0
7768 0 1
7769 1 1
7770 1 1
7771 0 1
7772 18 0
7773 1 3
7774 1 0
7775 0 1
7776 1 2
7777 1 0
7778 0 1
7779 1 0
7780 0 1
7781 0 1
7782 0 1
7783 1 0
7784 1 2
7785 0 2
7786 0 1
7787 0 1
7788 1 0
7789 0 1
7790 5 9
7791 0 1
7792 0 1
7793 1 2
7794 0 1
7795 4 0
7796 1 7
7797 0 1
7798 3 3
7799 2 2
7800 1 0
7801 0 2
7802 1 0
7803 1 2
7804 1 0
7805 1 2
7806 0 1
7807 4 4
7808 0 1
7809 1 6
7810 1 0
7811 1 10
7812 2 0
7813 0 4
7814 9 0
7815 1 15
7816 1 0
7817 0 1
7818 2 0
7819 1 2
7820 1 1
7821 0 1
7822 2 0
7823 1 10
7824 1 0
7825 1 2
7826 1 0
7827 0 1
7828 1 0
7829 0 1
7830 1 0
7831 6 0
7832 1 0
7833 0 1
7834 0 1
7835 1 2
7836 0 1
7837 1 0
7838 0 1
7839 1 0
7840 1 0
7841 0 1
7842 2 0
7843 1 5
7844 1 1
7845 2 3
7846 1 2
7847 1 2
7848 0 1
7849 2 6
7850 1 0
7851 1 3
7852 1 2
7853 10 0
7854 2 2
7855 0 1
7856 1 0
7857 0 1
7858 2 3
7859 1 2
7860 0 1
7861 1 0
7862 0 1
7863 0 2
7864 0 2
7865 1 3
7866 1 2
7867 0 1
7868 1 0
7869 1 3
7870 1 0
7871 1 0
7872 0 1
7873 0 1
7874 6 0
7875 0 7
7876 0 1
7877 1 2
7878 1 0
7879 6 0
7880 1 5
7881 1 3
7882 1 0
7883 0 1
7884 0 1
7885 2 3
7886 1 1
7887 0 2
7888 1 2
7889 1 0
7890 0 1
7891 1 1
7892 0 2
7893 0 1
7894 0 1
7895 0 1
7896 0 1
7897 8 8
7898 1 0
7899 0 2
7900 1 0
7901 0 1
7902 1 0
7903 1 0
7904 0 1
7905 2 3
7906 1 0
7907 1 2
7908 1 0
7909 0 1
7910 2 0
7911 0 4
7912 0 1
7913 0 1
7914 0 1
7915 1 1
7916 0 1
7917 0 1
7918 2 0
7919 0 3
7920 0 1
7921 0 2
7922 1 0
7923 2 0
7924 0 3
7925 1 1
7926 0 2
7927 2 2
7928 1 1
7929 1 3
7930 4 0
7931 0 1
7932 1 4
7933 1 0
7934 1 4
7935 1 0
7936 1 1
7937 3 0
7938 1 9
7939 0 1
7940 1 0
7941 0 1
7942 0 1
7943 1 2
7944 1 1
7945 1 0
7946 2 2
7947 26 0
7948 1 11
7949 0 1
7950 2 0
7951 1 3
7952 1 0
7953 1 5
7954 0 1
7955 0 1
7956 3 0
7957 1 6
7958 1 0
7959 1 3
7960 1 0
7961 0 1
7962 1 0
7963 0 2
7964 2 0
7965 0 1
7966 0 1
7967 2 0
7968 0 1
7969 0 1
7970 0 1
7971 1 0
7972 0 1
7973 3 0
7974 0 1
7975 3 5
7976 1 1
7977 0 1
7978 0 1
7979 0 1
7980 0 1
7981 1 0
7982 2 3
7983 0 1
7984 0 1
7985 1 2
7986 0 1
7987 0 1
7988 1 0
7989 1 3
7990 0 1
7991 0 1
7992 3 5
7993 1 2
7994 0 1
7995 0 1
7996 0 1
7997 0 1
7998 3 0
7999 1 3
8000 1 0
8001 1 2
8002 1 0
8003 0 1
8004 0 1
8005 1 2
8006 1 2
8007 1 1
8008 0 1
8009 1 0
8010 0 1
8011 1 0
8012 0 1
8013 1 0
8014 2 0
8015 3 3
8016 0 2
8017 0 1
8018 2 0
8019 1 1
8020 0 1
8021 1 0
8022 0 1
8023 5 0
8024 0 10
8025 6 0
8026 1 9
8027 2 0
8028 1 0
8029 2 3
8030 1 0
8031 0 1
8032 1 3
8033 1 1
8034 1 0
8035 0 1
8036 1 2
8037 1 2
8038 0 1
8039 0 1
8040 57 0
8041 1 44
8042 0 1
8043 1 0
8044 0 1
8045 1 1
8046 1 0
8047 0 1
8048 1 1
8049 0 1
8050 9 0
8051 1 18
8052 0 1
8053 1 0
8054 0 3
8055 1 2
8056 1 0
8057 0 1
8058 0 1
8059 1 3
8060 1 0
8061 0 1
8062 0 1
8063 0 1
8064 0 1
8065 0 1
8066 0 1
8067 5 5
8068 0 1
8069 1 2
8070 1 0
8071 2 0
8072 0 2
8073 1 0
8074 0 1
8075 0 1
8076 3 0
8077 0 4
8078 1 0
8079 1 0
8080 1 0
8081 0 1
8082 1 0
8083 1 3
8084 1 1
8085 0 1
8086 0 1
8087 1 0
8088 0 2
8089 3 0
8090 2 0
8091 1 8
8092 2 2
8093 1 0
8094 1 1
8095 1 2
8096 0 1
8097 0 1
8098 1 0
8099 1 5
8100 0 1
8101 1 1
8102 1 1
8103 1 0
8104 1 2
8105 0 2
8106 31 29
8107 0 1
8108 0 1
8109 0 1
8110 0 1
8111 1 2
8112 5 0
8113 1 7
8114 0 1
8115 3 6
8116 0 1
8117 0 1
8118 0 1
8119 6 0
8120 1 7
8121 2 1
8122 0 1
8123 5 0
8124 6 7
8125 0 2
8126 1 0
8127 0 3
8128 3 0
8129 1 4
8130 0 2
8131 0 1
8132 0 2
8133 0 1
8134 9 0
8135 1 15
8136 0 2
8137 1 0
8138 0 1
8139 0 1
8140 5 5
8141 0 1
8142 1 2
8143 1 0
8144 0 1
8145 1 1
8146 1 2
8147 1 2
8148 1 1
8149 1 0
8150 0 1
8151 1 0
8152 1 1
8153 1 0
8154 0 1
8155 0 1
8156 1 0
8157 0 2
8158 1 0
8159 1 2
8160 2 3
8161 1 3
8162 0 1
8163 0 1
8164 0 1
8165 0 1
8166 0 1
8167 1 0
8168 0 2
8169 2 0
8170 1 1
8171 132 0
8172 1 83
8173 3 0
8174 1 6
8175 2 5
8176 0 1
8177 0 4
8178 1 2
8179 0 1
8180 5 2
8181 1 2
8182 0 1
8183 2 0
8184 19 0
8185 1 6
8186 0 1
8187 1 1
8188 1 0
8189 0 1
8190 1 3
8191 1 0
8192 1 2
8193 0 1
8194 1 1
8195 0 1
8196 227 0
8197 1 217
8198 0 1
8199 0 1
8200 1 2
8201 0 1
8202 1 2
8203 1 1
8204 6 0
8205 7 0
8206 1 14
8207 2 2
8208 0 1
8209 1 0
8210 1 0
8211 0 1
8212 1 2
8213 2 2
8214 1 2
8215 2 0
8216 1 3
8217 0 1
8218 0 1
8219 2 2
8220 83 0
8221 1 25
8222 0 1
8223 1 2
8224 0 1
8225 0 1
8226 0 1
8227 1 4
8228 0 1
8229 1 1
8230 1 0
8231 0 1
8232 1 3
8233 1 0
8234 3 3
8235 2 2
8236 1 0
8237 0 1
8238 4 3
8239 0 2
8240 1 1
8241 1 6
8242 0 1
8243 0 1
8244 0 2
8245 0 1
8246 1 1
8247 2 0
8248 1 1
8249 1 0
8250 0 2
8251 2 0
8252 0 5
8253 1 3
8254 1 0
8255 0 1
8256 10 0
8257 1 16
8258 0 2
8259 5 13
8260 8 0
8261 1 0
8262 0 2
8263 0 1
8264 0 1
8265 1 1
8266 3 0
8267 1 5
8268 1 0
8269 0 2
8270 2 1
8271 1 2
8272 1 2
8273 1 0
8274 0 1
8275 0 1
8276 1 0
8277 0 1
8278 0 1
8279 0 1
8280 1 1
8281 1 0
8282 0 3
8283 0 1
8284 1 1
8285 0 2
8286 1 0
8287 0 1
8288 1 1
8289 1 0
8290 1 2
8291 0 1
8292 1 0
8293 1 2
8294 1 0
8295 0 2
8296 1 0
8297 1 3
8298 0 2
8299 1 2
8300 0 1
8301 0 1
8302 0 1
8303 1 1
8304 0 3
8305 0 1
8306 1 0
8307 12 0
8308 1 11
8309 0 2
8310 9 19
8311 0 1
8312 1 2
8313 0 1
8314 1 2
8315 1 0
8316 6 0
8317 0 7
8318 0 2
8319 6 3
8320 1 2
8321 2 0
8322 0 2
8323 1 0
8324 0 1
8325 1 3
8326 0 1
8327 0 1
8328 1 4
8329 1 0
8330 2 2
8331 1 0
8332 1 3
8333 1 0
8334 1 0
8335 0 1
8336 0 1
8337 1 0
8338 1 3
8339 0 1
8340 0 1
8341 0 1
8342 1 0
8343 1 3
8344 1 0
8345 0 1
8346 0 1
8347 0 2
8348 0 1
8349 2 2
8350 2 0
8351 1 4
8352 1 3
8353 1 2
8354 0 2
8355 8 0
8356 0 1
8357 2 0
8358 8 0
8359 2 0
8360 1 5
8361 0 1
8362 20 20
8363 3 0
8364 1 3
8365 10 0
8366 0 17
8367 1 0
8368 0 1
8369 1 2
8370 0 1
8371 7 9
8372 2 2
8373 1 0
8374 0 1
8375 0 1
8376 1 2
8377 0 1
8378 1 0
8379 1 2
8380 1 2
8381 4 8
8382 0 1
8383 0 1
8384 1 0
8385 0 2
8386 0 1
8387 1 0
8388 0 1
8389 0 1
8390 2 0
8391 1 0
8392 1 3
8393 18 11
8394 1 0
8395 1 0
8396 1 0
8397 1 7
8398 8 3
8399 1 0
8400 1 2
8401 1 0
8402 0 1
8403 3 0
8404 0 2
8405 2 0
8406 0 2
8407 1 0
8408 0 1
8409 4 5
8410 0 1
8411 2 0
8412 1 4
8413 1 7
8414 4 0
8415 1 9
8416 1 0
8417 1 4
8418 2 0
8419 1 5
8420 1 1
8421 1 2
8422 0 1
8423 0 1
8424 1 0
8425 0 2
8426 7 0
8427 1 13
8428 0 2
8429 0 1
8430 1 2
8431 1 0
8432 0 1
8433 4 2
8434 1 1
8435 1 3
8436 2 0
8437 1 2
8438 0 1
8439 1 0
8440 1 2
8441 4 5
8442 0 1
8443 1 0
8444 0 1
8445 1 0
8446 0 2
8447 6 5
8448 2 0
8449 1 5
8450 1 4
8451 1 2
8452 1 1
8453 0 1
8454 154 0
8455 1 81
8456 0 2
8457 2 3
8458 0 1
8459 3 7
8460 0 1
8461 5 0
8462 2 0
8463 0 1
8464 0 1
8465 2 5
8466 0 2
8467 0 1
8468 1 3
8469 4 3
8470 1 3
8471 366 0
8472 1 309
8473 18 0
8474 1 0
8475 2 0
8476 1 3
8477 3 0
8478 0 1
8479 2 0
8480 1 3
8481 1 0
8482 0 1
8483 0 4
8484 1 5
8485 1 0
8486 1 2
8487 1 0
8488 1 2
8489 1 2
8490 1 2
8491 2 0
8492 1 6
8493 0 1
8494 0 1
8495 2 2
8496 2 4
8497 1 4
8498 5 3
8499 0 1
8500 1 3
8501 0 2
8502 1 0
8503 1 0
8504 0 1
8505 1 0
8506 1 2
8507 0 1
8508 1 4
8509 0 1
8510 1 0
8511 1 2
8512 1 2
8513 1 1
8514 4 10
8515 1 0
8516 0 1
8517 5 0
8518 1 13
8519 1 2
8520 1 2
8521 1 0
8522 1 2
8523 1 0
8524 0 1
8525 11 10
8526 0 1
8527 0 1
8528 19 18
8529 2 2
8530 1 2
8531 1 4
8532 0 1
8533 1 0
8534 1 1
8535 0 1
8536 3 3
8537 1 0
8538 1 0
8539 0 1
8540 2 0
8541 0 1
8542 1 0
8543 1 3
8544 1 1
8545 1 0
8546 0 2
8547 0 1
8548 1 3
8549 1 2
8550 1 2
8551 3 4
8552 1 1
8553 1 2
8554 3 1
8555 3 0
8556 1 10
8557 1 0
8558 1 3
8559 15 0
8560 1 15
8561 3 5
8562 1 3
8563 53 0
8564 1 53
8565 1 0
8566 1 2
8567 0 1
8568 1 1
8569 1 4
8570 1 1
8571 2 2
8572 0 1
8573 1 0
8574 1 2
8575 1 0
8576 0 1
8577 1 1
8578 0 1
8579 1 1
8580 1 0
8581 0 2
8582 2 0
8583 0 3
8584 5 0
8585 1 10
8586 0 1
8587 4 0
8588 1 0
8589 0 1
8590 1 2
8591 0 1
8592 1 0
8593 0 1
8594 0 1
8595 0 1
8596 1 0
8597 1 0
8598 0 1
8599 0 1
8600 9 12
8601 1 1
8602 3 3
8603 1 1
8604 0 1
8605 0 1
8606 2 3
8607 2 4
8608 1 0
8609 1 4
8610 1 1
8611 3 5
8612 0 1
8613 1 0
8614 0 1
8615 1 0
8616 0 1
8617 2 1
8618 0 1
8619 1 0
8620 0 1
8621 3 1
8622 0 2
8623 1 1
8624 1 2
8625 2 1
8626 1 2
8627 0 1
8628 1 2
8629 2 0
8630 2 2
8631 0 1
8632 1 3
8633 1 0
8634 1 2
8635 0 1
8636 0 1
8637 11 0
8638 1 12
8639 2 1
8640 1 1
8641 3 0
8642 0 1
8643 4 5
8644 1 1
8645 1 0
8646 1 1
8647 1 2
8648 0 1
8649 1 0
8650 1 2
8651 1 2
8652 2 3
8653 13 0
8654 1 9
8655 0 1
8656 0 1
8657 4 4
8658 0 1
8659 2 0
8660 6 7
8661 1 0
8662 1 2
8663 2 0
8664 1 9
8665 1 2
8666 3 0
8667 1 4
8668 2 6
8669 1 2
8670 3 0
8671 1 10
8672 2 0
8673 1 0
8674 0 1
8675 6 5
8676 1 1
8677 1 0
8678 0 1
8679 2 2
8680 2 0
8681 2 0
8682 1 3
8683 0 1
8684 0 1
8685 0 1
8686 1 1
8687 2 0
8688 1 7
8689 0 1
8690 1 0
8691 0 1
8692 0 1
8693 0 1
8694 1 0
8695 0 2
8696 0 1
8697 1 0
8698 0 2
8699 3 4
8700 10 13
8701 0 1
8702 12 12
8703 1 0
8704 1 3
8705 4 8
8706 1 2
8707 1 2
8708 41 42
8709 0 1
8710 7 7
8711 1272 0
8712 1 126
8713 0 1
8714 2 0
8715 0 1
8716 1 0
8717 0 1
8718 8 0
8719 1 0
8720 0 1
8721 11 0
8722 1 15
8723 1 0
8724 1 3
8725 2 2
8726 2 0
8727 1 0
8728 0 1
8729 1 2
8730 1 0
8731 1 4
8732 1 0
8733 0 2
8734 2 3
8735 0 1
8736 1 0
8737 0 1
8738 0 3
8739 0 2
8740 0 1
8741 0 1
8742 1 1
8743 2 0
8744 0 1
8745 1 2
8746 3 4
8747 0 1
8748 1 0
8749 0 1
8750 1 0
8751 1 1
8752 1 2
8753 0 1
8754 18 0
8755 1 20
8756 2 0
8757 1 6
8758 0 1
8759 1 1
8760 1 0
8761 7 0
8762 1 2
8763 1 0
8764 1 2
8765 1 2
8766 0 1
8767 1 2
8768 0 1
8769 6 10
8770 0 1
8771 0 1
8772 1 2
8773 0 1
8774 0 1
8775 0 3
8776 0 2
8777 1 0
8778 0 1
8779 1 2
8780 2 0
8781 2 0
8782 0 1
8783 1 0
8784 1 1
8785 0 1
8786 0 1
8787 0 1
8788 1 0
8789 1 2
8790 1 2
8791 1 0
8792 1 0
8793 0 1
8794 1 5
8795 0 1
8796 1 0
8797 0 1
8798 4 0
8799 0 3
8800 0 1
8801 0 1
8802 1 1
8803 0 1
8804 1 1
8805 1 0
8806 1 2
8807 0 1
8808 3 0
8809 1 6
8810 1 0
8811 6 0
8812 0 7
8813 1 0
8814 0 1
8815 1 1
8816 4 7
8817 0 1
8818 0 1
8819 0 1
8820 0 1
8821 1 0
8822 4 8
8823 1 2
8824 0 3
8825 1 1
8826 0 1
8827 0 1
8828 1 0
8829 0 2
8830 0 1
8831 2 2
8832 1 2
8833 0 1
8834 1 1
8835 16 8
8836 0 2
8837 0 1
8838 1 1
8839 0 1
8840 0 1
8841 1 2
8842 0 3
8843 1 2
8844 0 2
8845 0 1
8846 0 1
8847 1 0
8848 0 1
8849 1 2
8850 1 1
8851 6 0
8852 1 5
8853 1 0
8854 19 18
8855 0 1
8856 1 0
8857 1 3
8858 1 1
8859 0 1
8860 1 1
8861 1 0
8862 1 0
8863 1 3
8864 0 1
8865 1 0
8866 1 0
8867 2 4
8868 1 0
8869 1 2
8870 0 1
8871 0 1
8872 0 1
8873 0 1
8874 0 1
8875 1 0
8876 0 1
8877 2 0
8878 2 0
8879 1 7
8880 0 1
8881 1 2
8882 1 0
8883 0 1
8884 0 1
8885 1 2
8886 1 2
8887 3 0
8888 0 1
8889 0 1
8890 34 41
8891 1 0
8892 1 3
8893 1 2
8894 0 2
8895 1 0
8896 2 1
8897 0 1
8898 0 1
8899 0 1
8900 1 0
8901 0 4
8902 4 8
8903 1 3
8904 0 1
8905 2 2
8906 0 1
8907 10 12
8908 0 1
8909 2 0
8910 3 0
8911 0 7
8912 0 1
8913 2 2
8914 1 1
8915 3 0
8916 4 6
8917 2 1
8918 0 3
8919 1 2
8920 0 1
8921 0 1
8922 1 0
8923 0 1
8924 1 2
8925 0 1
8926 2 2
8927 1 0
8928 2 0
8929 0 1
8930 0 1
8931 0 1
8932 0 1
8933 8 0
8934 1 15
8935 0 1
8936 0 1
8937 2 1
8938 3 0
8939 1 7
8940 0 1
8941 1 0
8942 0 1
8943 1 1
8944 1 0
8945 0 1
8946 2 0
8947 1 2
8948 1 0
8949 0 1
8950 1 0
8951 0 3
8952 17 0
8953 1 9
8954 59 0
8955 1 50
8956 0 1
8957 0 1
8958 0 1
8959 1 2
8960 1 0
8961 1 2
8962 23 0
8963 1 6
8964 1 2
8965 2 2
8966 1 0
8967 0 1
8968 1 2
8969 0 1
8970 1 3
8971 0 1
8972 0 1
8973 1 2
8974 1 2
8975 1 0
8976 0 3
8977 2 0
8978 1 6
8979 1 0
8980 0 1
8981 1 0
8982 1 5
8983 0 1
8984 0 2
8985 0 2
8986 0 1
8987 1 0
8988 1 0
8989 0 2
8990 5 0
8991 1 6
8992 2 0
8993 0 8
8994 1 0
8995 0 1
8996 0 1
8997 1 2
8998 1 0
8999 0 1
9000 0 1
9001 1 0
9002 0 1
9003 1 0
9004 1 0
9005 1 3
9006 0 1
9007 1 4
9008 1 0
9009 0 1
9010 1 0
9011 0 1
9012 0 1
9013 0 1
9014 0 1
9015 1 0
9016 0 1
9017 0 1
9018 0 2
9019 1 1
9020 0 1
9021 1 0
9022 1 0
9023 1 0
9024 2 0
9025 3 5
9026 1 0
9027 1 2
9028 4 5
9029 2 2
9030 0 1
9031 2 2
9032 0 1
9033 1 3
9034 3 6
9035 3 3
9036 0 1
9037 0 1
9038 1 2
9039 0 4
9040 2 2
9041 1 1
9042 4 4
9043 0 1
9044 187 0
9045 1 1
9046 0 1
9047 2 2
9048 1 2
9049 2 2
9050 5 7
9051 3 5
9052 1 1
9053 0 1
9054 1 2
9055 0 1
9056 0 1
9057 3 3
9058 1 2
9059 0 1
9060 2 2
9061 2 3
9062 1 2
9063 1 1
9064 1 1
9065 0 1
9066 2 3
9067 0 1
9068 0 1
9069 1 1
9070 0 1
9071 0 1
9072 4 4
9073 1 1
9074 1 3
9075 2 2
9076 0 1
9077 0 1
9078 1 2
9079 2 3
9080 0 1
9081 2 1
9082 2 2
9083 2 2
9084 0 1
9085 0 1
9086 0 1
9087 0 1
9088 0 2
9089 1 0
9090 2 2
9091 1 1
9092 3 4
9093 12 15
9094 0 1
9095 0 1
9096 1 2
9097 0 1
9098 0 1
9099 0 1
9100 2 2
9101 0 1
9102 3 3
9103 3 2
9104 1 0
9105 1 1
9106 0 1
9107 1 2
9108 0 1
9109 1 2
9110 1 2
9111 0 1
9112 2 1
9113 0 1
9114 0 1
9115 1 1
9116 1 1
9117 1 1
9118 4 4
9119 0 1
9120 11 8
9121 0 1
9122 0 1
9123 3 3
9124 0 1
9125 0 1
9126 0 1
9127 1 0
9128 1 1
9129 0 1
9130 0 1
9131 3 1
9132 0 1
9133 0 1
9134 0 2
9135 0 1
9136 0 1
9137 0 1
9138 1 1
9139 0 1
9140 1 4
9141 2 2
9142 1 2
9143 10 15
9144 1 2
9145 0 1
9146 1 1
9147 0 1
9148 2 4
9149 1 1
9150 0 1
9151 2 3
9152 0 1
9153 0 1
9154 0 1
9155 1 1
9156 0 1
9157 1 1
9158 2 1
9159 2 2
9160 1 1
9161 5 5
9162 0 2
9163 1 0
9164 0 1
9165 13 0
9166 2 0
9167 1 1
9168 0 1
9169 0 1
9170 0 1
9171 0 1
9172 4 3
9173 0 3
9174 0 1
9175 0 1
9176 2 2
9177 1 2
9178 1 1
9179 0 1
9180 0 1
9181 1 0
9182 0 1
9183 1 1
9184 2 2
9185 1 2
9186 3 3
9187 1 1
9188 1 1
9189 1 1
9190 0 1
9191 0 1
9192 1 1
9193 0 1
9194 0 1
9195 0 1
9196 1 2
9197 1 2
9198 0 1
9199 2 2
9200 1 2
9201 1 2
9202 0 1
9203 2 1
9204 0 1
9205 1 2
9206 0 1
9207 1 0
9208 1 3
9209 9 9
9210 2 2
9211 0 2
9212 0 1
9213 1 0
9214 1 1
9215 10 12
9216 1 1
9217 1 1
9218 1 0
9219 0 1
9220 0 1
9221 2 2
9222 2 4
9223 0 1
9224 0 2
9225 1 1
9226 0 1
9227 5 5
9228 0 1
9229 1 2
9230 1 1
9231 1 2
9232 2 2
9233 0 2
9234 1 0
9235 0 1
9236 0 1
9237 1 5
9238 0 1
9239 2 2
9240 0 1
9241 0 1
9242 0 1
9243 1 2
9244 0 1
9245 1 1
9246 0 1
9247 1 1
9248 15 10
9249 15 14
9250 1 1
9251 0 1
9252 1 4
9253 0 1
9254 0 1
9255 0 1
9256 0 1
9257 1 1
9258 1 2
9259 1 5
9260 0 1
9261 2 3
9262 2 1
9263 2 7
9264 1 2
9265 2 2
9266 0 1
9267 0 1
9268 1 2
9269 1 1
9270 0 1
9271 1 1
9272 0 2
9273 1 1
9274 3 2
9275 1 1
9276 1 1
9277 1 1
9278 0 1
9279 0 1
9280 5 0
9281 0 1
9282 1 0
9283 0 1
9284 1 2
9285 0 1
9286 0 1
9287 1 1
9288 1 1
9289 1 4
9290 0 1
9291 1 2
9292 2 3
9293 1 4
9294 0 1
9295 1 2
9296 0 1
9297 0 1
9298 1 1
9299 0 1
9300 8 11
9301 0 1
9302 2 2
9303 1 1
9304 4 5
9305 1 1
9306 3 3
9307 0 1
9308 1 1
9309 0 1
9310 0 1
9311 0 1
9312 1 1
9313 0 1
9314 0 1
9315 1 1
9316 0 1
9317 0 1
9318 0 1
9319 0 1
9320 0 1
9321 1 1
9322 1 1
9323 1 1
9324 0 1
9325 0 1
9326 0 1
9327 0 1
9328 3 5
9329 6 11
9330 2 3
9331 2 4
9332 0 1
9333 0 1
9334 0 1
9335 0 1
9336 1 1
9337 0 1
9338 0 1
9339 2 1
9340 0 1
9341 0 1
9342 2 4
9343 3 3
9344 0 1
9345 0 2
9346 0 1
9347 1 2
9348 1 1
9349 1 2
9350 1 1
9351 0 1
9352 1 0
9353 1 1
9354 2 4
9355 1 1
9356 0 1
9357 1 0
9358 1 1
9359 0 1
9360 1 2
9361 1 0
9362 0 1
9363 0 1
9364 2 4
9365 1 1
9366 0 1
9367 1 4
9368 1 1
9369 0 1
9370 1 1
9371 0 1
9372 0 1
9373 4 3
9374 3 2
9375 1 1
9376 0 1
9377 1 1
9378 0 1
9379 1 1
9380 1 3
9381 0 2
9382 0 2
9383 0 1
9384 2 5
9385 0 1
9386 0 1
9387 2 7
9388 1 1
9389 1 1
9390 0 1
9391 1 1
9392 1 2
9393 3 4
9394 1 1
9395 1 1
9396 2 2
9397 1 1
9398 1 1
9399 1 2
9400 1 0
9401 0 2
9402 0 4
9403 0 1
9404 0 1
9405 0 1
9406 0 1
9407 1 1
9408 1 1
9409 0 1
9410 3 3
9411 0 1
9412 0 2
9413 1 2
9414 1 1
9415 0 1
9416 0 1
9417 4 5
9418 2 4
9419 1 0
9420 1 2
9421 3 4
9422 0 4
9423 0 1
9424 1 0
9425 1 0
9426 1 2
9427 0 1
9428 1 0
9429 1 1
9430 0 2
9431 0 1
9432 1 1
9433 1 2
9434 0 1
9435 1 1
9436 0 1
9437 0 1
9438 1 1
9439 1 4
9440 0 1
9441 0 1
9442 1 2
9443 0 1
9444 0 1
9445 1 1
9446 1 1
9447 0 1
9448 1 2
9449 1 1
9450 2 2
9451 1 5
9452 2 2
9453 2 1
9454 1 1
9455 0 1
9456 0 1
9457 1 1
9458 1 1
9459 0 1
9460 5 6
9461 1 1
9462 0 1
9463 1 0
9464 1 0
9465 1 2
9466 1 2
9467 1 2
9468 0 2
9469 0 1
9470 1 3
9471 2 2
9472 0 1
9473 0 1
9474 1 1
9475 2 2
9476 2 4
9477 1 1
9478 1 0
9479 0 1
9480 1 1
9481 1 1
9482 0 1
9483 5 7
9484 0 1
9485 0 1
9486 1 1
9487 2 1
9488 0 1
9489 0 1
9490 0 1
9491 1 2
9492 2 2
9493 1 1
9494 2 4
9495 1 2
9496 0 1
9497 3 3
9498 1 1
9499 0 1
9500 1 1
9501 2 3
9502 1 2
9503 1 0
9504 1 2
9505 1 1
9506 0 1
9507 1 1
9508 5 8
9509 0 1
9510 0 1
9511 2 2
9512 0 1
9513 1 1
9514 0 1
9515 1 1
9516 4 5
9517 2 6
9518 1 1
9519 15 0
9520 1 1
9521 2 0
9522 0 2
9523 1 1
9524 3 3
9525 0 1
9526 0 1
9527 2 2
9528 2 1
9529 2 3
9530 0 1
9531 1 1
9532 1 0
9533 2 4
9534 2 3
9535 1 1
9536 0 1
9537 0 1
9538 1 2
9539 1 1
9540 0 1
9541 1 1
9542 0 1
9543 0 1
9544 0 1
9545 1 1
9546 0 1
9547 1 4
9548 0 1
9549 0 1
9550 1 2
9551 1 1
9552 1 4
9553 1 2
9554 1 2
9555 1 0
9556 1 1
9557 0 1
9558 0 1
9559 0 1
9560 0 1
9561 0 1
9562 0 1
9563 0 1
9564 2 0
9565 0 1
9566 1 0
9567 0 1
9568 2 1
9569 1 2
9570 1 0
9571 0 1
9572 0 1
9573 0 1
9574 0 1
9575 0 1
9576 3 3
9577 1 1
9578 0 1
9579 0 1
9580 1 1
9581 0 1
9582 2 2
9583 1 0
9584 1 2
9585 1 0
9586 0 1
9587 0 1
9588 1 0
9589 1 3
9590 0 1
9591 0 2
9592 0 1
9593 1 1
9594 1 0
9595 0 1
9596 1 0
9597 0 1
9598 6 11
9599 0 1
9600 1 2
9601 1 0
9602 1 0
9603 0 1
9604 1 3
9605 1 1
9606 1 1
9607 0 1
9608 1 3
9609 2 1
9610 0 1
9611 0 1
9612 1 2
9613 3 3
9614 8 14
9615 0 1
9616 0 1
9617 1 2
9618 3 0
9619 0 2
9620 1 0
9621 2 0
9622 1 2
9623 1 0
9624 1 5
9625 1 2
9626 0 1
9627 1 0
9628 0 1
9629 1 1
9630 1 2
9631 0 2
9632 0 1
9633 0 1
9634 1 2
9635 0 1
9636 2 1
9637 5 6
9638 1 3
9639 0 1
9640 9 14
9641 0 1
9642 0 1
9643 4 9
9644 0 3
9645 1 2
9646 0 1
9647 8 10
9648 0 1
9649 1 1
9650 1 0
9651 0 1
9652 0 1
9653 0 1
9654 0 1
9655 0 1
9656 5 10
9657 2 2
9658 2 2
9659 0 1
9660 0 1
9661 1 1
9662 4 1
9663 0 1
9664 0 1
9665 0 2
9666 2 2
9667 5 6
9668 2 1
9669 0 1
9670 0 1
9671 1 3
9672 1 1
9673 2 2
9674 2 2
9675 3 5
9676 8 9
9677 2 0
9678 0 2
9679 1 0
9680 0 1
9681 0 1
9682 1 0
9683 0 1
9684 1 1
9685 0 1
9686 2 2
9687 1 1
9688 1 1
9689 0 1
9690 1 0
9691 1 2
9692 0 1
9693 1 0
9694 1 0
9695 0 2
9696 0 1
9697 0 1
9698 0 1
9699 0 1
9700 0 1
9701 0 1
9702 1 0
9703 1 2
9704 0 1
9705 0 1
9706 2 3
9707 0 1
9708 1 1
9709 1 2
9710 2 2
9711 2 3
9712 1 2
9713 1 0
9714 0 1
9715 0 1
9716 1 1
9717 2 2
9718 0 1
9719 0 1
9720 2 2
9721 3 4
9722 1 2
9723 0 1
9724 0 1
9725 2 2
9726 0 1
9727 0 1
9728 0 1
9729 0 1
9730 1 1
9731 1 2
9732 0 1
9733 0 1
9734 1 2
9735 0 1
9736 1 3
9737 0 1
9738 1 1
9739 0 1
9740 1 0
9741 4 7
9742 4 4
9743 0 1
9744 3 3
9745 1 4
9746 0 1
9747 0 1
9748 1 1
9749 1 2
9750 0 1
9751 0 1
9752 1 0
9753 1 1
9754 1 1
9755 7 0
9756 1 13
9757 0 1
9758 0 1
9759 1 2
9760 1 1
9761 2 2
9762 0 1
9763 0 1
9764 0 1
9765 0 1
9766 1 0
9767 0 1
9768 4 4
9769 8 0
9770 1 2
9771 1 3
9772 0 1
9773 0 1
9774 1 1
9775 0 1
9776 0 1
9777 1 1
9778 1 1
9779 1 1
9780 1 2
9781 1 3
9782 0 1
9783 1 1
9784 1 1
9785 1 2
9786 1 0
9787 0 1
9788 1 1
9789 1 2
9790 0 1
9791 1 2
9792 1 2
9793 0 1
9794 0 1
9795 0 1
9796 2 3
9797 0 1
9798 1 0
9799 1 1
9800 1 1
9801 1 1
9802 0 1
9803 0 2
9804 0 1
9805 0 1
9806 0 1
9807 1 1
9808 1 2
9809 2 0
9810 1 8
9811 1 0
9812 0 1
9813 0 2
9814 2 2
9815 1 1
9816 2 2
9817 0 1
9818 0 1
9819 0 1
9820 0 1
9821 1 2
9822 0 1
9823 0 1
9824 1 1
9825 0 1
9826 2 2
9827 1 1
9828 0 1
9829 1 2
9830 0 1
9831 1 3
9832 1 0
9833 1 2
9834 0 1
9835 1 0
9836 0 2
9837 2 2
9838 0 1
9839 1 0
9840 0 1
9841 3 2
9842 1 0
9843 0 2
9844 0 1
9845 0 1
9846 0 1
9847 6 11
9848 1 1
9849 0 1
9850 5 7
9851 8 12
9852 2 1
9853 0 1
9854 0 1
9855 1 0
9856 0 1
9857 4 0
9858 1 2
9859 1 0
9860 0 1
9861 0 1
9862 0 2
9863 1 1
9864 0 1
9865 1 2
9866 1 0
9867 1 6
9868 2 4
9869 1 0
9870 0 2
9871 0 1
9872 1 2
9873 0 1
9874 1 1
9875 3 4
9876 0 1
9877 0 1
9878 1 0
9879 0 2
9880 1 2
9881 0 1
9882 1 1
9883 0 1
9884 0 1
9885 1 1
9886 0 2
9887 0 1
9888 2 2
9889 0 2
9890 0 1
9891 0 1
9892 1 0
9893 0 1
9894 27 19
9895 1 0
9896 2 0
9897 1 0
9898 2 1
9899 1 0
9900 0 1
9901 1 1
9902 2 4
9903 0 2
9904 1 0
9905 0 1
9906 1 2
9907 0 1
9908 1 1
9909 0 1
9910 2 6
9911 1 0
9912 0 1
9913 0 2
9914 1 2
9915 1 0
9916 0 1
9917 1 2
9918 0 1
9919 4 4
9920 1 2
9921 0 2
9922 1 0
9923 0 1
9924 0 1
9925 2 1
9926 0 1
9927 0 1
9928 4 10
9929 1 0
9930 0 1
9931 2 2
9932 1 1
9933 3 3
9934 3 3
9935 0 1
9936 1 0
9937 0 1
9938 1 1
9939 1 2
9940 0 1
9941 2 0
9942 0 2
9943 0 1
9944 0 1
9945 0 1
9946 0 2
9947 6 9
9948 3 0
9949 1 5
9950 1 1
9951 1 1
9952 2 0
9953 1 2
9954 1 0
9955 0 1
9956 2 2
9957 12 0
9958 1 21
9959 0 1
9960 1 1
9961 1 0
9962 0 2
9963 3 3
9964 0 1
9965 0 1
9966 0 1
9967 1 1
9968 0 1
9969 1 0
9970 0 1
9971 1 0
9972 0 1
9973 1 1
9974 0 1
9975 1 1
9976 3 3
9977 0 1
9978 1 4
9979 1 1
9980 0 2
9981 0 1
9982 5 0
9983 0 1
9984 0 1
9985 1 1
9986 0 4
9987 1 0
9988 0 1
9989 1 1
9990 1 0
9991 0 1
9992 1 2
9993 0 1
9994 1 2
9995 0 1
9996 0 1
9997 0 1
9998 1 3
9999 4 4
10000 0 1
10001 1 3
10002 2 0
10003 1 1
10004 0 1
10005 1 2
10006 2 2
10007 2 4
10008 0 2
10009 0 1
10010 1 1
10011 0 1
10012 0 1
10013 2 4
10014 1 7
10015 0 1
10016 0 1
10017 0 1
10018 0 1
10019 2 1
10020 0 1
10021 0 1
10022 0 1
10023 0 1
10024 1 1
10025 0 1
10026 0 1
10027 0 1
10028 0 1
10029 1 0
10030 1 2
10031 0 1
10032 1 0
10033 0 1
10034 1 0
10035 0 2
10036 1 0
10037 0 2
10038 1 1
10039 1 2
10040 0 1
10041 2 2
10042 1 0
10043 0 1
10044 0 1
10045 1 0
10046 1 2
10047 0 1
10048 0 1
10049 1 2
10050 1 2
10051 1 2
10052 6 8
10053 1 0
10054 0 1
10055 5 8
10056 2 0
10057 1 4
10058 0 1
10059 7 5
10060 1 1
10061 1 0
10062 0 1
10063 1 2
10064 2 1
10065 1 1
10066 1 0
10067 0 1
10068 1 2
10069 2 2
10070 0 1
10071 0 1
10072 0 1
10073 1 3
10074 0 1
10075 0 1
10076 2 1
10077 0 1
10078 1 2
10079 9 12
10080 0 1
10081 0 1
10082 0 1
10083 0 1
10084 1 2
10085 1 0
10086 1 2
10087 0 1
10088 1 0
10089 0 1
10090 1 0
10091 0 1
10092 1 2
10093 1 3
10094 3 4
10095 3 4
10096 1 1
10097 0 1
10098 0 1
10099 1 0
10100 0 1
10101 1 2
10102 0 1
10103 0 1
10104 0 1
10105 1 4
10106 1 0
10107 0 1
10108 0 1
10109 0 1
10110 0 1
10111 0 1
10112 3 0
10113 1 3
10114 0 1
10115 0 1
10116 1 1
10117 1 1
10118 1 0
10119 6 6
10120 1 1
10121 0 1
10122 2 2
10123 0 1
10124 1 0
10125 0 1
10126 0 1
10127 1 0
10128 0 1
10129 0 1
10130 1 0
10131 1 3
10132 0 1
10133 2 6
10134 0 1
10135 0 1
10136 2 2
10137 1 0
10138 0 2
10139 1 1
10140 8 9
10141 1 2
10142 1 2
10143 1 0
10144 0 1
10145 1 2
10146 0 1
10147 1 1
10148 2 4
10149 0 2
10150 1 2
10151 3 3
10152 0 1
10153 0 1
10154 1 0
10155 1 2
10156 1 0
10157 0 1
10158 2 6
10159 0 1
10160 1 1
10161 0 1
10162 1 0
10163 0 1
10164 0 1
10165 0 1
10166 0 2
10167 1 0
10168 0 1
10169 1 2
10170 1 2
10171 0 1
10172 1 0
10173 1 2
10174 0 1
10175 0 1
10176 7 6
10177 1 2
10178 1 2
10179 0 1
10180 1 1
10181 0 2
10182 1 1
10183 0 1
10184 2 1
10185 19 0
10186 1 29
10187 2 0
10188 0 2
10189 4 4
10190 0 1
10191 1 1
10192 0 1
10193 0 1
10194 0 1
10195 1 2
10196 17 12
10197 1 1
10198 2 2
10199 1 4
10200 1 1
10201 1 3
10202 0 1
10203 3 4
10204 0 1
10205 1 7
10206 0 1
10207 1 2
10208 0 1
10209 0 1
10210 0 1
10211 1 2
10212 0 1
10213 0 1
10214 0 1
10215 1 0
10216 0 1
10217 0 1
10218 1 1
10219 0 1
10220 0 1
10221 1 1
10222 2 3
10223 0 1
10224 3 5
10225 7 0
10226 0 13
10227 2 0
10228 0 2
10229 0 1
10230 1 0
10231 0 1
10232 0 1
10233 0 1
10234 1 1
10235 1 3
10236 1 2
10237 0 1
10238 2 3
10239 0 1
10240 1 2
10241 1 1
10242 2 2
10243 0 1
10244 1 1
10245 1 2
10246 0 1
10247 2 0
10248 1 2
10249 1 0
10250 0 1
10251 1 0
10252 0 1
10253 2 1
10254 1 1
10255 0 1
10256 0 1
10257 1 2
10258 1 0
10259 0 1
10260 0 1
10261 1 1
10262 1 1
10263 0 2
10264 0 1
10265 0 2
10266 1 1
10267 1 1
10268 1 0
10269 0 1
10270 0 1
10271 2 3
10272 2 2
10273 0 1
10274 1 2
10275 1 0
10276 0 1
10277 0 1
10278 1 1
10279 0 3
10280 0 1
10281 1 1
10282 1 2
10283 1 1
10284 2 2
10285 1 0
10286 4 3
10287 1 0
10288 0 1
10289 1 2
10290 0 1
10291 0 2
10292 1 2
10293 1 0
10294 0 1
10295 1 1
10296 3 0
10297 0 2
10298 0 1
10299 8 8
10300 0 1
10301 1 2
10302 8 12
10303 1 4
10304 1 1
10305 0 1
10306 1 0
10307 1 3
10308 0 1
10309 1 0
10310 0 1
10311 8 5
10312 7 3
10313 1 1
10314 1 0
10315 0 2
10316 1 2
10317 0 1
10318 2 0
10319 0 1
10320 1 1
10321 0 1
10322 0 1
10323 1 1
10324 1 2
10325 1 1
10326 0 1
10327 3 0
10328 1 5
10329 1 2
10330 2 1
10331 0 1
10332 1 2
10333 3 3
10334 0 1
10335 1 3
10336 1 0
10337 0 1
10338 0 1
10339 0 1
10340 1 0
10341 0 1
10342 0 1
10343 1 4
10344 0 6
10345 0 1
10346 0 2
10347 1 0
10348 1 2
10349 1 0
10350 0 2
10351 0 1
10352 0 1
10353 0 1
10354 0 1
10355 0 2
10356 5 7
10357 2 3
10358 1 0
10359 1 7
10360 2 3
10361 0 1
10362 0 1
10363 0 1
10364 1 2
10365 0 1
10366 2 3
10367 0 1
10368 0 1
10369 1 2
10370 4 6
10371 0 1
10372 1 3
10373 3 7
10374 1 1
10375 1 0
10376 1 2
10377 1 1
10378 0 1
10379 0 1
10380 0 1
10381 1 1
10382 0 1
10383 1 0
10384 0 1
10385 1 1
10386 1 0
10387 2 2
