7721
0 1859
1 928
2 1859
3 3400
4 1859 1859 1859
5 928
6 
7 3993
8 5687
9 928
10 1859
11 1859
12 
13 928 928
14 7331
15 6420
16 3503
17 
18 5687
19 5687
20 1859
21 3997
22 1859
23 4511
24 150
25 530
26 1859
27 2941
28 5687
29 2275 1275 2275
30 1859
31 928
32 312
33 
34 6420
35 140
36 36 5687
37 1078
38 928
39 928
40 3400
41 1859
42 798
43 43 6420
44 
45 3997
46 928
47 3265
48 3798
49 
50 
51 
52 3605
53 485 485
54 5323
55 928
56 1859
57 1859
58 2275
59 1397
60 1859
61 3256 1224
62 1859 1859 1859 1859
63 316
64 2568
65 1859
66 150
67 5687 7227
68 1859
69 
70 3503 928
71 312
72 1859
73 2810
74 
75 928
76 1859 1859
77 77 2589 2810
78 1859 1859 1859 1859
79 1859
80 312
81 81 3088 81 81 81 4037 81 81 81 81 81 81 81 81
82 6420
83 928
84 3997
85 928
86 3605
87 
88 312
89 6420 140 6420
90 312
91 928
92 1859
93 928
94 2079
95 798
96 6420
97 928 928 3265
98 5687
99 6942
100 928 928 928 928
101 
102 1397
103 1859
104 5687 5687 6420
105 928 928 928
106 6942 4559
107 928
108 3993
109 
110 3400
111 3895 111
112 3400 6420
113 6420
114 831
115 1031
116 928
117 6420 5687
118 928
119 928 928
120 1859
121 3503
122 928
123 928 928
124 928 928 928
125 1859
126 
127 928
128 4631
129 6420 6420
130 928
131 928
132 3256 3256 695
133 140
134 134 134 134 134 134 3229 7150
135 
136 798
137 486
138 
139 1859
140 1094 2204 140 300 140 140
141 1859
142 928
143 928
144 3400
145 2482
146 1484
147 893
148 3400
149 530
150 150 150 150 150 150 150 150 150 150 150 150 150 150 150 150 150 150 150 150 150 150 150 150 150 150 150 310 150 150 150 150 150 150 150 150 150 150 150 150 150 150 150 150 150 150 150 150 150 150 150 150 150 150 150 150 1350 150 150 150 150 150 1652 150 150 150 150 150 150 949
151 928
152 6942
153 1397 2482 740 928 6420 312 316 5687 530 262
154 
155 530
156 5687 5687 5687
157 1859 1859
158 1859
159 3798
160 5687
161 6420 6420
162 5687
163 312
164 
165 6420
166 4425
167 2568 2568
168 928
169 1859
170 2568 2568 2568
171 4938
172 1859
173 1859
174 150 4559
175 1859
176 5687
177 3503
178 928
179 928
180 
181 1859
182 1859
183 831
184 3400
185 2568
186 3798
187 
188 1859 1859
189 1859
190 4014
191 1859
192 1047
193 1210
194 928
195 1859
196 3400 928 798
197 74
198 1859
199 312
200 4559 164 3798 262 1397 928 4256
201 1859
202 3503 3503
203 530
204 4740 4740 4740 530 3400
205 
206 3798 262 3798 928 3503 262 928 530 3997
207 3798
208 928
209 928
210 6420 6420
211 
212 3997
213 1859
214 928
215 798 798 798
216 312
217 150
218 3993
219 
220 1859
221 1859
222 
223 3503
224 312
225 150
226 798 3798 3798 3798
227 1859
228 786
229 1859
230 1859
231 
232 
233 928
234 1859
235 1966
236 3798 236 3798 236
237 1859 1859
238 238 238 1397
239 134
240 831 461
241 1859
242 1859
243 1859
244 1859
245 1859
246 928
247 126
248 
249 5687
250 5687
251 1859
252 312
253 1859
254 628
255 928
256 1859 1859
257 1859
258 3503
259 1859 1859 1859 1859
260 
261 
262 5626 5383 262 262 262 262 4044 262 7256 262 3699
263 1859 1859
264 5687
265 5687
266 1859
267 928
268 7227
269 1859
270 
271 928
272 3400
273 81 798 1531 4740 312 4559
274 4559
275 530
276 1859
277 928
278 316
279 140
280 5687
281 150
282 1859
283 928
284 2482
285 6942
286 928
287 1859 1859
288 928
289 798
290 1859 1859
291 3305
292 3256
293 1859
294 2079
295 
296 312
297 1397
298 1859
299 786
300 936 300
301 1859 1859
302 1859
303 312 6420 5687
304 530
305 6420
306 1859 1859
307 928
308 150 150 150 150
309 312 6420
310 
311 312 6420
312 
313 1859
314 1859
315 1859 1859
316 
317 6420
318 1859
319 1078
320 928 928 4220 928 928
321 5687
322 2568
323 1859
324 928
325 928
326 486 6420 6420 6420
327 2941
328 1859
329 5687
330 6420
331 831
332 150
333 4259
334 928
335 928
336 336 336 336 336 336 336
337 786
338 5687
339 928
340 530
341 928
342 928
343 1859
344 1078
345 3265
346 2810
347 
348 312 5687
349 1859
350 6420
351 1859 1859
352 1859
353 3400
354 5687
355 1859
356 1859
357 312
358 928
359 5687 5687
360 1859
361 1859
362 2275 798
363 1859 1859 1859 1859 1859 1859
364 936 936
365 3997
366 1859
367 1859
368 892
369 6420 6420
370 1859
371 1859
372 6420
373 1859
374 312
375 485
376 312
377 1859
378 262
379 6420
380 
381 928
382 1859
383 1859
384 1859
385 928 928
386 928
387 6420
388 1859
389 6420 312
390 
391 5687
392 928
393 1397
394 2482 2482 2482 2482
395 928
396 6420
397 3993
398 1859
399 1859 1859
400 6268
401 3503
402 262
403 1859
404 1115 3993 3993 3993
405 1859
406 928
407 7331 7331 7331 7331
408 928
409 150
410 928
411 3993
412 4120
413 1078
414 1859
415 928
416 928
417 1859
418 1859
419 1859
420 1859 1859
421 1859
422 312
423 3798
424 928
425 1859
426 
427 6942
428 928
429 1859
430 5687
431 150
432 1859
433 433 433 7188
434 530
435 1859 1859
436 928 928
437 1859
438 1859 1859
439 1859
440 2482
441 1859
442 1039
443 1397
444 
445 1859
446 1859
447 4120
448 1397
449 928
450 1859
451 1397
452 928
453 6420 6420 6420 6420
454 831
455 3798
456 1047 3798 6420
457 2941 5687 928
458 2941 3503
459 928
460 928
461 219 219 4604 187 240 7492 2184 1571 1736
462 928 150 150
463 3400
464 1859
465 1859 1859
466 6420
467 928 928 928 928
468 2482
469 486
470 
471 1859
472 1859
473 1859
474 928 928 928 928 928 928 312
475 1859 1859
476 262
477 1859
478 3798 6420
479 6420
480 
481 1859
482 1078
483 6942 101 1803
484 3721
485 2455 4337 689 485 485 4468 1408 1408 1408 5357 4468 485 7715 7248 751 1761 4467 2019 2928 2014 2065 485 1175 485 485 485 485 485 485 485 485 53 485 485 485 2391 485 3487 485 485 6387 4754 485 485 1998 1347 4314
486 2930 7573 4762 779 486 3879 486 930 831 3607 803 4886 4731 1743 1486 2439 3019 1096 1998 7673 380 3876 816 3813 1078 486 1002 7331 7423 627 1590 2455 541 486 486 4601 2848 486
487 1859
488 1859
489 5687 5687
490 1859
491 81
492 2467
493 4504
494 1859
495 
496 798
497 928 928
498 1859
499 928
500 312
501 1859 1859
502 530
503 6420
504 1859
505 1859
506 140
507 928
508 262
509 1859 1859
510 1397
511 3997
512 1859
513 1859
514 928
515 1397
516 
517 262
518 1859
519 740
520 798
521 3503
522 6420
523 928
524 4938
525 1859
526 6420
527 1859
528 928
529 1078
530 1859 530 530 530 530 530 530 530 530 530 530 530 530 4064 1149 530 530 530 530
531 3798
532 928
533 3993
534 1859
535 4426 4426
536 1859
537 1039
538 3503
539 1859
540 
541 
542 1397
543 5687
544 3400
545 5687
546 1859
547 312
548 1859 1859 1859
549 786
550 262
551 530
552 1224
553 5687
554 928 928
555 1859
556 
557 1859
558 928
559 928
560 3997 3997
561 2482
562 312 312
563 1859
564 6420
565 
566 798
567 928
568 1859
569 928
570 6420
571 
572 928
573 3895
574 928 928 928 928 928 928 928 928
575 3400
576 312 3400 6420
577 5687
578 3997
579 1115
580 150
581 1859
582 6420
583 1859
584 1859
585 928
586 1859
587 1859
588 312
589 1859
590 6420
591 6420
592 4719
593 1803
594 786
595 928
596 6942
597 597 597 597 4602 4485 4436 597 597
598 928
599 928
600 1859
601 150
602 928 928 928 928 928
603 6942
604 5687
605 1859
606 928
607 1859
608 928 928
609 1859
610 1859 1859
611 150
612 4559
613 
614 1859 1859
615 1859
616 
617 5687
618 1859 1859
619 1859
620 1859
621 1859
622 5687 5687
623 928
624 6420
625 5687
626 1859 1859
627 627 486
628 
629 3400
630 1859
631 4719
632 5687
633 6420
634 1859
635 1859
636 7227
637 134
638 1859
639 530
640 928
641 3993
642 1859 1859
643 6420
644 
645 5687
646 928 740 740
647 1859
648 1859
649 3997
650 3256 695
651 1859
652 928
653 1859
654 1859
655 262 262
656 101
657 928
658 1859
659 928 928
660 1859
661 1078
662 928 6420
663 7677 798
664 262
665 1859
666 928 928 928
667 928
668 928
669 928 2568
670 4559
671 928
672 928 1078 1078 1078 1078 1078 1078 1078
673 928
674 530 6420
675 928
676 
677 2568
678 262
679 1397
680 1531
681 1859
682 928
683 316 6420 5687
684 5687 312
685 3798
686 1859 1859 1859 1859
687 1859
688 4800
689 
690 928
691 312
692 1859
693 1859
694 486
695 6108 390 5586 736 4092 2502 5209 7470 262 4965 6630 6630 4329 4223
696 6420
697 444 3895 3895 3993
698 4800
699 1859
700 3798
701 3997
702 3400 3400
703 1397
704 1859
705 1859
706 3000
707 707 707 4443 2116 3896
708 1859 1859
709 928
710 3256
711 1859
712 
713 928
714 1397
715 1859
716 1859
717 5687
718 
719 928
720 
721 1859
722 831
723 936
724 262
725 2568
726 134
727 1859
728 2653
729 6420
730 3400
731 6420
732 1859
733 733 733 733 733 2230 262 733
734 928 2568 928
735 4259
736 
737 312
738 1859
739 597
740 
741 1859
742 2934
743 1859
744 
745 1859 1859 1859 1859
746 1859 1859 1859
747 1859
748 936 2568
749 1859
750 1859
751 
752 798
753 461
754 312
755 262
756 928
757 1859
758 1859
759 140 1397
760 1859
761 1859
762 597
763 
764 3400
765 1859
766 1859
767 4425
768 1397
769 1047 1531 7629
770 1859
771 928 928 928 928 928
772 1859
773 1859
774 312 5687 5687 262 5687 5687 5687 5687 1078 5687 5687 5687 5687 3503 5687 6420 3503 6420 5687 5687 5687 4740 5687 5687 5687 5687 6420 6420 4740 5687 6420 4740 6420 5687 6420 5687 6420 5687 5687 5687 6420 5687 6420
775 928
776 1859
777 2341
778 
779 
780 1859
781 3993 3798
782 1078
783 
784 2407 2407 2407 2407 2407
785 1859
786 3578 786 1130 778 786 751 6325 4399 7264 1299 1299
787 1859
788 1859
789 6420
790 4425
791 1859
792 6420
793 1859
794 831
795 262 597 262 262 3503 2482 4485 262 262 1078 3503 262 3503 262 3503 262 262 3503 262 695 6420 3503 3503 3503 6420
796 1859 1859
797 3000
798 1126 798 798 2858 798 798 6694 798 798 798 798 798 798 798 798 433 798 798 798 798 798 798 295 347 2696 5121 5121 5121 5121 798 798 798 798 2806 798 798 798 798 798 17 798 798 798 798 798 5091 798 1346 2806 798 3349 2639 6477 6822 798 895 1172 798 798 798 3741 798 798 2745 798 798 5278 1133 798 3662 4360 4360 798 5108 798 798 798 3424 744 798 798
799 928 928 928 928 928 928 928 928 928 928 928 928
800 
801 6942
802 928
803 486 803
804 928
805 3400
806 1859
807 1859
808 928
809 928
810 530
811 530
812 1859
813 1859
814 
815 1859
816 
817 786 786
818 1859 1859 1859 1859 1859 1859 1859 1859
819 5687
820 5835
821 1859
822 
823 1859
824 530
825 2941
826 3304
827 1859
828 
829 1859
830 928 798 530
831 5029 831 1917 831 831 831 4597 4364 831 831 831 831 831 831 831 831 831 1028 4366 2164 831 831 831 831 831 831 831 831 831 831 831 831 831 831 831 6065 831 831 831 831 831 831 831 114 831 831 831 831 831 831 3522 831 4417 831 831 831 831 831 4307 831 831 831 1921 1921 1921 831 831 831 831 1049 831 831 831 831 831 831 831 831 831 831 831 1259 831 831 831 831 831 4367 831 831 831 831 831 831 831 1781 831 831 831 831 831 831 2426 3206 831 831 875 831 1859 831 831 831 4468 831 831 831 831 831 831 831 831 831 831 831 831 831
832 2568
833 2568
834 2653
835 3895 3400 1397 1397 1397
836 5687
837 4740
838 1859
839 1859
840 262
841 4559
842 928
843 1859 1859 1859 1859
844 1859
845 1078 1078
846 
847 312
848 798
849 6942 928 928 928
850 3997 5687
851 928
852 928
853 150 2941 2941
854 5687
855 3400
856 928
857 1859
858 928 3895 3895 3895 928 928 928 928 3895 3895 928
859 262 6420 2941 530 530 4120 3895 2568 1397 312 1042 4740 3503 3503 3503 1078
860 928
861 928
862 1859
863 928
864 5687
865 1397
866 7227
867 1859
868 
869 869 2467 2467
870 3993
871 1859
872 6420
873 1859
874 928
875 
876 312
877 928 928 928
878 1859
879 928
880 1859 1859
881 928 928
882 928
883 6420
884 1859
885 1859
886 1859 1859
887 
888 1859
889 928
890 1859
891 831
892 
893 
894 2275
895 798
896 1859
897 4407
898 1859
899 6420 312
900 6420
901 1859
902 928
903 903 2053 1373 903 903 903
904 150
905 2941
906 4410 3022
907 1078
908 262
909 1859
910 312
911 312
912 486
913 312
914 1859 1859 1859
915 1859
916 1859
917 1859
918 6420
919 928
920 928
921 5687
922 6420
923 928 928 928 928 928 1078
924 262 312
925 1859
926 1859
927 3798
928 928 928 928 928 928 928 928 928 928 928 928 928 928 928 1859 928 928 928 928
929 6420
930 
931 3256
932 3400
933 1859
934 530 928
935 1859
936 936 936 936 936 936 936 936 936 936 936 936 1482 2739 936
937 1859
938 1859
939 1859
940 928
941 928
942 1859 1859
943 2810
944 1859
945 928
946 1859
947 928 150
948 1859
949 150 150 150
950 2275
951 1859
952 1859
953 1859
954 1859
955 1859 1859
956 4426
957 1859
958 958 958 4329 4090 2473 1267 958
959 1859
960 928
961 928
962 1322 962 831 887 1377 962 87 962
963 2810
964 6420
965 936
966 1859
967 7227
968 936
969 1859
970 1859
971 6420
972 1859
973 4719
974 3844 798
975 831 4120
976 798
977 1859
978 530
979 312
980 3400
981 798
982 928
983 3381 936
984 312 6420
985 1859
986 1859
987 530
988 312 312 312
989 1859
990 6420
991 5323
992 5687
993 6420
994 1859
995 1859
996 5687
997 928 928
998 1859
999 1859
1000 928
1001 1859
1002 1002 486 1002
1003 1859
1004 140
1005 312
1006 6420
1007 6420
1008 928
1009 928 928 928
1010 1859
1011 1859
1012 530
1013 928
1014 
1015 1859
1016 1859
1017 928
1018 1859
1019 1859
1020 1859
1021 6420
1022 262 3503 3997 3503 3400
1023 1299
1024 5687
1025 1859
1026 928
1027 5687
1028 
1029 7188
1030 5687
1031 
1032 1859
1033 1859
1034 928
1035 3400
1036 831
1037 3400 798
1038 1859
1039 822 1039 1039 712 44 1039
1040 5687
1041 6420
1042 
1043 1859
1044 1859 1859
1045 3997
1046 928
1047 
1048 1859
1049 831
1050 3997 3997
1051 4120
1052 312
1053 1859
1054 3269
1055 1859
1056 936
1057 1859 1859
1058 312 312
1059 4740
1060 798 1060
1061 4559
1062 1859
1063 1859
1064 1859
1065 928 312 530
1066 4256 2589 4256
1067 312
1068 1859
1069 1397
1070 928
1071 530 5687
1072 928
1073 1859
1074 928
1075 928
1076 1859
1077 126
1078 1078 1078 6151 1078 1078 1078 1078 7630 1078 4440 6070 1078 1078 1078 1756 1078 1233 1078 571 1078 1078 1078 1078 1078 1078 672 672 1078 1078
1079 928 928 928 928 928 928 928 928
1080 1859
1081 928 928
1082 1859
1083 1078
1084 5687
1085 1859
1086 262
1087 3400
1088 928
1089 1859
1090 928 928 928
1091 4426
1092 936 936 798
1093 1859
1094 5687 4622
1095 928
1096 
1097 
1098 4740
1099 1859
1100 5687 6420
1101 928
1102 1859
1103 1859
1104 6420
1105 1078
1106 4559
1107 928
1108 1859
1109 928 928
1110 928
1111 4800
1112 2341
1113 530 530 928 928
1114 1859 1859 1859 1859
1115 1115 1115 1115 1115 1115 1115 1115 1115 1115 1115 1115 1115 1115 1115 1115 1115 1115 1115 1115 1115 1115 1115 1115 1115 1115 1115 1115 1115 1115 1115 1115 1115 1115 1115 1115 1115 1115 1115 1115 7227 1115 1115 1115
1116 928
1117 4800 312 5687 6420 4740 4800 5687 4740 3823 316
1118 1118 150
1119 
1120 928 928
1121 1859 1859
1122 1803
1123 6420
1124 928
1125 3526
1126 262
1127 1859
1128 928
1129 5687
1130 1130 1130 1130 4014
1131 4328
1132 1859
1133 
1134 1859
1135 928
1136 6420
1137 3798 4719
1138 1859
1139 1031 312 5687 5687 262
1140 1859
1141 4740
1142 312
1143 1859 1859
1144 5687
1145 928
1146 3256
1147 1859
1148 1859
1149 
1150 150
1151 1859
1152 485
1153 1859
1154 6420
1155 5687
1156 928
1157 1859
1158 1859 1859
1159 798
1160 928
1161 831
1162 262
1163 928
1164 4740
1165 1859
1166 1859
1167 101
1168 150
1169 
1170 5687
1171 1078
1172 
1173 6420
1174 2035
1175 
1176 1859
1177 6942
1178 1859
1179 928
1180 6268 6268
1181 928
1182 928 928
1183 3993 3993 3993
1184 1859
1185 1859 1859 1859
1186 1859 928 928 928 928 928 928 928 928 486 486 486 486 486 486 486 486 486 4559 4559 4559 4559 4559 4559 486 4559 4559 486 486 4559 4559 4559 4559 486 486 486 486 486 486 928 928 486 928 486 486 486 486 486 486 486 928 928 486 928 486 486 486 486 928 486 486 486 486 486 486 486 928 486 486 486 486 928 486 486 486 486 486 486 486 486 486 486 928 486 486 928 486 486 486 928 486 486 486 486 486 486 486 486 486 486 486 486 928 486 486 486 928 928 486 486 486 486 928 928 928 486 486
1187 1859
1188 1859 1859
1189 1859
1190 3400
1191 7227
1192 312
1193 1859
1194 1859
1195 1859
1196 262
1197 
1198 928
1199 1224 928 2230
1200 3540
1201 
1202 3400
1203 928
1204 
1205 1859
1206 1859
1207 312 928 928 928 928 5687
1208 3503
1209 740
1210 
1211 1859
1212 6420
1213 1859
1214 6942
1215 928
1216 1859
1217 6420
1218 786
1219 1859
1220 262
1221 5687
1222 928 928
1223 2810
1224 1224 1224 1224 1224 1224
1225 3997
1226 1859
1227 1859 1859 1859 1859
1228 928
1229 928 928
1230 928
1231 5687
1232 928
1233 
1234 6420 6420
1235 
1236 6420 312
1237 928
1238 4014
1239 831
1240 1859
1241 1859
1242 928
1243 2941 5687
1244 4425
1245 530
1246 928 928
1247 312
1248 1859
1249 1859 1859 1859 1859
1250 6420
1251 6420
1252 2934
1253 3700
1254 1254 3895
1255 928
1256 1859
1257 1859
1258 1859
1259 
1260 798
1261 1078
1262 1859
1263 1859 1859 1859
1264 1859 1859
1265 2653
1266 1859
1267 
1268 1803
1269 2934
1270 5687
1271 798
1272 312
1273 3798
1274 444
1275 81
1276 5687 312 312 312 5323 312 4740
1277 312
1278 786
1279 1859
1280 1859
1281 928
1282 928 928
1283 5687
1284 928
1285 1859
1286 530 936
1287 6420 6420 4740 312 5687 316 2941 2941 5323
1288 1859
1289 6420
1290 3540 3269
1291 6942
1292 3304
1293 7227
1294 1859
1295 262
1296 6420
1297 928
1298 1859
1299 1299 3493 3469 4892 3231 1299 1299 3265
1300 798
1301 262 1301
1302 928
1303 6942
1304 1859
1305 4719
1306 928
1307 312
1308 312
1309 4408
1310 1859
1311 4559 2568
1312 4120 7677 2482
1313 928
1314 4014
1315 5687
1316 
1317 3400
1318 
1319 1859
1320 1859
1321 
1322 
1323 3993
1324 786
1325 928 928 928 928 928 928
1326 1859
1327 928
1328 695
1329 1859
1330 312
1331 1859 1859
1332 4014
1333 
1334 3798
1335 2568 2568
1336 4559
1337 928 928
1338 1859
1339 312
1340 1859
1341 1859 1859
1342 140
1343 312
1344 831
1345 928
1346 
1347 
1348 1859 1859 1859 1859 1859 1859 1859 1859
1349 2275 4014
1350 150
1351 1397
1352 2218
1353 
1354 1859
1355 831
1356 1859
1357 928
1358 928
1359 3997
1360 1859
1361 5323
1362 1803
1363 5687 928 798
1364 1859
1365 928
1366 928
1367 1859
1368 6268
1369 1531
1370 1859
1371 1859
1372 5687 5687
1373 
1374 3997
1375 486
1376 1859
1377 
1378 5323
1379 1859
1380 
1381 1859
1382 1859
1383 1859
1384 140
1385 6420
1386 1859 1859 1859 1859
1387 1859
1388 1859
1389 6420
1390 3844
1391 7638
1392 4014
1393 3997 3798
1394 3400
1395 928 928 6420 530 928 1397
1396 1397 928 928
1397 1397 1397 1397 3551 6393
1398 5687
1399 1859 1859
1400 1400 1400 1400 1400 831 1400 2279
1401 1859 1859 1859 1859 1859
1402 1859
1403 1859
1404 798
1405 1859
1406 262
1407 928
1408 485 485
1409 5687 6420
1410 1397
1411 
1412 1859 1859
1413 4559 6420 928
1414 530
1415 1859
1416 1859
1417 1859
1418 3503
1419 312
1420 3265
1421 150
1422 1859
1423 928
1424 928
1425 1859
1426 928
1427 3400
1428 6420
1429 6420 312
1430 5687
1431 4256
1432 3798 3798
1433 928 928
1434 1859
1435 1078
1436 1859
1437 485
1438 1859
1439 1859
1440 4120
1441 2568
1442 1859
1443 928
1444 1078
1445 2810
1446 
1447 1321
1448 928
1449 798
1450 
1451 5687 5687 6420
1452 1859
1453 1859
1454 928
1455 6420
1456 4740
1457 1859
1458 1859
1459 4314
1460 936
1461 3256
1462 140
1463 2653
1464 1859
1465 4559
1466 530
1467 312
1468 928
1469 1859
1470 1859
1471 831
1472 5687
1473 928
1474 316
1475 6420
1476 1397 1397 928
1477 831
1478 3400 4120 7227
1479 928
1480 262 262
1481 1859
1482 
1483 928
1484 
1485 1859
1486 
1487 5687
1488 1859
1489 4740
1490 5687
1491 928
1492 2810
1493 1859
1494 1859
1495 3895
1496 1321
1497 928
1498 3798
1499 
1500 1859
1501 1859
1502 1859
1503 262 262
1504 1859
1505 1859
1506 4120 4120
1507 530
1508 1859
1509 1859
1510 1859
1511 312
1512 928
1513 1859
1514 1859
1515 150 3895
1516 1859
1517 928
1518 1078
1519 5687
1520 1859
1521 312
1522 1859 1859
1523 312
1524 2934
1525 2275
1526 1859
1527 1859
1528 5687 5687
1529 1859
1530 928 928
1531 1499 1130 1531 1531 1531 205
1532 5687
1533 1859 1859 1859 1859 1859 1859 1859 1859 1859 1859 1859 1859
1534 6420
1535 1224
1536 1859
1537 4120
1538 1859
1539 262
1540 
1541 5687
1542 1859
1543 1859
1544 1859
1545 928
1546 928
1547 786
1548 150 150 150 150 1548
1549 928
1550 1859
1551 928
1552 1859
1553 5687 1039
1554 1859
1555 150
1556 4800
1557 6942
1558 1859
1559 1859 1859 1859
1560 6420
1561 798 928
1562 2568
1563 1078
1564 928
1565 1859 1859 1859 1859 1859
1566 2589
1567 3540
1568 4559
1569 1397 4740
1570 5687
1571 
1572 1859
1573 262
1574 928 928 928 928 3993
1575 
1576 
1577 6420
1578 1859
1579 4559
1580 2275
1581 1859
1582 928 928 928 928 928 928 6420
1583 4426
1584 1859 1859
1585 1859
1586 3400
1587 150
1588 1859
1589 312
1590 
1591 4740 928
1592 1859
1593 530
1594 928
1595 3997
1596 5687 312 312
1597 1859
1598 1859
1599 262
1600 150
1601 4014 831
1602 3400 6942 6420 6942 5687 928 928 928 928 5687 928 5687 928 928 5687 928 262 928 3265 262 928 2482 3798 740 928 5687 928
1603 928
1604 928
1605 1078
1606 81
1607 140
1608 5687 928
1609 
1610 928
1611 
1612 1859 1859 1859
1613 6420
1614 1859
1615 1078
1616 1078
1617 1859 1859
1618 1859
1619 
1620 262
1621 5687
1622 1210 3503 74 1210
1623 530
1624 1078
1625 1859
1626 1859
1627 3256 3256
1628 5261
1629 928
1630 312
1631 6942
1632 3256
1633 461
1634 1859
1635 928
1636 928 928
1637 831
1638 3400 2653
1639 928 928
1640 1576 312
1641 5687 6420 312
1642 928
1643 4425
1644 1859
1645 5687 4559
1646 3397
1647 3400
1648 1859 1859
1649 1859
1650 150
1651 5687
1652 
1653 740
1654 6420
1655 5687
1656 4559
1657 1859
1658 928
1659 312
1660 928
1661 6420
1662 6268 1803
1663 1859 1859
1664 
1665 6420
1666 831
1667 1859
1668 530
1669 1859
1670 3993
1671 1859
1672 3993
1673 5687
1674 1859 1859 1859 1859 1859 1859 1859 1859 1859
1675 1859
1676 936
1677 1859
1678 1859
1679 3993
1680 3798
1681 3798
1682 1859
1683 1859 1859
1684 5687 5687
1685 4426
1686 1299
1687 3503
1688 1803 3895 928 5687
1689 1859
1690 928
1691 1859
1692 1531
1693 928 928 928 928
1694 1859
1695 3993
1696 3895 3895 3895 3895 3895 3895 3895
1697 5687 5687 5687
1698 4328
1699 5687
1700 1700 1700 461
1701 6420 936
1702 312
1703 1859
1704 5687
1705 1859
1706 530
1707 1859
1708 6420 6420 6420
1709 928
1710 1859
1711 140
1712 1859
1713 1859
1714 4014
1715 1859
1716 928 312
1717 1859
1718 928
1719 1859
1720 928
1721 928
1722 928
1723 140
1724 958
1725 3503
1726 4426
1727 6942
1728 1859
1729 1397
1730 6420
1731 1859
1732 4256
1733 5687
1734 928
1735 312
1736 
1737 1859
1738 1859
1739 1859
1740 5687
1741 5687
1742 3997
1743 
1744 
1745 928 928
1746 928
1747 928
1748 928
1749 5687
1750 928
1751 1859
1752 1859
1753 164
1754 4740
1755 928 928
1756 
1757 1859
1758 1859
1759 1859
1760 
1761 
1762 928
1763 4120
1764 4634
1765 1859
1766 1859
1767 1859
1768 1859 1859 1859 1859
1769 1859
1770 1859 1859
1771 3400
1772 1859
1773 1859 1859
1774 6942 5687 5687
1775 6420
1776 928
1777 1859
1778 928
1779 
1780 1115
1781 
1782 6420
1783 1859
1784 1859 1859 1859
1785 1859
1786 928
1787 6420
1788 5467
1789 
1790 
1791 928
1792 928
1793 928
1794 1859
1795 1795 1795 1795
1796 1859
1797 4938
1798 2341
1799 1859
1800 1859 1859
1801 1859
1802 6942
1803 
1804 1397
1805 1859
1806 262
1807 1859
1808 928
1809 928
1810 928
1811 530
1812 5687 5687 6420
1813 
1814 1859
1815 1859
1816 3304 4559
1817 5261
1818 1859 1859
1819 3993 1819
1820 81
1821 4423 6420 5687
1822 1859
1823 928
1824 928
1825 1078
1826 928
1827 7331
1828 1859
1829 1829 1829 3798 928 928
1830 312 740 928
1831 1859
1832 1078
1833 5687 5687 5687 5687 6420 6420 262 262 3400
1834 798
1835 5687
1836 1859
1837 5687
1838 2941
1839 1078 1078 262
1840 1859
1841 3798
1842 1859
1843 1859
1844 5687
1845 6420
1846 1859
1847 3503
1848 6420
1849 798
1850 597
1851 262
1852 1224
1853 7188
1854 928 928
1855 1859
1856 7638
1857 
1858 928 928 928
1859 1859 1859 1859 1859 1859 1859 1859 1859 1859 1859 1859 1859 1859 1859 1859 1859 1859 1859 1859 1859 1859 1859 1859 1859 1859 1859 1859 1859 1859 1859 1859 1859 1859 1859 1859 1859 1859 1859 1859 1859 1859 1859 1859 1859 1859 1859 1859 1859 1859 1859 1859 1859 1859 1859 1859 1859 1859 1859 1859 1859 1859 1859 1859 1859 1859 1859 1859 1859 1859 1859 1859 1859 1859 1859 1859 1859 1859 1859 1859 1859 1859 1859 1859 1859 1859 1859 1859 1859 1859 1859 1859 1859 1859 1859 1859 1859 1859 1859 1859 1859 1859 1859 1859 1859 1859 1859 1859 1859 1859 1859 1859 1859 1859 1859 1859 1859 1859 1859 1859 1859 1859 1859 1859 1859 1859 1859 1859 1859 1859 1859 1859 1859 1859 1859 1859 1859 1859 1859 1859 1859 1859 1859 1859 1859 1859 1859 1859 1859 1859 1859 1859 1859 1859 1859 1859 1859 1859 1859 1859 1859 1859 1859 1859 1859 1859 1859 1859 1859 1859 1859 1859 1859 1859 1859 1859 1859 1859 1859 1859 1859 1859 1859 1859 1859 1859 1859 1859 1859 1859 1859 1859
1860 1859
1861 928
1862 1397
1863 928 928
1864 1047
1865 1859 1859
1866 6942
1867 6420
1868 1859
1869 150
1870 1859 1859
1871 5687
1872 928
1873 1859
1874 6420
1875 1859
1876 1859
1877 1859
1878 1859
1879 928
1880 5687
1881 1859
1882 1859
1883 695
1884 740
1885 928
1886 1859
1887 928
1888 81
1889 1859
1890 486
1891 1859
1892 928
1893 1397 1397
1894 798
1895 1859
1896 
1897 1859
1898 1859 1859
1899 5687
1900 6420
1901 798
1902 2653
1903 928
1904 1859
1905 444 444
1906 928
1907 928
1908 312
1909 3256
1910 928
1911 1859
1912 1859
1913 1859 1859
1914 1859
1915 1859
1916 1078
1917 
1918 1859
1919 1859
1920 1859
1921 1921 831 831 831 831
1922 1859
1923 4740
1924 6420 6420
1925 1859
1926 831
1927 3993
1928 5687
1929 1078
1930 
1931 1078
1932 312
1933 1859 1859 1859 1859 1859
1934 4256
1935 1859
1936 
1937 1859
1938 1859
1939 928 928
1940 3503 928
1941 6420
1942 4634
1943 164
1944 6420
1945 485 786
1946 928 928 928 928
1947 1078
1948 928
1949 1859
1950 312
1951 2568
1952 1859
1953 1859 1859 1859
1954 3993
1955 150
1956 928
1957 1859
1958 4511
1959 3993
1960 1078
1961 1961 1961 2275
1962 928
1963 831
1964 312
1965 2568
1966 
1967 1859
1968 786
1969 928
1970 798
1971 
1972 3503
1973 1859 4938
1974 928
1975 2941
1976 4259
1977 1859
1978 928
1979 1859
1980 1859
1981 928
1982 4559 4559
1983 928
1984 101
1985 928
1986 6942
1987 262
1988 1859
1989 2568
1990 4381
1991 2568
1992 1859
1993 928
1994 
1995 928
1996 336
1997 928
1998 
1999 1859
2000 3997
2001 1397
2002 1859
2003 928
2004 1859
2005 1859
2006 6420
2007 
2008 928
2009 628 4719
2010 5687 5687 5687 6420 5687 5687 5687 5687 6420 3895 6420 6420 6420 6420 6420
2011 6420
2012 928
2013 6420
2014 
2015 312
2016 6420
2017 1859
2018 1859
2019 3493
2020 101 5261 5261 5261 5261
2021 4381
2022 1859
2023 1859
2024 312
2025 485
2026 6420
2027 4426
2028 5687
2029 5687
2030 312
2031 928
2032 
2033 1859
2034 928
2035 
2036 6420 2036
2037 7656 2037 316
2038 3400
2039 6420
2040 1859
2041 262
2042 312
2043 6942
2044 1859
2045 3526
2046 1859
2047 928
2048 6420
2049 1859
2050 461
2051 1078
2052 928
2053 
2054 1859 1859
2055 3798
2056 1859
2057 2275
2058 928
2059 3256
2060 1859
2061 928
2062 928 928
2063 928 1397
2064 1859
2065 2467
2066 1859 5687 1224 1397 5687 6420
2067 6942
2068 1859
2069 3997 928
2070 1859
2071 312 312 6420
2072 
2073 928
2074 2941
2075 1859
2076 4328
2077 928
2078 81
2079 2079 2079 2079 2079
2080 4120
2081 3397
2082 1031
2083 5687
2084 530
2085 3997 530 6420 5687 2941 5687
2086 1299
2087 928
2088 1803
2089 3421
2090 262
2091 928
2092 1859
2093 4800
2094 6420
2095 1859
2096 7638
2097 6420
2098 1859 1859
2099 1859
2100 5687
2101 4634
2102 798
2103 3400
2104 530
2105 1859
2106 6420 5687
2107 5687
2108 4631
2109 1859
2110 312
2111 1859
2112 1859
2113 1859
2114 798
2115 1859
2116 
2117 1859
2118 928
2119 312 312
2120 928 928
2121 3798
2122 312
2123 2653
2124 1859
2125 2391
2126 1859
2127 831 831
2128 928
2129 530
2130 928
2131 1859
2132 1859
2133 4014
2134 2589
2135 1859
2136 1039 1039
2137 1859
2138 1859 1859
2139 5687
2140 1397
2141 6420
2142 928
2143 628
2144 1859
2145 1859
2146 312
2147 1531
2148 1859
2149 
2150 1859
2151 312
2152 1299
2153 
2154 1859
2155 928
2156 2482
2157 3400 3400
2158 2275 4301
2159 3997
2160 928 928
2161 1531
2162 1859
2163 6420
2164 
2165 3798
2166 1859
2167 312
2168 1859
2169 3993
2170 262
2171 3503
2172 1859
2173 936
2174 1859 1859 1859
2175 1859
2176 1859
2177 1859
2178 6420
2179 1859
2180 1859
2181 928
2182 1859
2183 312 5687 312 312 312 312 5687 312 312 312 312 312 312 312 312 312 312 312 312 312 312 312 5687 5687 312 5687
2184 
2185 262
2186 312
2187 928
2188 1859
2189 1859
2190 1859
2191 5687
2192 1859
2193 262
2194 312
2195 1859
2196 1859
2197 6420
2198 928 928
2199 1859
2200 312
2201 3256 3256 3421 3256 3421
2202 1078
2203 928
2204 
2205 1859 1859 1859 1859 1859 1859 1859 1859 1859
2206 1859
2207 1859
2208 1859
2209 1859
2210 928 928 928
2211 1039 6420
2212 3993
2213 6420
2214 312
2215 1859
2216 262
2217 1859
2218 2218 2218 2218 2218 2218 2218
2219 
2220 1859
2221 3400 3400
2222 1224 1224
2223 6420
2224 6942
2225 3199 3199 1316 928 530
2226 1859
2227 1859
2228 1859
2229 530 530
2230 
2231 928 928 928 928
2232 3503
2233 1859
2234 1859 1859
2235 262
2236 928
2237 1859
2238 262
2239 928
2240 740
2241 3895
2242 1078
2243 928
2244 2244 3997 3997 2244 3997
2245 1859
2246 1859
2247 1859
2248 928 928 928
2249 1859
2250 530
2251 1859
2252 1859 1859 1859
2253 6420
2254 312
2255 928
2256 1859
2257 928
2258 2568
2259 6420
2260 134
2261 1078
2262 3503
2263 6420
2264 1859
2265 928
2266 928 928
2267 928
2268 1078
2269 928
2270 6420 6420 6420 6420 6420 6420
2271 3993 3993
2272 2482
2273 6420
2274 150
2275 
2276 4381
2277 2568
2278 4740
2279 
2280 928
2281 1859
2282 928
2283 1078
2284 3400 3400
2285 5687
2286 1859
2287 1859
2288 1859 1859
2289 928
2290 3400
2291 1859
2292 5687
2293 5687
2294 262
2295 1859
2296 1859
2297 1859
2298 6420
2299 6420
2300 150
2301 262
2302 1078
2303 3256 3256 3400 3993
2304 928
2305 312
2306 928
2307 
2308 1224
2309 3798 2275 4256
2310 262
2311 3993
2312 6420 6420
2313 5687
2314 3400 3400
2315 1859
2316 312
2317 928 928
2318 
2319 1397
2320 1859
2321 1859
2322 928
2323 2326
2324 316
2325 4425
2326 
2327 6942 2275
2328 1859
2329 928
2330 6942
2331 312
2332 6420 6420 6420 6420 6420 6420
2333 1859 1859
2334 1859
2335 1859
2336 1859
2337 4800
2338 2338 262
2339 1859
2340 798
2341 2341 50 2072 5275 2007 4079 2574 2966 3515 50 4354 4623
2342 1859
2343 1859
2344 1859
2345 262
2346 5687 5687 5687 5687 3798 3798 5687 5687 5687 5687 5687 5687 5687 5687 928 2568 5687 5687 3895 3895 262 262 3895 5687 150 928 4740 3503 3503 5687 5687 262 5687 5687 5687 5687 1397 530 1078 530 928 928 928 530 1078 1047 2568 5687 5687 5687
2347 2568
2348 
2349 3256
2350 928
2351 831
2352 1859 1859
2353 6420
2354 150
2355 928
2356 3997
2357 4426
2358 1859
2359 1859
2360 7331
2361 928
2362 740 3256 2035 1966
2363 530 6420
2364 1859
2365 1859
2366 3540
2367 3400
2368 798
2369 530
2370 1859
2371 
2372 1859 1859
2373 928
2374 3999 928
2375 7227 312
2376 2482
2377 1859
2378 928
2379 1484
2380 3503
2381 444 444 7227
2382 928
2383 928
2384 5687
2385 5323 5323
2386 928
2387 5687
2388 1859
2389 1859
2390 1859
2391 
2392 1859
2393 4740
2394 4462
2395 1859
2396 936
2397 1859
2398 486
2399 1859
2400 150
2401 3798 928 740
2402 1859 1859 1859
2403 6942
2404 928 928
2405 4559
2406 1859
2407 
2408 928
2409 5687
2410 831
2411 1859
2412 831
2413 1859 1859
2414 6420
2415 7638
2416 5687
2417 1859
2418 1859
2419 1859
2420 1859
2421 6420
2422 928
2423 1859
2424 1859
2425 928 928
2426 
2427 928
2428 6420 5687
2429 530
2430 4425
2431 1859
2432 928 928
2433 928
2434 1859
2435 5687
2436 2275
2437 1859 1859
2438 1859
2439 
2440 1859
2441 928 485
2442 262
2443 5687
2444 3798 3503 3997
2445 831 831 831
2446 1859 1859
2447 6268 6268 6268
2448 1859
2449 928
2450 4559 530 3895 3895 530 3895 3700 928 928 928 3895 3895
2451 530
2452 4298
2453 6420 6420
2454 1859
2455 
2456 5467
2457 3400 3526
2458 1859 1859
2459 1859 1859
2460 928
2461 1859
2462 486
2463 928 928
2464 1859 1859 1859 1859
2465 1859
2466 1859
2467 2467 2467 2467 1664 6317 4398 2467 2467
2468 5687
2469 928 928
2470 530
2471 3265 7227 3265 3895
2472 928
2473 786 461
2474 928
2475 1859
2476 831
2477 5687
2478 5687
2479 1859
2480 928 928 928 928 928
2481 4740
2482 
2483 486
2484 7331
2485 928
2486 3798
2487 312
2488 928 928
2489 1859
2490 3381
2491 928
2492 1859
2493 312
2494 928
2495 530
2496 6942 4559
2497 1859
2498 312
2499 928
2500 1859
2501 928
2502 2502 2502 4014 4014
2503 1859
2504 928
2505 1859
2506 101
2507 1859 1859
2508 4719
2509 928
2510 6420
2511 5687 312
2512 4256 4256
2513 1859
2514 4426
2515 262
2516 928
2517 1859 1859 1859 1859
2518 6420
2519 312
2520 6960
2521 928
2522 1859
2523 1859
2524 
2525 312
2526 1859 1859
2527 6420 6420
2528 312
2529 5687
2530 928
2531 1859
2532 936 2568
2533 1397
2534 2941 4740
2535 1859
2536 6420
2537 1859
2538 2275
2539 1859
2540 6420
2541 6420 5687
2542 928
2543 
2544 5687 5687
2545 5784 5784
2546 3503
2547 928
2548 3400
2549 928
2550 1859
2551 1859
2552 928
2553 1859
2554 1859
2555 1531 2275 892
2556 928 312
2557 6420
2558 1859
2559 1859
2560 2568
2561 928
2562 4426
2563 1859
2564 5687
2565 
2566 150
2567 5687
2568 4890 2568 2568 2568 3933
2569 1859 1859
2570 1859
2571 1859
2572 5687
2573 
2574 
2575 1859
2576 4719
2577 3993 3993
2578 928
2579 928
2580 1859
2581 1859
2582 6420
2583 928
2584 1859
2585 4559 831
2586 6420
2587 5687 312 312
2588 928
2589 2589 2589 2589 2589 2589 2589
2590 1859
2591 1397
2592 928
2593 
2594 6420 6420
2595 5323
2596 3256
2597 312 6420
2598 936
2599 1859 1859
2600 1859
2601 1803
2602 5687 312
2603 6420 3895 150
2604 262
2605 1859
2606 4800
2607 1859
2608 1859
2609 
2610 101
2611 6420
2612 1859 1859
2613 1859
2614 928
2615 1859
2616 6420
2617 6420
2618 1859
2619 5323
2620 150
2621 1859
2622 928
2623 1859
2624 1859
2625 1859
2626 3721 262 928
2627 530
2628 3997
2629 1078 1078 530 530
2630 5687 312
2631 831
2632 1859
2633 928
2634 6420
2635 1859
2636 1859
2637 5687
2638 1859
2639 
2640 928 928 4328 4328 4328
2641 4402
2642 1859
2643 928 928 928
2644 4559
2645 928
2646 928 4719
2647 1859
2648 1859
2649 6942
2650 6420 6420
2651 928
2652 2568
2653 
2654 1397
2655 1859
2656 312
2657 3400
2658 1859
2659 262 928 928 928
2660 3304
2661 1859
2662 312
2663 5687 6420
2664 3997
2665 936
2666 4014
2667 262
2668 4120 3400 928 936
2669 3895 928
2670 3993
2671 2671 2671 2568
2672 928
2673 312
2674 4259
2675 5687
2676 2568 312
2677 1859
2678 5687
2679 1859 1859
2680 928 3997
2681 3540 4425
2682 1859
2683 
2684 928
2685 928
2686 1859
2687 2589
2688 6420
2689 928 6420 928 928
2690 6420
2691 5323
2692 1859
2693 928
2694 928
2695 312
2696 
2697 1859
2698 1859
2699 312
2700 4425 3334
2701 3265
2702 2702 2702 1078 1078
2703 3265
2704 312
2705 530
2706 1859
2707 262
2708 3895
2709 2568
2710 1859
2711 3798
2712 928
2713 3400
2714 1859
2715 1859
2716 928
2717 1859
2718 928
2719 2653
2720 2720 3503 530
2721 4559
2722 928
2723 3400 3400 3400
2724 1859
2725 1397
2726 1859
2727 5687 5687
2728 4559
2729 530 530 530 3895
2730 5687
2731 3895
2732 1859
2733 1859 1859
2734 1859
2735 312
2736 1859
2737 
2738 312
2739 
2740 1859
2741 928
2742 312
2743 6420
2744 312
2745 1078 5687 798
2746 928
2747 5687
2748 4511
2749 5687
2750 1859
2751 2568
2752 150
2753 5687
2754 928
2755 6942
2756 1078
2757 1859
2758 798 1078 530
2759 1859
2760 1859 1859
2761 3256
2762 3997
2763 6420
2764 316
2765 1859
2766 1859
2767 1859
2768 312
2769 928
2770 928 928 928 928 928
2771 7227
2772 6420
2773 3503
2774 312
2775 597 3400 3400
2776 928
2777 1859
2778 936
2779 1859
2780 312
2781 928
2782 6420 312
2783 5687
2784 1859
2785 1859
2786 928
2787 6420
2788 6420 6420 6420 6420 6420 6420 6420 6420
2789 7677
2790 1859
2791 1859
2792 3895 3895 3503 3400 3503 3895 3895 3400 4298
2793 1078
2794 1859
2795 3997
2796 1859
2797 1859
2798 1859
2799 1078
2800 3400
2801 5687
2802 1859
2803 1047
2804 1859 1859
2805 3256
2806 2806 2806 798
2807 6420
2808 1859
2809 530
2810 
2811 3798
2812 928
2813 3997
2814 1803 1803
2815 
2816 1859
2817 928
2818 928
2819 928 928 928 928
2820 312
2821 1859
2822 4120
2823 1859
2824 530
2825 1859
2826 1397
2827 6420
2828 928
2829 316
2830 1859
2831 928
2832 928
2833 928
2834 101
2835 5687 6420
2836 928
2837 6420
2838 1859
2839 4426 4426 4426 4426
2840 6942
2841 4425
2842 312
2843 3605 3605
2844 6942
2845 1859
2846 1859
2847 1859
2848 
2849 4328
2850 1859
2851 7227
2852 4800
2853 262
2854 1859
2855 1859
2856 3256 6420
2857 1859
2858 
2859 312
2860 928
2861 928
2862 1859
2863 3400
2864 6420
2865 928
2866 1078
2867 928
2868 1859
2869 928
2870 1859
2871 1078
2872 4425
2873 1210
2874 1859
2875 1859
2876 936
2877 786
2878 1859
2879 6420
2880 2275
2881 530
2882 4426
2883 928
2884 1859
2885 1859
2886 3997
2887 6420
2888 530
2889 1859
2890 928
2891 1859
2892 7331 7331 7331 7331 7331 7331 7331 7331 7331 7331 7331 7331 7331 7331 7331 7331 7331 7331 7331 7331 7331 7331 7331 7331 7331 7331 7331 7331 7331 7331 7331 7331 7331 7331 7331 7331
2893 2893 597
2894 1859
2895 928 928
2896 1859
2897 312
2898 1966
2899 312
2900 6420
2901 486
2902 4559 740
2903 530
2904 150
2905 1859
2906 1859
2907 6420
2908 1859
2909 1859
2910 1859
2911 1859
2912 5323
2913 4120 4120 7188
2914 1859
2915 928
2916 1859 1859
2917 6420
2918 798 4120 4559
2919 486
2920 3798
2921 1859
2922 4719
2923 1859
2924 1859
2925 1859
2926 928 928 928
2927 928
2928 485
2929 5687 5687 6420 5687 5687 740 928 2941 6420
2930 
2931 1859
2932 928
2933 1859 1859 1859
2934 
2935 928
2936 1859
2937 312 312
2938 7227
2939 1078
2940 1859
2941 
2942 928 928 928 928
2943 928
2944 1859
2945 4559
2946 928
2947 1859
2948 1859
2949 831
2950 6420
2951 
2952 1078
2953 4559
2954 928
2955 1803
2956 6420
2957 486 2934
2958 740
2959 6420
2960 6420
2961 1859 1859
2962 6942
2963 1859
2964 1859
2965 6420
2966 
2967 6420
2968 1859 1859 1859 1859 1859 1859
2969 
2970 1078
2971 928
2972 1859 1859 1859
2973 1859
2974 6420
2975 928
2976 5687
2977 1859
2978 928
2979 4120
2980 1859
2981 928 928 928 928 928 928
2982 1047
2983 928 928
2984 262
2985 5687
2986 5687
2987 831
2988 312
2989 831
2990 6420 6420
2991 4740
2992 928
2993 928
2994 1859
2995 
2996 1859
2997 928
2998 6420
2999 262 3400 4120 3400 928 936 928 928
3000 
3001 6420
3002 1859 3002 3002 316 312 316
3003 1859 1859 1859 1859 1859
3004 928 928 928
3005 6942
3006 6420 5687 5687 312 6420
3007 1859
3008 4559 4120 3997 2275
3009 3605
3010 1859
3011 928
3012 7638
3013 2810
3014 486
3015 530
3016 232
3017 928
3018 
3019 
3020 6420
3021 1859
3022 
3023 1859
3024 1859
3025 1078
3026 928
3027 1859
3028 1859 1859
3029 6420
3030 6420
3031 2941 5687
3032 6420
3033 4740
3034 928 928
3035 1859
3036 312
3037 6420
3038 1859
3039 928
3040 
3041 928
3042 928
3043 1859
3044 1859
3045 928
3046 6420
3047 1859
3048 1859
3049 6420
3050 928
3051 3400
3052 
3053 2482 3997 2326
3054 1859
3055 3503
3056 6942 222
3057 928 928
3058 1859
3059 2568
3060 4462
3061 6942
3062 1859
3063 312
3064 1859
3065 3997
3066 6420
3067 3798
3068 5687
3069 5687
3070 928 928
3071 6942 6942
3072 3400
3073 312
3074 928 928 928 928 928
3075 928
3076 1859
3077 312
3078 1859
3079 5687 5687
3080 
3081 1397
3082 928
3083 1859
3084 530
3085 1299
3086 262 928 928 928 928 262 530 3798 3798 3798 3798 3798 3798 928 936
3087 1078
3088 
3089 6420
3090 6942
3091 6420
3092 2653
3093 1859
3094 1859
3095 928 928 928 928 928 928
3096 5687
3097 2568
3098 312
3099 6420
3100 1299
3101 6420
3102 6942 530 530
3103 1859
3104 3503
3105 928
3106 486
3107 1078 2568 740 312
3108 5687
3109 1859
3110 6420
3111 3895 312
3112 312
3113 3269
3114 6942
3115 5687
3116 2275
3117 1859
3118 1859
3119 312
3120 262
3121 928
3122 928
3123 928
3124 1859 1859
3125 262
3126 4740
3127 1859
3128 1078
3129 262
3130 928
3131 5687
3132 461 461
3133 4014
3134 1859
3135 5687 4740 4740 316 2941 5687 2941 5687 312
3136 312
3137 1859
3138 1859
3139 3400
3140 1078
3141 3895
3142 1859
3143 928
3144 5687
3145 1859
3146 3997
3147 928
3148 597
3149 1859
3150 928
3151 1859
3152 6420
3153 312
3154 1859 1859
3155 1859
3156 928
3157 262 262 262
3158 1859
3159 1859
3160 6420
3161 1859 1859
3162 1397
3163 5687
3164 3993
3165 6420
3166 6420
3167 928
3168 461
3169 1803
3170 928 928 928 928 928 928 928 928 928
3171 312
3172 1859
3173 1859 1859
3174 1859
3175 928
3176 1859
3177 1859
3178 6420
3179 3993
3180 312
3181 1859
3182 6942 6942
3183 928
3184 1859
3185 6942 1803
3186 312
3187 262 262
3188 4800
3189 6420
3190 1078
3191 928
3192 4559 798
3193 262 928 928
3194 928
3195 928 928 928 928 928 928 928 928 928 928 928
3196 1859
3197 4426
3198 312
3199 
3200 928
3201 
3202 5687
3203 831
3204 3993 3993
3205 1859
3206 
3207 2568
3208 1859 1859
3209 6420
3210 7638 7638
3211 5687
3212 150 150
3213 2941
3214 5687
3215 1859
3216 928
3217 6942
3218 312
3219 928
3220 1859
3221 3798
3222 1803
3223 312
3224 1859
3225 1859
3226 150
3227 1859
3228 928
3229 
3230 1859
3231 
3232 928
3233 2275
3234 1859
3235 1859
3236 5687 6942 6942 6942 6942 6942 6420 6420 5687
3237 1859
3238 4800 5687
3239 1859
3240 1859
3241 5687
3242 1859
3243 1859
3244 928 928 928 928 928 928 928 928
3245 3245 3245 316 134 5687 597 316 134 5687 316 134 5687 597
3246 936
3247 2810
3248 928
3249 5687 5687
3250 928 928
3251 5687
3252 928
3253 2318
3254 1859 1859
3255 1397
3256 5793 5305 3256 3256 3256 2805 3256 3256 4425 1201 3256 3256 3256 3256 4552 1627 6929 814 3256 2681 2593 3256 3256 1311 3256 61 211 6785 4396 138 3256 3256 3384 3256 3256 3416 6332 4633 4501 7154 3256 4208 6641 3256 1994 3256 1627 6 828 6671 3256 3256 3256 3080 2201 2219 2149 5710 3256 3256 3256 4425 3256 3256 4208 5710 3256 3256 5305 868 6601 1450 3052 4447 3256 868 3256 3256 4694 7332 3256 3256 1609 3256 3256 5175 3052 3256 3256 3256 2201 5175 2153 3256 7153 7074 4562 4396 4788 3256 6272 3256 4829 3256 3256 4766 6827 783 4586 3256 4396 3256 3256 3256 12 7109
3257 1859
3258 1859
3259 1859
3260 4559
3261 1859
3262 1210
3263 1859
3264 1859
3265 1575 3265 7636 5354
3266 7188
3267 312
3268 928
3269 
3270 1859
3271 6420
3272 1047 3997 1531
3273 928
3274 6942
3275 928
3276 530
3277 1859
3278 530 530 530
3279 1859
3280 1859
3281 3997
3282 3997
3283 3400 4426 928 4559 1078 262
3284 1078
3285 1859 1859
3286 1859
3287 222 4298
3288 1859
3289 5687
3290 831
3291 1859
3292 530
3293 1859
3294 5687
3295 1397 928 1397
3296 1859
3297 1859
3298 1859
3299 1859
3300 1859
3301 312
3302 798
3303 1859
3304 1857 2401 69 3695
3305 
3306 2482 1813
3307 150
3308 3400
3309 7227
3310 
3311 928 928 928
3312 1859
3313 1859
3314 4559
3315 928
3316 262
3317 
3318 3256
3319 5687 312
3320 1859
3321 5261
3322 2275 1039
3323 1859
3324 5687
3325 1859
3326 2589
3327 312
3328 1859
3329 3256
3330 928
3331 312 312
3332 928 928 928
3333 1078 1078
3334 
3335 1859
3336 3503
3337 1859
3338 1859
3339 1859
3340 1859
3341 928
3342 312 4462 530 2568
3343 928 312
3344 1859
3345 5687
3346 6942
3347 1859
3348 3997
3349 
3350 1859
3351 1859
3352 928
3353 530
3354 312
3355 1859
3356 3503
3357 1859
3358 262
3359 1736 3359 3359 3359 4405 4405 7350
3360 262
3361 1859 1859
3362 316
3363 1859 1859 1859
3364 928 5687
3365 1859
3366 928 928 928 928
3367 928 928
3368 1859
3369 1859
3370 5687 5687
3371 1859
3372 312
3373 2275 486 486 486 4559 2275 798 2275
3374 1859
3375 3997
3376 312
3377 1859
3378 1859
3379 1859
3380 6420 6420
3381 3381 3381
3382 6420
3383 3400
3384 
3385 1859
3386 3386 3386 3386
3387 5687 3265
3388 6420 4381 3265 6420
3389 316 134
3390 101
3391 928
3392 7677 81
3393 1859
3394 740
3395 1859
3396 1859
3397 
3398 1859 1859 1859 1859 1859 1859 1859 1859 1859 1859 1859 1859 1859 1859 1859 1859 1859 1859 1859
3399 798 530
3400 3400 3400 3400 3400 470 4629 3400 3400 613 3400 2221 3400
3401 5687 928
3402 1859
3403 928
3404 6420 6420 928
3405 4525 4525 4525
3406 1859
3407 1859
3408 6420
3409 1859
3410 1859
3411 
3412 4426
3413 1078
3414 3997
3415 6420
3416 
3417 4800
3418 150 3418 3418 3605
3419 928
3420 312 6420
3421 
3422 1859
3423 3400
3424 798
3425 928
3426 1859
3427 530
3428 4426 928 4559 1078
3429 312
3430 3997
3431 1859
3432 312
3433 3993
3434 928
3435 928
3436 1859
3437 4268
3438 1859
3439 1859
3440 1859
3441 1859 1859
3442 798
3443 1859
3444 928
3445 4559
3446 5687
3447 
3448 1859 1859
3449 
3450 928
3451 6420
3452 936
3453 312
3454 928
3455 
3456 1078 5687
3457 928 928 928 928 928
3458 1859
3459 928
3460 831
3461 928 928 936 928 928 928 936
3462 3997
3463 1859
3464 1859
3465 6960
3466 2568
3467 928
3468 1859
3469 1299
3470 3540
3471 4220
3472 2482
3473 1859
3474 1859
3475 928 928
3476 4938
3477 3400
3478 928
3479 1859
3480 1397
3481 1397
3482 312
3483 150
3484 6420
3485 262
3486 6420 312
3487 
3488 6420
3489 928
3490 928
3491 5261
3492 1859
3493 485
3494 928
3495 1859
3496 1859
3497 1859
3498 928
3499 6420 5687
3500 831 831
3501 1859
3502 928
3503 261 3937 4830 3503 3503 6528 5578 495 7216 5903
3504 928
3505 1859
3506 3506 831
3507 5687
3508 4426
3509 150
3510 312
3511 1859
3512 1859
3513 1859
3514 
3515 
3516 1078
3517 1859
3518 1859
3519 1859
3520 928
3521 1859
3522 
3523 6420
3524 6420
3525 1078
3526 3526 2045 4896 6168 3622
3527 1859
3528 1859
3529 1859
3530 1397
3531 928 928
3532 928
3533 1397
3534 1859
3535 150
3536 1859
3537 928
3538 3503
3539 150
3540 
3541 1397
3542 140
3543 3997
3544 1859
3545 928
3546 486
3547 928 530
3548 312
3549 140
3550 5323
3551 
3552 928
3553 4407
3554 1859
3555 5687
3556 262
3557 1531
3558 1859
3559 1859
3560 1859
3561 928
3562 6420
3563 150
3564 3400
3565 7331
3566 1859
3567 312
3568 928 928
3569 6420
3570 3503
3571 1859
3572 1859
3573 1859
3574 1859 3574
3575 928
3576 3895
3577 1859
3578 786
3579 3400
3580 485
3581 1859
3582 5687
3583 1859
3584 3895
3585 262
3586 928
3587 4120
3588 928 928
3589 798
3590 928
3591 1859
3592 798
3593 928
3594 3997 6960 6960 6960 6960 6960 3997 3997 3997 7227
3595 6420
3596 3993
3597 5687
3598 5687 5687 5687 5687 5687 5687
3599 3895
3600 150
3601 1859
3602 1859
3603 565
3604 1078
3605 2524 1619 1971
3606 312
3607 
3608 928
3609 6420
3610 1859
3611 1078
3612 928
3613 928
3614 1859
3615 1859
3616 3993
3617 928
3618 1859
3619 928
3620 486
3621 928
3622 
3623 1859
3624 1859
3625 1859
3626 4425 3400 3400 4425
3627 1859
3628 5687
3629 1859
3630 1859
3631 1859
3632 1859
3633 1859 1859
3634 1859
3635 1859
3636 928
3637 1078
3638 
3639 831 831 831
3640 3503
3641 1859
3642 4256 530
3643 3400
3644 1859
3645 1859
3646 1859
3647 1859
3648 316 134 5687 597
3649 6420
3650 1859
3651 4559
3652 800
3653 5687
3654 1397
3655 530
3656 1859
3657 5687 5687
3658 1078 4559
3659 4740
3660 3400
3661 6420
3662 
3663 1859
3664 5687
3665 928
3666 1859
3667 4559 530 928
3668 1078
3669 312
3670 1859
3671 1859
3672 928
3673 6420
3674 1859
3675 1859 1859
3676 
3677 3997
3678 1039
3679 1859
3680 928
3681 5687
3682 6420
3683 4559
3684 6420
3685 928
3686 5687 740 928 740 928 4559 2482 1803 6420 928 928
3687 312
3688 3798
3689 928 928
3690 3997
3691 928
3692 928
3693 6420 1803
3694 3334
3695 
3696 5687
3697 928
3698 1859
3699 
3700 
3701 6420
3702 3256
3703 1859
3704 928
3705 928
3706 928
3707 5687
3708 5687
3709 928 928 928 928
3710 1859
3711 1859
3712 6420
3713 3798
3714 928
3715 
3716 4256
3717 6420
3718 5687
3719 
3720 928 928
3721 3721 5025 5029 3721 135 5025
3722 928
3723 2341
3724 486
3725 3798 2275
3726 
3727 936
3728 4559
3729 928
3730 1859
3731 262
3732 928
3733 1859
3734 1859
3735 1859
3736 
3737 1859
3738 786
3739 1397
3740 1859
3741 
3742 2941
3743 1859
3744 1078
3745 928
3746 928
3747 928
3748 1859
3749 1859
3750 6420
3751 
3752 3503 928
3753 262
3754 928
3755 1397
3756 4559
3757 1859 1859
3758 5687
3759 3798
3760 928
3761 928
3762 1859
3763 3798
3764 831
3765 312
3766 1078 1078
3767 2568
3768 928
3769 4256
3770 1859
3771 928
3772 928
3773 
3774 2941 6420
3775 3503
3776 1859 1859
3777 1397
3778 2275
3779 1859
3780 5467
3781 798
3782 81 81
3783 1859 1859
3784 1859
3785 2568 4256 1397
3786 1859 1859 1859 1859 1859
3787 1859
3788 928
3789 1859 1859
3790 1859
3791 312
3792 1859
3793 928
3794 1859
3795 3256
3796 1859
3797 1859
3798 
3799 5687
3800 928
3801 1859
3802 928
3803 1859
3804 6420 6420 6420
3805 1859
3806 1859
3807 1859
3808 6420
3809 3400
3810 312
3811 4938 4938 4938
3812 1859
3813 
3814 3798
3815 1859
3816 312
3817 1859 1859
3818 928
3819 1859
3820 3503
3821 928 928 928 928 928
3822 1859
3823 
3824 2941
3825 1859
3826 928
3827 1859
3828 1859
3829 1859 1859
3830 5687
3831 6268
3832 1859 1859 1859 1859 1859 1859 1859 1859 1859 1859
3833 928 831
3834 1859 1859 1859
3835 1078
3836 2941
3837 1859
3838 928
3839 6420
3840 1859
3841 928
3842 4740
3843 312 5687
3844 3844 3844 1353 3844 3844 3447 3844 3411 3844
3845 312
3846 312
3847 5687 5687
3848 1859 1859 1859
3849 6420
3850 1859
3851 928
3852 1859
3853 1859 1859 1859
3854 1859
3855 6420
3856 928
3857 1859
3858 1859
3859 928
3860 1859
3861 2568
3862 3400
3863 928
3864 1859 1859 1859
3865 1859
3866 1859 1859
3867 4559
3868 928
3869 1859
3870 5687
3871 3993 928
3872 928
3873 262 262
3874 4634
3875 5687
3876 
3877 262 4402 3503 3503 530 262
3878 928
3879 
3880 5261
3881 1859
3882 928
3883 1859 1859
3884 5687 928
3885 1859
3886 928
3887 5687
3888 928
3889 1859
3890 1859
3891 928
3892 1859
3893 798
3894 3605
3895 
3896 
3897 1859 1859
3898 2568
3899 6420
3900 1859
3901 1859
3902 1859
3903 928
3904 530
3905 928
3906 928
3907 1078
3908 3400 597
3909 262
3910 928
3911 928
3912 893
3913 928
3914 312
3915 928
3916 928
3917 1859
3918 3798
3919 1859
3920 262
3921 6420
3922 1859
3923 3256
3924 958
3925 
3926 1859
3927 530
3928 928
3929 3265
3930 312
3931 1397
3932 3400
3933 3933 3933 3933 3933 3933 3933 3933
3934 312
3935 2568
3936 1078
3937 
3938 1859
3939 312 6420
3940 1859
3941 1078
3942 707 798
3943 150 150 5687
3944 1078
3945 928 928
3946 2941
3947 928
3948 5687
3949 928 928
3950 928
3951 4511
3952 831
3953 1859
3954 1859 1859
3955 1859
3956 1859
3957 1859
3958 1859
3959 928
3960 5687
3961 597
3962 1859
3963 444
3964 3964 1397
3965 928
3966 4740
3967 928
3968 312
3969 4014
3970 695
3971 530
3972 3798
3973 928
3974 1859
3975 1859
3976 928
3977 5687
3978 1859
3979 1859
3980 928
3981 6420 6420
3982 312
3983 928 928 928
3984 530
3985 1031
3986 6420
3987 2568
3988 1859
3989 7227
3990 3721
3991 928
3992 150
3993 3993 3993 3993 3993 3993 3993 3993 3993 3993 3993 3993 3993 3993 3993 3993 3993 3993 3993 3993 3993 3993 3993 3993 3993 3993 3993 3993 3993 3993 3993 3993 3993 3993 3993 3993 3993 3993 3993 3993 3993 3993 3993 3993 3993 3993 3993 3993 3993 3993 3993 3993 3993 3993 3993 3993 3993 3993 3993 3993 3993 3993 3993 3993 3993 3993 3993 3993 3993 3993 3993 3993 3993 3993 3993 3993 3993 3993 3993 3993 3993 3993 3993 3993 3993 3993 3993 3993 3993 3993 3993 3993 3993 3993 3993 3993 3993 3993 3993 3993 3993 3993 3993 3993 3993 3993 3993 3993 3993 3993 3993 3993 3993 3993 3993 3993 3993 3993 3993 3993 3993 3993 3993 3993 3993 3993 3993 3993 3993 3993 3993 3993 3993 3993 3993 3993 3993 3993 3993 3993 2577 3993 2577 3993 3993 3993 3993 3993 3993 3993 3993 3993 3993 3993 3993 3993 3993 3993 3993 3993 3993 3993 3993 3993 3993 3993 3993 3993 3993 3993 3993 3993 3993 3993 3993 3993 3993 3993 3993 3993 1446 3993 3993 3993 3993 3993 3993 3993 3993 4230 3993 3993 3993 3993 3993 3993 3993 3993 3993 3993 3993 3993
3994 3997
3995 2934
3996 4740
3997 
3998 6420
3999 
4000 6420
4001 1224
4002 3397
4003 312
4004 1859
4005 2653
4006 530 798 486 831 4006 530 798 4559 928 798
4007 936
4008 5687 3400
4009 1859
4010 6420
4011 1859
4012 5687
4013 1859
4014 2951 4014 2573 3676 4014 4014
4015 6420
4016 4120
4017 1859
4018 1859
4019 928
4020 928
4021 928
4022 312
4023 222
4024 1859
4025 4938 1078
4026 312 312 312
4027 6420
4028 1859
4029 1078
4030 1859
4031 928 928
4032 936 49 936 3999 928
4033 1859
4034 928
4035 5687 5687 1397 5323 928 4800 928 740 5687 2941
4036 2568
4037 
4038 1859
4039 154 892 2307 222 516 6960 3751 232 3514 33 763 3999 4426 164 1119 1484 81 4177 1790 4631 262 1275 3715 180 180 1795 3386 616 1996 3305 262 644 2341 4060 4402 461 1400 1531 1235 3736 3310 928 486 154 892 2307 222 516 6960 3751 232 3514 33 763 3999 1119 1484 81 4177 1790 4426 4631 164 3305 262 1275 3715 180 1795 3386 616 1996 644 3310 3736 1235 1531 1400 461 4402 4060 2341 4268 3449 1373 2035 4606 2969 485 1115
4040 1859
4041 262
4042 140
4043 928
4044 
4045 1397
4046 740
4047 928
4048 312 312
4049 6420
4050 928 3503 3798
4051 4559
4052 6420
4053 5687 5687
4054 1859
4055 5687 5687
4056 798 798 798
4057 1859
4058 3798 6420 6420
4059 3400
4060 
4061 5687
4062 4719 1397
4063 2275
4064 
4065 1859
4066 1859
4067 4511
4068 936
4069 312
4070 1859
4071 150
4072 1115
4073 2275
4074 4074 4074 4074 4074 4074 4074 4074 4074 4074 4074 4074 4074 3993 3993
4075 928
4076 1859
4077 4559 3503
4078 1859
4079 
4080 7227
4081 928 928
4082 5687
4083 150 150
4084 928 928
4085 1859
4086 928
4087 312
4088 1859
4089 1397
4090 
4091 1397
4092 
4093 1397 1397 1078 1078 1078
4094 312 5687 312
4095 4800 4559
4096 1859 1859
4097 1859
4098 1859
4099 928 928 928 928
4100 786
4101 5687 312 6420 6420 312
4102 928 3798
4103 2275
4104 928
4105 5687
4106 1397 312
4107 3700
4108 1859
4109 1859
4110 5687
4111 1859 1859
4112 3721 3721
4113 1859
4114 5687
4115 5687
4116 1859 1859
4117 2934
4118 1859
4119 1078
4120 
4121 1078
4122 928
4123 1859
4124 928
4125 7227
4126 530
4127 3798 5687 3798 312
4128 3503
4129 5687
4130 101
4131 928
4132 1859 1859
4133 6420
4134 1859
4135 6420
4136 928
4137 81
4138 1859
4139 928
4140 928 928 928 928 928 928
4141 6420
4142 4426
4143 
4144 1859
4145 928 928
4146 262
4147 798
4148 6420
4149 928
4150 928 928
4151 6420
4152 1859
4153 1078
4154 928 928 928 928 928 928 928
4155 5687
4156 1397
4157 1859 1859
4158 928
4159 3798
4160 312
4161 1859
4162 6420
4163 928 6420
4164 1859 1859
4165 312
4166 5687
4167 1859
4168 4559
4169 928
4170 1859
4171 6420
4172 1859
4173 798
4174 
4175 1859
4176 936
4177 
4178 1078
4179 1859
4180 6420
4181 4938
4182 1859
4183 1859
4184 6960
4185 1859 1859
4186 1859
4187 740
4188 444
4189 486
4190 928
4191 1397
4192 1859
4193 928
4194 3503
4195 1531 81 81
4196 6420
4197 928
4198 928
4199 1859 1859
4200 312
4201 5687
4202 1859
4203 1859
4204 928
4205 4559 3798
4206 101
4207 1859
4208 3256 3256 3256 3256
4209 1859
4210 3256
4211 1859
4212 1859
4213 3997
4214 74
4215 150
4216 1859
4217 1859
4218 5687
4219 928
4220 4220 4220 4220
4221 1859
4222 262
4223 
4224 3400
4225 262
4226 3997
4227 1859
4228 6420
4229 928
4230 
4231 1031 1031
4232 2568
4233 312
4234 81
4235 1859 1859 1859
4236 150
4237 5687
4238 3997 3997
4239 1859
4240 6942
4241 928
4242 1859
4243 6420 5687 312 262
4244 5687
4245 3526
4246 2482
4247 1078
4248 1859 1859
4249 1859
4250 262
4251 1795 2275
4252 5687
4253 1859
4254 928
4255 928
4256 4256 540 4256 7662 4256 1169 1431 4256 4256 7409 565 4256 4256 4256 1130 4256 6751 3018 3418 3317 4256 1411 260 7409 270 1789 4713 5081 4256 4256 4664 4256 109 695 1014 248 4256 4256 4256 4256 4256 4938 4256
4257 1078
4258 928
4259 4259 4259 4259 4259 4259 4259
4260 928
4261 1859
4262 1859
4263 1039
4264 4298
4265 3997 3997 3997 3997 3997 928
4266 1078 1078 1078
4267 2568
4268 4682 4268 7205
4269 1397
4270 928 3381
4271 1859
4272 928
4273 530
4274 5687
4275 1078
4276 928
4277 262
4278 5687
4279 928
4280 2934
4281 312
4282 1859 1859 1859
4283 786
4284 928
4285 486
4286 928 928 928
4287 928
4288 928 928 928 928 928 928 4288 3997 4288 3503 3503 3503 4288
4289 312
4290 1859
4291 1859
4292 928
4293 1859
4294 126
4295 1859 1859 1859 1859
4296 928
4297 1039 1039
4298 
4299 1859 1859
4300 1859
4301 
4302 1859 1859 1859
4303 6420
4304 1859
4305 1859 1859
4306 1859
4307 
4308 1859 1859 1859 1859 1859
4309 1859
4310 1859
4311 831
4312 2568
4313 1859
4314 
4315 1859
4316 312
4317 6420
4318 928
4319 530
4320 928
4321 7188
4322 6420
4323 1859 1859 1859 1859 1859 1859
4324 312 312 312 312 312 312 312
4325 1078
4326 3381
4327 4327 798
4328 
4329 2230
4330 312
4331 1859
4332 1859
4333 1859
4334 312
4335 2568
4336 1078
4337 
4338 1859
4339 1859
4340 1397
4341 6268
4342 312 4120 3997 1803 928 312 1803 7227 7227 7227 530 6420
4343 928
4344 928
4345 1859 1859
4346 6420 6420
4347 928
4348 6942
4349 928
4350 4350 7331 4350
4351 628 628
4352 530
4353 6420
4354 
4355 1859
4356 3400 4356
4357 1397
4358 1859
4359 316
4360 2565 798 798 798 798 798
4361 1803
4362 6420
4363 928 928
4364 798 928
4365 4381
4366 831
4367 831 831
4368 831
4369 1859
4370 1859
4371 1859
4372 3798
4373 928
4374 1859
4375 1397
4376 1078
4377 3798
4378 486 486 486
4379 928
4380 928
4381 
4382 740
4383 1859
4384 1859
4385 928
4386 7188
4387 1859
4388 1859
4389 1859 1859 1859 1859
4390 1859
4391 530
4392 928 928
4393 3997
4394 4256
4395 928
4396 
4397 2568
4398 
4399 
4400 3993
4401 4426
4402 4402 4402 5472 1197 51 51
4403 
4404 1859
4405 
4406 1859
4407 
4408 
4409 928
4410 
4411 6420
4412 928
4413 530
4414 6420
4415 2934
4416 
4417 
4418 1321 831 936 1531 3400 4259
4419 1859
4420 1859
4421 846 530
4422 1859
4423 
4424 928
4425 3605 4425 4425 4425 4425 2218 3000 4425 4425 4425 4425 6230 3418 1779
4426 2371 5661 2348 4554 1318 426 4426
4427 4426
4428 5687
4429 1859
4430 6420
4431 2810
4432 150
4433 936
4434 1859
4435 1859
4436 4436 597
4437 
4438 1859
4439 1859
4440 
4441 1859
4442 928 4634
4443 707
4444 312
4445 4445 4445 4445
4446 6420
4447 
4448 262
4449 6420
4450 1859
4451 1859
4452 81
4453 928
4454 2568
4455 262
4456 928
4457 928 928
4458 1859
4459 928
4460 6057 798
4461 3503
4462 4425 4462
4463 1859
4464 485
4465 5687
4466 1859
4467 
4468 4468 4468 4468 486 831
4469 2568
4470 1859
4471 1859
4472 1859 1859 1859 1859
4473 5687 5687
4474 1859
4475 1859
4476 2568
4477 4559
4478 1859
4479 1859
4480 3997
4481 1859
4482 5687 5687 4740 6420 312 5687 312 5687 312 5687 4800
4483 1859
4484 928
4485 
4486 1859
4487 1859
4488 1078
4489 3256
4490 928
4491 928
4492 3503 3503
4493 3997 3997
4494 262
4495 928 928
4496 1859
4497 1859
4498 2568
4499 1859
4500 1859
4501 3256 3256 3256
4502 928 928 928 928
4503 150
4504 
4505 3997
4506 3400
4507 312
4508 1859
4509 1859 1859 1859 1859
4510 5687
4511 4511 4511 4511 4511 4511 4511 4511 4511 4511 4511 4511 4511 4511 4511 4511 4511 4511 4511 4511 4511 4511 4511
4512 928
4513 1859
4514 740
4515 1859
4516 1859
4517 485
4518 486
4519 928
4520 928
4521 5323 6420 6420
4522 1031
4523 928
4524 4328
4525 4525 4525 4525 4525 4525 4525 4525 4525 4525 4525 4525 4525 4525 4525 4525 4525 4525 4525 4525 4525 4525 4525 4525 4525 4525 4525 4525 4525 4525 6420 4525 4525 4525 4525 4525 4525 4525 4525
4526 928
4527 928
4528 5687
4529 928
4530 2653
4531 1859
4532 5687
4533 2032
4534 1813
4535 928
4536 1859
4537 1859
4538 4425
4539 1859
4540 1859
4541 1859
4542 936
4543 6420
4544 2568
4545 928
4546 1859
4547 1078
4548 1859
4549 1859
4550 928
4551 1859 1859 1859 1859
4552 
4553 1859
4554 
4555 1859
4556 3400 3400 3400 3400 3359 3400
4557 1859
4558 1859
4559 4174 4559 4559 4559 4559 4559 4559 7253 1611 4143 1744 4559 4559 2737
4560 1859
4561 1859
4562 
4563 1078
4564 1859
4565 1859
4566 530
4567 1859
4568 1859
4569 1397 2568
4570 928
4571 1859
4572 
4573 
4574 928 928
4575 3400
4576 486
4577 5687
4578 3400
4579 3997
4580 312
4581 1115 928 1115 928 1115 530 3798 1115 928 2275 1115 4511 3993 1115 3993 3798 4511 3798
4582 1859
4583 1859 1859
4584 3400
4585 1859
4586 
4587 6942
4588 1859 1859
4589 1397
4590 1859 1859 1859 1859 1859 1859 1859 1859 1859 1859 1859 1859 1859 1859 1859 1859
4591 928
4592 312
4593 486
4594 1859
4595 1859
4596 928
4597 831
4598 1859
4599 928
4600 262
4601 
4602 
4603 1859 1859
4604 
4605 928
4606 
4607 2568
4608 3400 4608
4609 928
4610 6268
4611 1859
4612 5687
4613 2653
4614 3400
4615 5687
4616 928
4617 4740 4740 6420 3798 530 3997
4618 1397
4619 1859
4620 1859
4621 262 262
4622 
4623 1531 2341
4624 6420
4625 5687
4626 262
4627 6420
4628 1531
4629 4629 3400
4630 1859
4631 
4632 1859
4633 
4634 
4635 7227
4636 1859
4637 936
4638 6420
4639 1859
4640 928 928
4641 928 928
4642 1859 1859
4643 3997
4644 4740
4645 740 928
4646 1397
4647 1859
4648 1859
4649 928
4650 6420
4651 140
4652 1397
4653 928
4654 928
4655 312
4656 4426
4657 928
4658 312
4659 486
4660 1859 1859
4661 1859
4662 928
4663 5687
4664 
4665 1859 1859 1859 1859 1859
4666 1859
4667 6420
4668 1859
4669 6420
4670 1859
4671 1859 1859 1859
4672 1397
4673 4426
4674 2275 1996
4675 1859 1859
4676 1859 1859
4677 1859 1859
4678 231 231 6420
4679 928 928
4680 928
4681 530
4682 
4683 4800
4684 5687
4685 6942
4686 6420
4687 1859
4688 1859
4689 928
4690 1859
4691 6420
4692 1859
4693 1859 1859
4694 
4695 3925
4696 6420
4697 150
4698 3400
4699 4256
4700 4634
4701 4800
4702 928
4703 1859
4704 928
4705 6420
4706 312
4707 1531
4708 928
4709 1078
4710 5687 6420
4711 1859
4712 3503
4713 
4714 5687 5687 5687
4715 1859
4716 928
4717 1859
4718 1859
4719 
4720 3798
4721 3400
4722 928
4723 530 530
4724 1859 1859
4725 312
4726 6942
4727 312
4728 312
4729 312
4730 1859 1859 1859 1859 1859 1859
4731 
4732 928
4733 312
4734 140 140
4735 1859
4736 1859 1859
4737 4259
4738 6420 6420
4739 316
4740 
4741 1859
4742 6420 6420
4743 262
4744 1859
4745 312
4746 1859 1859
4747 3993
4748 1859
4749 928
4750 262
4751 798
4752 4740
4753 740
4754 
4755 7331
4756 312
4757 262
4758 740
4759 530 530
4760 7227 3997
4761 6420
4762 
4763 1224
4764 928
4765 928
4766 4766 3256 4766 4766 4766 4766 4766
4767 312
4768 1859 1859
4769 928
4770 2275
4771 1078
4772 4800
4773 3256
4774 6420
4775 262
4776 1859
4777 1859 1859
4778 928
4779 1859
4780 928
4781 1859
4782 530
4783 2275
4784 1859 1859 1859 1859 1859
4785 2653 2653 2653 2653 2653 2653 2653 6420
4786 6942
4787 928
4788 3265 3925
4789 3997 3400
4790 2568
4791 798
4792 1078
4793 262
4794 928
4795 444
4796 1078
4797 312
4798 2568 6420
4799 6420 2218
4800 
4801 1859
4802 5687
4803 101
4804 6420
4805 928 928 928 928
4806 312
4807 4559
4808 530
4809 928
4810 530
4811 530
4812 140
4813 150
4814 7227
4815 928
4816 1078
4817 150
4818 928 928 928 928 928 928 928 928 928
4819 4120 486 1484 164 798 4120 4120 928
4820 312
4821 262
4822 928
4823 1859
4824 530 900
4825 928
4826 928
4827 1859
4828 1859
4829 
4830 
4831 2941
4832 1859
4833 5687 4740 6420
4834 928 928
4835 3997 2275 1803
4836 4120 2035
4837 5687 312 5687 5687
4838 3400 3400 3400 628 4408 2568 3895 3540 3540 1813 3400 3000 3895 3895 4403 4445 3040 6286 4425 800 800 4425 3400 3605 4425
4839 798
4840 1859 1859 1859
4841 5687
4842 3721
4843 936 928
4844 936
4845 1859 1859
4846 1859
4847 1859
4848 1859
4849 1859
4850 928
4851 1859
4852 2934
4853 740
4854 312
4855 312
4856 928
4857 312
4858 3997
4859 1859
4860 4120
4861 6420
4862 1859 1859 1859
4863 6420
4864 6942
4865 831
4866 1859
4867 928
4868 3997
4869 262
4870 4800
4871 1859
4872 6420
4873 2079 798
4874 3798
4875 1859 1859 1859 1859 1859 1859 1859 1859 1859 1859 1859 1859 1859
4876 4938 1078 6268
4877 6420
4878 4559
4879 2275
4880 5687
4881 1224
4882 3400 3400 3400 3400 3400 3400
4883 3400
4884 936
4885 928
4886 486
4887 3997
4888 6420
4889 1859
4890 
4891 740
4892 
4893 1859
4894 3265
4895 3400
4896 
4897 5687 4559
4898 4559
4899 1859
4900 3700 530 928 530
4901 1859
4902 530
4903 928 928
4904 
4905 928
4906 262
4907 1859
4908 1859 1859 1859 1859
4909 1859
4910 262
4911 312 312 312
4912 312 312 312 312 312
4913 928 1078
4914 1859
4915 5687
4916 1859
4917 4425
4918 1859
4919 936
4920 6420
4921 140
4922 486
4923 1397
4924 4938 1078 1078
4925 1859
4926 1859
4927 6420
4928 1859
4929 6420
4930 6420
4931 1859 1859
4932 1859
4933 1859
4934 1859
4935 928
4936 5687
4937 6420
4938 4938 4938 4938 4938 4938 4938 4938 4938 4938 4938 4938 4938 4938 4938 4938 4938
4939 928
4940 3503 4559
4941 5687
4942 3997
4943 928
4944 928
4945 1859
4946 7638
4947 1859
4948 6420
4949 1859
4950 5687
4951 6420
4952 5687
4953 530
4954 1531
4955 312
4956 6942
4957 928 3400
4958 1859
4959 5687
4960 1859
4961 5687
4962 928
4963 1859
4964 6420
4965 
4966 1397
4967 1859
4968 312
4969 928
4970 2568 2568 5687
4971 262
4972 312
4973 6420
4974 1859 1859
4975 1859
4976 5687
4977 316
4978 1078 1078
4979 3503
4980 2568
4981 1859 1859 1859
4982 928
4983 3997
4984 530
4985 312
4986 1859
4987 150
4988 928
4989 3400
4990 1859
4991 3798
4992 6420
4993 3605
4994 928
4995 928
4996 1859
4997 928
4998 6420 312
4999 4740
5000 1397
5001 1078
5002 1859
5003 1859
5004 928
5005 1859
5006 1859
5007 530
5008 1859
5009 1859
5010 1859 1859
5011 5687
5012 1859
5013 1859
5014 7638
5015 1859
5016 5687
5017 5687
5018 81 1803 6942 6942 3798 3997 3798 3997
5019 1859
5020 1859 1859
5021 928
5022 5687
5023 1397
5024 6268
5025 
5026 5025 5025 5025 5025 3721
5027 5687
5028 1859
5029 
5030 5029 5029 5029 5029 5029 5029 5029 5029 3798 5029 5029 5029 5029 5029 5029 5029 5029 5029 5029 5029 5029 5029 5029 5029 5029 5029 5029 5029 5029 5029 5029 5029
5031 1859
5032 6420
5033 928
5034 150
5035 74
5036 530 4559 798 486
5037 1859
5038 1299
5039 5687 6420 6420 312 6420 312
5040 1859
5041 928
5042 1859 1859
5043 1859
5044 312
5045 1859
5046 1859
5047 1078 1078 1078
5048 1859 1859 1859 1859 1859 1859 1859 1859 1859 1859
5049 928 928 928 928
5050 1859
5051 3997
5052 312
5053 1859
5054 1859
5055 1859
5056 6942
5057 2810
5058 312
5059 3503
5060 1859
5061 928
5062 1859
5063 1859
5064 486
5065 312
5066 5687
5067 530
5068 1859
5069 928
5070 1859
5071 1859
5072 1859 1859
5073 928
5074 928 928
5075 530
5076 5323
5077 1859
5078 928
5079 1859
5080 928 928
5081 
5082 4120
5083 3400
5084 1859
5085 312
5086 928
5087 1859 1859 1859 1859
5088 1859 1859
5089 1859 1859
5090 6420
5091 
5092 3400
5093 1859
5094 4256
5095 1859
5096 928
5097 1859
5098 3400
5099 530
5100 6942
5101 1859
5102 1859
5103 1859
5104 1224
5105 798
5106 1859
5107 1859 1859
5108 
5109 3798
5110 1859
5111 1859
5112 1859 1859 1859 1859 1859
5113 1039
5114 1859 1859 1859 1859 1859 1859 1859 1859
5115 1859
5116 928 4740
5117 1859
5118 5323 6420
5119 5687
5120 6420
5121 
5122 798 798 798 798 798 798
5123 140
5124 1078
5125 928
5126 6420
5127 4740 6420
5128 928
5129 4740 6420
5130 4259
5131 3400
5132 1859
5133 5687
5134 928 928
5135 4938
5136 1859
5137 4559
5138 928
5139 3798
5140 530
5141 3997
5142 1078
5143 1859
5144 798
5145 6268
5146 928
5147 1859
5148 786
5149 928
5150 1859
5151 928 928
5152 1859 1859
5153 312
5154 928
5155 312 3798
5156 312
5157 5687
5158 1859
5159 1859
5160 928
5161 1859
5162 3997
5163 1859
5164 4719
5165 1859
5166 3400
5167 4740
5168 1397
5169 928
5170 1859
5171 1859
5172 262
5173 1859
5174 6942
5175 3256
5176 6942 6942 312
5177 312
5178 262
5179 3997
5180 3798
5181 1859
5182 928 928 928
5183 1859
5184 1859
5185 2482 262 4559 1397 928
5186 5687 3503
5187 5687 2568 6420 6420
5188 262
5189 928 928
5190 1859
5191 3265
5192 3400 3400
5193 150
5194 5687 903 4559 5687
5195 6420
5196 928
5197 3256 3256
5198 928
5199 928
5200 312 6420 6420
5201 928
5202 1859
5203 707
5204 6942 312
5205 312
5206 3997
5207 928
5208 928
5209 1078 262 3997 262
5210 1859
5211 6420
5212 1859 1859 1859 1859
5213 6420
5214 1859
5215 5323
5216 1859
5217 486
5218 2653
5219 928
5220 5687
5221 1859
5222 1859 1859 1859
5223 1859
5224 4120 5224
5225 4800
5226 928
5227 6286
5228 928
5229 1859
5230 312 312 312
5231 1859 1859 1859
5232 2275
5233 530
5234 1859
5235 1859
5236 1859
5237 1859
5238 5687
5239 928 928 928 928 928 928 928 928 928 928 928
5240 312
5241 5687
5242 1859
5243 1859
5244 1859
5245 6420 6420 6420
5246 798 6420
5247 5687 5687
5248 928 1078
5249 6420
5250 1859
5251 5687
5252 928
5253 312
5254 928 4559
5255 3503
5256 6420
5257 6420
5258 5687
5259 3400
5260 5687 5687 5687
5261 5261 5261 5261 5261 5261 5261 5261 5261 5261 5261 5261
5262 1859
5263 4014
5264 928 928
5265 928
5266 928
5267 1859
5268 1859
5269 1859
5270 312
5271 5687
5272 1859
5273 928
5274 1859
5275 2341
5276 6420
5277 1859
5278 798
5279 1859
5280 928
5281 1859
5282 1859
5283 928 928 928 928 928 928 928 928 928 928 928 928 928 312
5284 928
5285 6420
5286 928
5287 1859
5288 312 5687 5687
5289 928
5290 928
5291 928
5292 3400
5293 1031
5294 1859 1859
5295 5687
5296 1531
5297 1859
5298 6420
5299 1859
5300 928
5301 150
5302 936
5303 1859
5304 312
5305 3256
5306 4559 4559
5307 1859
5308 1859
5309 1859 1859
5310 928
5311 1859
5312 1859
5313 312
5314 1859
5315 928
5316 150
5317 1859
5318 6420
5319 1859 1859
5320 312
5321 1397
5322 1859
5323 
5324 312
5325 6942
5326 718 936
5327 6420
5328 312
5329 928
5330 
5331 798
5332 5261
5333 1859
5334 1859
5335 928
5336 5336 6420 6420
5337 1859
5338 486 5687
5339 1859
5340 312
5341 928
5342 1859
5343 1859
5344 312
5345 1859
5346 1859
5347 1859
5348 1859
5349 3310 4402 486 740
5350 1859
5351 5687
5352 4800
5353 1078 6420
5354 530 4559
5355 3997
5356 1859
5357 
5358 2568
5359 3798
5360 1859
5361 6420
5362 5687
5363 1859
5364 1859 1859 1859
5365 312
5366 1859 1859
5367 1859
5368 928 928
5369 1859
5370 1078
5371 1078
5372 1859 1859
5373 1397 5687 6420
5374 1859 1859
5375 5687
5376 786 485 3304
5377 262
5378 262 2482
5379 597
5380 312 312 312 6420 312 312 6420 6420 312
5381 1859
5382 5687
5383 
5384 4559
5385 1859
5386 262
5387 1859 1859
5388 74
5389 3265
5390 1859
5391 928 928
5392 312
5393 1859
5394 1859
5395 1859
5396 1859
5397 928
5398 1859
5399 2568 2568 486
5400 5687
5401 1859
5402 928
5403 1859
5404 1859
5405 1859
5406 928
5407 1859
5408 798
5409 1859
5410 2482
5411 1859
5412 6420
5413 1859
5414 1859
5415 1859 1859
5416 312
5417 312
5418 928
5419 1859
5420 1859
5421 5687
5422 928
5423 1859 1859 1859
5424 312
5425 4559
5426 312
5427 1859
5428 3256
5429 1859
5430 928 1078
5431 1859
5432 1859
5433 1859
5434 312
5435 1859
5436 1859
5437 1859
5438 312
5439 7331 7331
5440 1078
5441 5687
5442 6942 4559 2482
5443 5687
5444 6420
5445 6942
5446 1859
5447 928
5448 1859
5449 1859
5450 740
5451 6420
5452 1859
5453 2482
5454 3400
5455 312
5456 1859
5457 1859
5458 1859
5459 1859
5460 831
5461 4938
5462 6420
5463 1397
5464 707
5465 312
5466 1859 1859
5467 
5468 312
5469 928 928 928 928 928 928
5470 1859
5471 1859
5472 
5473 1859
5474 740 1078 2275
5475 1859 1859 1859
5476 5687 5687
5477 2482
5478 928 740
5479 1859 1859
5480 1859 1859
5481 1859
5482 928 3997 7227
5483 312
5484 831
5485 2568 2568 2568
5486 312
5487 1859
5488 3503
5489 1859 1859
5490 
5491 1859
5492 1859 530
5493 2079
5494 6420
5495 928
5496 928 928 928
5497 3997
5498 6420
5499 150
5500 928
5501 3400
5502 81
5503 4120
5504 3798
5505 1859 1859
5506 1859
5507 1859
5508 1859
5509 1859 1859 1859 1859
5510 4381
5511 1078 1078
5512 3798
5513 4559 530 928 928 3798 3397 3400
5514 1078
5515 4559
5516 312
5517 6420
5518 3256
5519 3997
5520 3997 928 928
5521 5687
5522 5687 6420
5523 5687
5524 1803
5525 1859
5526 1078
5527 5687
5528 5323 5323
5529 6420
5530 6420
5531 6420
5532 262
5533 1859
5534 3798 1803
5535 1859
5536 1859
5537 928
5538 3997
5539 1859
5540 3421
5541 2568
5542 7638
5543 3400
5544 928
5545 1397
5546 5687
5547 6420
5548 3798
5549 2482
5550 1859
5551 1859
5552 6420
5553 6420
5554 1859
5555 1859
5556 1859
5557 312
5558 4559 1078
5559 1859
5560 928
5561 5687 5687 5687
5562 3997
5563 928 928 928
5564 1859
5565 1859 1859
5566 1859 1859
5567 312
5568 1859
5569 6420
5570 6420
5571 1859
5572 6420 6420
5573 1859
5574 1859
5575 7188
5576 2941
5577 928
5578 
5579 1859 1859 1859
5580 1859
5581 1859 1859
5582 126
5583 1859
5584 1859
5585 5687
5586 
5587 695 262
5588 1859
5589 1859
5590 1859 1859
5591 4120
5592 1859 1859
5593 1859
5594 5687
5595 1859
5596 928 928 928 928
5597 928 928
5598 1859
5599 1859
5600 3400
5601 530 530
5602 1859 1859
5603 6420
5604 150
5605 154 892 2307 222 516 6960 232 33 3999 1484 81 1790 4631 164 1795 1996 3310 1235 1400 4060 1373 2969
5606 1859
5607 928 928 928 928 928 928
5608 3503
5609 6420
5610 936
5611 1859 1859 1859
5612 312
5613 3798
5614 1859
5615 928 262
5616 1859
5617 1859
5618 6420
5619 3503
5620 1859
5621 1859
5622 928
5623 928 2568 928
5624 1859
5625 1859
5626 
5627 3256
5628 1078
5629 1859 1859
5630 4719
5631 1859
5632 5687 2568 5687 928
5633 1859
5634 1859
5635 2482 530 530
5636 1859
5637 312
5638 1859
5639 312
5640 3503
5641 5687 312 530 1078 312 530 530 3199 1078 5687 5687 5687 5687 5687 798 312 928 2275 312 3798 3798 5687 928 312 312 312 1078 4559 5687 5687 4559 164 5687 486 4559 6420 4800 530 928 312 312 3798 530 2275 2275 2275 530 530 312 312 5687 530
5642 312
5643 3503
5644 1859 1859 1859
5645 1859
5646 3798
5647 1859
5648 6420
5649 7638 740 2482 798 928 2568 928 312 312 4425 486 928 312 312 3304
5650 1859 1859
5651 262
5652 1859
5653 5687 5687 5687
5654 1859
5655 1859
5656 928 1078 1078 1078 928 928 1078 1078 530 530 1078 928 928 928 1078 1078 1078 1078 928
5657 4559
5658 1803 1803 5687 1078 5687 903
5659 2482
5660 6942 928
5661 
5662 1397
5663 530
5664 928
5665 928 928
5666 1859
5667 1859
5668 1859
5669 312
5670 1859
5671 1859
5672 5835 786 2568
5673 1859
5674 928
5675 928 928
5676 1859
5677 81
5678 1859
5679 1859
5680 6420
5681 1859
5682 1859
5683 1859
5684 5323 486
5685 1859
5686 1397
5687 4573 7658 1936 5687 5687 1221 1204 5687 5687 5687 2995 5687 5687 5687 5687 5687 5687 5490 5687
5688 1859
5689 530
5690 5687 6420
5691 312
5692 1859
5693 1859
5694 1859
5695 1859
5696 1859
5697 4740
5698 6420
5699 1859
5700 5687
5701 1859
5702 1859
5703 312
5704 262 928 928
5705 530
5706 1859 1859
5707 786
5708 1859
5709 7227
5710 
5711 831
5712 1859
5713 262
5714 928
5715 928
5716 6420 6420 6420
5717 2934
5718 4328
5719 1859
5720 1859
5721 1859
5722 928
5723 6942
5724 1859 1859 1859
5725 6420
5726 312
5727 1859
5728 1859
5729 928
5730 5687
5731 5687
5732 312 928 530
5733 1859 1859
5734 3997 928 3997 5734 928 928 3997
5735 81
5736 4800
5737 1859
5738 831
5739 928
5740 928 928
5741 1859
5742 1859 1859
5743 1859
5744 6420
5745 1859
5746 1859 1859 1859
5747 936 798
5748 928
5749 312 6420
5750 1859
5751 486
5752 1859
5753 316 5687 928 5687 928 4408 3400
5754 1859
5755 5687
5756 1859
5757 1859
5758 928
5759 4719
5760 1859
5761 928
5762 1859 1859
5763 928 928
5764 1078
5765 6420 312
5766 5687
5767 262
5768 1859
5769 5687
5770 5687
5771 6420
5772 6420
5773 3798 1078
5774 6420
5775 6420
5776 312
5777 1859
5778 6942
5779 928
5780 1859
5781 6420
5782 5687
5783 1859
5784 5784 5784 5784 5784 5784 5784 5784 5784 5784 5784 5784 5784 5784 5784 5784 676 5784 5784 5784 4525 5784 5784 5784 5784 5784 5784 5784 5784 5784 5784 5784 5784 5784 5784 1896 5784 5784 5784 5784 5784 2609 5784 5784 5784 5784 5784 5784 5784 5784
5785 1859 1859 1859
5786 6420
5787 5687
5788 3400
5789 1859
5790 4740
5791 3798
5792 5687
5793 
5794 1859
5795 1859
5796 1859
5797 1397
5798 3400 316 5687
5799 1859
5800 928 928 928 2568
5801 1859
5802 1859
5803 928
5804 928
5805 312
5806 1859
5807 740
5808 1859
5809 4559
5810 262
5811 5687
5812 6420
5813 1859
5814 1859
5815 1859
5816 1859
5817 928
5818 530
5819 6942 5687 5687 5687
5820 1859 1859
5821 6420
5822 5687
5823 1397
5824 1859
5825 1859
5826 1859
5827 1859
5828 312
5829 3798
5830 4014 3605
5831 5687 6420
5832 1859
5833 928
5834 5687
5835 1760 2683 5835 5835 4426 3201 3719
5836 6420
5837 312
5838 1397 928
5839 6420
5840 6420
5841 530
5842 262
5843 1859 1859
5844 1078 262
5845 312
5846 530 4559
5847 1859
5848 1859 1859 1859 1859
5849 928
5850 1299 1299
5851 3503
5852 5687 928
5853 312
5854 312
5855 1078
5856 1859
5857 928 928 1031
5858 928
5859 1859
5860 1047
5861 3400
5862 928
5863 1859
5864 530
5865 5687 312 4740
5866 1859 1859
5867 6420 6420
5868 1859
5869 928
5870 1119
5871 262
5872 1859 1859 1859 1859 1859 1859 1859 1859 1859 1859 1859 1859
5873 798
5874 1859
5875 1859
5876 928 928
5877 1859 1859
5878 928 928 928 928 928 928
5879 1859 1859
5880 1859
5881 1078
5882 1859
5883 928
5884 6420 6420
5885 3503
5886 5687 5687 5687 4740 4740 6420 5687 5687 6420 6420 5687 5687 5687 5687 6420 6420 928 5687 5687 6420
5887 1859
5888 6268
5889 928
5890 3895
5891 1859
5892 5687 7227 5892 5687 6420
5893 1859
5894 1859
5895 4634
5896 1078
5897 1078
5898 1859 1859 1859
5899 6420
5900 3503
5901 312
5902 4559 798 1803 4904 530 4504 4407 3895 7227 928 5902 1078 5323 5902 928 4381
5903 
5904 1859 1859
5905 6420
5906 4740 3574 5687 5687 5687 5687 5687 5687 5687 5687 5687 5687 1078
5907 6420
5908 1859
5909 530
5910 1859
5911 1859
5912 4328
5913 928
5914 928 3798 4740
5915 1859
5916 1859 1859 1859
5917 5467 928 928 928
5918 928
5919 1859 1859
5920 1859
5921 1859 1859
5922 1859
5923 1859
5924 2568
5925 1859
5926 1859 1859
5927 1859 1859 1859
5928 4256
5929 928
5930 530
5931 316
5932 1859
5933 928
5934 5687
5935 1859
5936 6420
5937 1859
5938 1859
5939 1859
5940 1859
5941 1859
5942 1859
5943 928
5944 1859
5945 2810
5946 1859
5947 1803
5948 312
5949 3400
5950 928
5951 740
5952 1859
5953 928
5954 5687
5955 312
5956 3997
5957 1859
5958 1859 1859
5959 1859
5960 1859
5961 1859
5962 1859 1859
5963 1859
5964 1859
5965 892 530
5966 6420
5967 7227
5968 1859
5969 1859
5970 1859
5971 5687
5972 928
5973 1859
5974 6420 6420
5975 1859
5976 1859
5977 1859
5978 6420
5979 1859 1859
5980 5323
5981 1859
5982 6420
5983 3895
5984 1859
5985 928
5986 1859 1859
5987 1859
5988 1859
5989 6420
5990 1859
5991 5687
5992 312
5993 1859
5994 1859
5995 1859
5996 6420
5997 486
5998 6420
5999 1397
6000 1859
6001 1859
6002 1859
6003 1859
6004 928
6005 1859
6006 1859
6007 3503
6008 1859 1859 1859 1859 1859 1859 1859 1859 1859 1859 1859 1859 1859 1859 1859 1859 1859 1859 1859 1859 1859 1859 1859 1859 1859 1859 1859 1859 1859 1859 1859 1859 1859 1859 1859 1859 1859 1859 1859 1859 1859 1859 1859 1859 1859 1859 1859 1859 1859 1859 1859 1859 1859 1859 1859 1859 1859 1859 1859 1859 1859 1859 1859 1859 1859 1859 1859 1859 1859 1859 1859 1859 1859 1859 1859 1859
6009 1031
6010 3700 530
6011 928
6012 1859 1859
6013 1859 1859
6014 1859
6015 6420
6016 3503
6017 262 530 3503 3503 1803 530 530 3503
6018 1859
6019 312
6020 1859
6021 1859
6022 936
6023 3798
6024 1859
6025 6420
6026 1859
6027 1859
6028 1859
6029 1859
6030 1859
6031 1859
6032 1859
6033 1859
6034 1859
6035 1859
6036 1859
6037 1859
6038 312
6039 6420 5687 6420 6420
6040 1859
6041 6420
6042 928 928
6043 1859
6044 7638
6045 1859
6046 262 4559 928 1078
6047 1859
6048 1859
6049 3997
6050 1859
6051 1859
6052 1859
6053 5323
6054 1859
6055 6420
6056 1078
6057 
6058 3400 3400 6420 1078 6420 4800
6059 3400 3895
6060 5323
6061 1859 1859
6062 3999 3999
6063 1078
6064 1859
6065 
6066 1859
6067 1859
6068 1859
6069 1859
6070 
6071 1859
6072 6420
6073 928
6074 316
6075 3397
6076 1859
6077 1859 1859
6078 1859
6079 1859
6080 1859
6081 740
6082 5687
6083 1397
6084 3256
6085 1859 1859 1859 1859
6086 1859
6087 1859
6088 1859 1859
6089 1397 1397 6420 6089 1397 1397
6090 1859
6091 5687 5687
6092 1859
6093 1078 4559
6094 6420 150 928 5323
6095 1859
6096 928 928
6097 798 798 798
6098 1859
6099 1859
6100 1859
6101 1859
6102 1859 1859 1859
6103 262
6104 1859
6105 928
6106 928
6107 2482
6108 
6109 1859
6110 2934
6111 3895
6112 1859
6113 6420 312
6114 3997
6115 1859
6116 1859
6117 461
6118 4559
6119 81
6120 6420
6121 6420
6122 6420 6420 6420
6123 530
6124 1859
6125 5687
6126 928 928
6127 1859
6128 928
6129 486
6130 312
6131 1859 1859 1859 1859 1859 1859 1859
6132 6420
6133 1859
6134 1859 1859 1859
6135 740 2568
6136 1859
6137 928
6138 1859
6139 1859
6140 1859
6141 1859
6142 928 1803
6143 1859
6144 2568
6145 1859
6146 312 5687
6147 1859
6148 928
6149 1859
6150 5687
6151 
6152 4559 4559 4559 1078 1078 1078 1078 530 4559 4559 4559 1078 4559 4559 530 4559 4559 530 4559 936 4559 4559 4256 4559 4559
6153 1859
6154 1078
6155 1859
6156 1859
6157 1859 1859 1859
6158 1859 1859
6159 1859 1859
6160 1859
6161 3773 936
6162 1859
6163 1397
6164 1859
6165 1859
6166 928
6167 1859
6168 
6169 1859
6170 1859 1859 1859
6171 1859
6172 3334
6173 1859
6174 5687
6175 1859 1859
6176 1859
6177 1859
6178 740
6179 4559
6180 1859
6181 3895 3503
6182 1859
6183 1859
6184 928
6185 486
6186 6420
6187 6420 6420
6188 262 262 262
6189 1859 1859
6190 1859 1859 1859
6191 1078 3997
6192 2568 928
6193 312
6194 1859 1859
6195 1859 1859 1859 1859 1859 1859
6196 6420 6420
6197 1859
6198 928
6199 928
6200 3895 800 3400
6201 5687
6202 6942
6203 1859
6204 1859
6205 5687
6206 928
6207 2941
6208 1859
6209 1859
6210 2568
6211 2934
6212 928 4559 2653
6213 6420
6214 1859
6215 1859
6216 928
6217 1859 1859 1859 1859
6218 81
6219 530 1531 3798
6220 1031
6221 1859
6222 312
6223 928
6224 5687
6225 530
6226 81
6227 1859
6228 1859
6229 800
6230 
6231 530
6232 1859
6233 1859
6234 928
6235 3798 1531
6236 928
6237 2934
6238 1397
6239 1859
6240 1859
6241 1859
6242 936
6243 1397 740
6244 1078
6245 1859
6246 798
6247 5687
6248 4740 4740 5687 4740 4740 4740 4740
6249 1859
6250 1859
6251 6420
6252 1859
6253 1859
6254 1859
6255 3503
6256 4559
6257 6942
6258 831
6259 1859
6260 4511
6261 1859 1859 1859 1859
6262 1397
6263 3895 312 312 3895 3895 6420 3895 4402 4740 6420 312 4740 312 530 312
6264 1859
6265 6942
6266 3798
6267 5687
6268 
6269 6420
6270 1859
6271 1859
6272 
6273 1859 1859
6274 3993 3993 3993 3993 3993 3895
6275 312
6276 1859
6277 1859 1859
6278 150
6279 1859
6280 262
6281 1859
6282 312 5687
6283 1859 1859 1859 1859
6284 1859 1859
6285 928
6286 6286 6286
6287 6420
6288 312
6289 312 312 6420
6290 2941
6291 3993 928
6292 5687
6293 928
6294 928
6295 3400
6296 1859 1859
6297 3895 3895 3895 3895 3895
6298 2467 2032
6299 1859
6300 4740
6301 1859 1859
6302 1859
6303 4120
6304 530
6305 1859 1859 1859 1859 1859 1859 1859 1859 1859 1859 1859 1859 1859 1859 1859 1859 1859 1859 1859 1859 1859 1859 1859 1859 1859 1859 1859 1859 1859 1859 1859 1859 1859 1859 1859 1859 1859 1859 1859 1859 1859 1859 1859 1859 1859 1859 1859 1859 1859 1859 1859 1859 1859 1859 1859 1859 1859 1859 1859 1859 1859 1859 1859
6306 740
6307 6942
6308 5687
6309 530
6310 3895 3895
6311 6942 5687
6312 1859
6313 1531
6314 4740
6315 4014
6316 6420
6317 150 6317
6318 1078
6319 4559
6320 1859
6321 1859
6322 1397
6323 1859 1859 1859
6324 1859 1859
6325 
6326 5687 6420 6420 6420
6327 1859
6328 6420 6420
6329 5687
6330 6420 4740
6331 6331 798 3715
6332 
6333 7638
6334 2568
6335 740 3400
6336 1859 1859
6337 3798
6338 928
6339 5687
6340 1859 1859 1859
6341 1859
6342 530
6343 1859
6344 140
6345 1859
6346 7227
6347 1859
6348 7331 7331
6349 928
6350 6420
6351 3503
6352 928
6353 5687
6354 3798
6355 1859
6356 1859
6357 2275
6358 1859
6359 6420
6360 928
6361 2934 928 928 928
6362 1400
6363 6420
6364 928 928 928 928
6365 1859
6366 1078
6367 1859 1859
6368 1859
6369 530
6370 1859
6371 312
6372 6420
6373 1859
6374 530
6375 5687
6376 4425 740 3895
6377 928 262
6378 1859
6379 6942
6380 1859
6381 1859
6382 3503
6383 6420
6384 3997 2275
6385 1397
6386 1078 2482
6387 
6388 5687 5687 4559
6389 1859
6390 6942
6391 928
6392 5687
6393 4120
6394 150
6395 312
6396 3503
6397 2568
6398 1859 1859
6399 1859
6400 530
6401 312
6402 1859
6403 4425
6404 831
6405 5687 5687 312
6406 7688 2653
6407 6420 6420
6408 1859
6409 928
6410 4425 3895 3895
6411 928
6412 928
6413 1859
6414 262
6415 2407 312 312 312 6420
6416 4426
6417 597 140 140 928
6418 5687
6419 1859
6420 2543 6420 6968 6420 6420 6420 3726 6420 2815 6420 6420 6420 6420 6420 6420 6420 6420 6420 6420 6420 6420 6420 6420 6420 6420 6420 6420 6420 6420 6420 6420 6420 6420 6420 6420 6420 6420 6420 6420 6420 6420 6420 6420
6421 262
6422 928
6423 312
6424 1859
6425 6420 6420 6420 6420 6420 6420 6420 6420
6426 1859
6427 798
6428 4559 4559
6429 5687
6430 928 928
6431 1078 5323 6420
6432 1397
6433 312
6434 1859
6435 1859
6436 3400
6437 1531
6438 831
6439 1859
6440 312
6441 1859 1859
6442 928
6443 1859
6444 928
6445 3997 3997
6446 1859
6447 1859
6448 928
6449 140 140 81 530 530 486 3798 3715 3715 3715
6450 1859
6451 1299
6452 928
6453 928 2318 928
6454 1859
6455 928 928
6456 928
6457 1859
6458 1859
6459 928
6460 1859
6461 928
6462 1859
6463 262
6464 928
6465 5687
6466 312
6467 5687
6468 1859 1859 1859 1859 1859 1859 1859
6469 1859 1859 1859
6470 1859
6471 1859
6472 444
6473 6420
6474 2941
6475 3997 3997 3997 3997 3997 3997 3997 3997 3997
6476 928
6477 
6478 928 928
6479 1859
6480 1859
6481 1859
6482 1859
6483 928
6484 1859
6485 928
6486 928
6487 1859
6488 1859 1859
6489 3798
6490 262
6491 4740
6492 3638 936
6493 6942 1078 928 1078 4559 3798
6494 1859
6495 1859
6496 530
6497 6420
6498 312 312
6499 1859 1859 1859
6500 1859
6501 1859
6502 2568
6503 530
6504 1859
6505 3997
6506 6420
6507 1397 3700 3798
6508 5687 4740
6509 1859
6510 1859
6511 1859
6512 1859
6513 6420
6514 140
6515 312 312 312 312 312 312 312 312 6420 312 312 312 6420 312 312 6420 312 6420 312 312 312 312 312 312 312 6420 312 6420 312 312 312 312 312 312 6420 312 312 312 312 312 312 6420 312 312 312 312 312 312 312 312 316 312 312 312 312 6420
6516 1859
6517 1859 1859
6518 2568
6519 1859 1859
6520 3265
6521 928
6522 312 1397
6523 7227
6524 1859
6525 928
6526 1859
6527 928
6528 
6529 1859
6530 262 4559
6531 312 312 312 6420 6420 312 312 6420 312 312 312 2941 2941 312 312 2941 312 312 312 312 312 312 312 312 312 312 6420 6420 312 312 312 6420 312 312 312 312 312 312 312 312 312 312 312 312 312 312 312 2941 2941 312 312 2941 312 312 312 312 6420 312 312 312 6420 312 312 4740 312 312 312 312 312 312 6420 312 312 6420 312 312 6420 6420 6420 6420 6420 6420 6420
6532 1859
6533 74
6534 1859
6535 5687
6536 928
6537 1859
6538 4120
6539 6960 6960
6540 530
6541 3997
6542 1859
6543 1078
6544 3798
6545 4938
6546 312
6547 5687
6548 1859
6549 1859
6550 4559
6551 1859
6552 6420
6553 1859
6554 5687
6555 312
6556 1859 1859
6557 1859
6558 312 5687
6559 5687
6560 5687
6561 2941
6562 3503
6563 1859
6564 312
6565 6420
6566 1859
6567 312
6568 3798 81
6569 928
6570 1859
6571 5687
6572 798
6573 1859
6574 5687 5687
6575 312
6576 6942 6942 4559
6577 5687
6578 928
6579 6420 3503 530 3798
6580 597 928 928
6581 1859 1859
6582 312
6583 1859 1859 1859 1859 1859 1859 1859 1859 1859 1859 1859 1859 1859 1859 1859 1859 1859
6584 1299
6585 831
6586 928
6587 312
6588 1078
6589 798
6590 6420
6591 5687
6592 1859
6593 5687
6594 5687 5687 3798 628
6595 928
6596 6420
6597 1859
6598 1078
6599 530
6600 3265
6601 
6602 1859 1859
6603 928
6604 1397
6605 2568
6606 1859
6607 928
6608 5687
6609 312
6610 4559
6611 928
6612 6420
6613 928
6614 2653 530
6615 316 316 316
6616 3400
6617 486
6618 81
6619 5687
6620 6942
6621 5687
6622 1859 1859
6623 831
6624 6420
6625 928
6626 1397
6627 1859
6628 1859
6629 1859
6630 
6631 3503 262
6632 695
6633 928 928 798
6634 1115 1115
6635 150
6636 1859
6637 530 3400
6638 1859
6639 1859
6640 5687
6641 
6642 3256 3256
6643 262
6644 928
6645 3400 6420 5323
6646 928 928
6647 5687
6648 1859 1859 1859
6649 928
6650 3503
6651 1859
6652 5687 5687
6653 6942
6654 6420 6420 6420 6420
6655 800
6656 1859
6657 1859
6658 6420
6659 1859 1859
6660 928
6661 831
6662 4740
6663 3503
6664 1859
6665 831 2653 444 2482 798 4938 936 486
6666 1859
6667 262
6668 903
6669 3400
6670 4740
6671 
6672 486
6673 1859
6674 1859
6675 1859
6676 1859
6677 1859 1859 1859 1859
6678 312
6679 1859
6680 5784
6681 928 928 928
6682 928
6683 2568
6684 928
6685 5687
6686 6420
6687 928
6688 928
6689 6942 312
6690 6420
6691 1859
6692 6420
6693 928
6694 
6695 480
6696 928
6697 444 444
6698 1397 3400
6699 262 262
6700 928
6701 6420
6702 1859
6703 1859
6704 928
6705 4120
6706 928 444
6707 6420
6708 5687
6709 312
6710 6420
6711 928
6712 1859
6713 1859
6714 134 134
6715 1859
6716 3997 3997 1047 3997 3997 3997 3997
6717 1859
6718 1859
6719 831
6720 1859
6721 928 928
6722 1859
6723 928 928 928
6724 1859
6725 2275
6726 928 928 928
6727 6420
6728 928 928 928
6729 928
6730 3256
6731 1859
6732 444 1047
6733 1275 6420 3503
6734 1859
6735 262
6736 5687
6737 1859
6738 6420
6739 6420 6420 3895 1078 1380 312
6740 1859
6741 928
6742 2568
6743 1859 1859 1859
6744 3997
6745 4559
6746 1859
6747 1859
6748 1859 1859
6749 1859
6750 1859 1859 1859 1859
6751 
6752 1859
6753 1859
6754 5687
6755 1859
6756 1031
6757 530
6758 2482
6759 1859
6760 928
6761 928
6762 1859
6763 
6764 5323 6420 312 4740 4740 6763 6763 312 312 312 312 5687 312 6763 312 6420 3997 3997 3997 3997 312 312 6763 5687 5687 831 5687 5687 4740 4740 312 316 312 4740 5687 312
6765 928
6766 312
6767 3993
6768 1859
6769 928
6770 1859
6771 1859
6772 6420
6773 1859
6774 1859
6775 5687
6776 312
6777 1859
6778 928
6779 928
6780 597 597 798
6781 1859 1859 1859 1859 1859 1859
6782 262 262
6783 1859
6784 1859
6785 
6786 740 740
6787 3997
6788 928
6789 1859
6790 1859 1859
6791 6420
6792 3997
6793 1859
6794 1859
6795 3798
6796 1859
6797 1859
6798 6798 3721
6799 6420
6800 4559
6801 6420
6802 74
6803 928
6804 1859
6805 1859
6806 798
6807 1397
6808 1859
6809 530
6810 1397 1397
6811 1397 4425
6812 928
6813 1859
6814 5323
6815 928
6816 262
6817 1859
6818 1859
6819 6420 5687 4559 4800 5687 2941 312
6820 1397
6821 1859
6822 
6823 798 3798 798 798
6824 312
6825 5687
6826 6420
6827 3256 6827
6828 928
6829 1078 530 530 530 1400 3400 1400 1400 1400 6420 6420 5687 5687 936 1803 312 312 312 486 906 1400 530 530 4559 4559 928
6830 4426
6831 1859
6832 312
6833 1859
6834 6420
6835 6420
6836 530 4559 4120
6837 1859
6838 928 928 928 928 928 928 928 928 928 928 928 928 928 928 928 928 928 928 928 928 6420 6420 6420 312 316
6839 798
6840 928
6841 1078
6842 1859
6843 3798
6844 5687
6845 5687
6846 1859
6847 1859
6848 6420
6849 3895
6850 1859
6851 6268
6852 530
6853 5687 5687 5687
6854 5687 4416 530 1803
6855 312 5687 5687
6856 3605
6857 2275
6858 928
6859 6942
6860 1859
6861 4740
6862 6420
6863 1859
6864 3997
6865 140
6866 1859
6867 6420 3400
6868 1859
6869 6420
6870 1859
6871 150
6872 1859
6873 3400 831
6874 262
6875 1859
6876 1859
6877 312
6878 3503
6879 1859
6880 1859
6881 1859
6882 1859 1859
6883 1859
6884 1859
6885 1859
6886 1047
6887 1859
6888 928
6889 928
6890 4559
6891 262
6892 3400 6420
6893 5687
6894 3798
6895 1859 1859 1859 1859 1859 1859
6896 6420
6897 4425
6898 6420 6420
6899 5687
6900 4938
6901 5687
6902 928 928
6903 5687
6904 150
6905 486
6906 6942
6907 928
6908 4740 5687 6420 6420
6909 928 928
6910 6942
6911 3256
6912 831
6913 3400
6914 3844
6915 6942 6942
6916 3265 3265
6917 3997
6918 928 928
6919 1859
6920 7638
6921 6420 6420
6922 928
6923 928
6924 6420
6925 262 2941 5687 312
6926 928
6927 312
6928 1531
6929 
6930 530
6931 928
6932 5687
6933 5687
6934 5687 928 5687 4740
6935 1397
6936 312
6937 1078
6938 4120
6939 928 928
6940 312
6941 928 928 928 928 928 444 444
6942 
6943 2275
6944 5687
6945 2482 2653
6946 928 3895 3895 3895 3895 1397
6947 530
6948 262
6949 2568 5687
6950 3700
6951 740
6952 5687
6953 4559
6954 928 1078
6955 5687 928 6420 5687
6956 6420
6957 2275 1047 480 3997 2275
6958 928 928
6959 928
6960 6960 6960 6960 6960 6960 6960 6960 5330 6960 6960 6960 6960 6960 6960 6960 6960 3465 6960
6961 928
6962 2568
6963 5687 5687
6964 928
6965 6420
6966 3798
6967 6420
6968 
6969 5323
6970 928
6971 3503
6972 1397
6973 928
6974 928 928
6975 928
6976 3798
6977 928 3256
6978 5687 4559
6979 4559
6980 1078 3993
6981 928
6982 1078 1078 1078 4256 4256 530 1078 4256
6983 312
6984 3400 1397 3421 3895
6985 6420
6986 1078
6987 928
6988 6420 6420 6420 6420 6420 6420
6989 3400
6990 1859
6991 6420
6992 2589
6993 928
6994 5687
6995 928
6996 6420
6997 126 4559 4559 530 126 7188
6998 928
6999 936
7000 2568
7001 1966
7002 1078
7003 2407 2407 2407
7004 262
7005 928
7006 928 1397
7007 312
7008 312
7009 928 928 928 928
7010 6420
7011 3895 3895 3895 3895
7012 3400 3895 3895 1397
7013 5687 5687
7014 928
7015 1078
7016 928 928 928 928 928 928 928 928 928 928 928
7017 928
7018 530
7019 5687 5687 3310 5687 4740 1078 312
7020 5687
7021 1078
7022 6420
7023 5323 5323 5323
7024 4740 2275
7025 5323
7026 4014
7027 928
7028 4259
7029 6420 6420
7030 928
7031 262
7032 928 6420
7033 2482
7034 928
7035 150
7036 1397
7037 798
7038 1859
7039 262 262
7040 906
7041 6420
7042 928
7043 530
7044 928 928 928 928
7045 3997
7046 928
7047 4740 6420
7048 3844
7049 312 740
7050 3798 3798 3798
7051 6420
7052 928
7053 5687
7054 3895
7055 597
7056 928
7057 262
7058 928 928
7059 928 928 928 928
7060 6420
7061 1859
7062 2568
7063 6420 312 5687 312
7064 4740
7065 3503
7066 530
7067 6420 5687
7068 6420
7069 1078
7070 4740
7071 6420
7072 312 312
7073 1047 1803
7074 1224 936 486 3256
7075 6420 6420
7076 262
7077 5687
7078 530
7079 1078 1078
7080 928 928
7081 4120
7082 928
7083 262
7084 5687
7085 928
7086 2934
7087 262
7088 2341
7089 3421
7090 5687
7091 6420
7092 1047 597
7093 336 5687
7094 140
7095 3798
7096 928 928 928 928 928 928
7097 262
7098 928
7099 6420 1397 6420 6420 6420 6420
7100 6420
7101 6420 6420 6420
7102 928
7103 936
7104 5687
7105 3997
7106 1397
7107 928
7108 6420 6420 6420
7109 
7110 530
7111 928
7112 444
7113 6420
7114 530
7115 312 312
7116 928
7117 5687 5687 5687
7118 262
7119 928
7120 928
7121 530
7122 3798
7123 6420
7124 2653
7125 928 4559
7126 4719
7127 928
7128 5687 312
7129 486
7130 5687
7131 740
7132 530 530
7133 3400
7134 6420
7135 3503
7136 6420
7137 262
7138 928
7139 5687
7140 262
7141 6420
7142 530 5687
7143 530
7144 2275
7145 2810
7146 6420
7147 3798
7148 2568
7149 312
7150 
7151 3526 3503 3798
7152 312
7153 
7154 
7155 530
7156 928
7157 4800 928 312
7158 3503
7159 928 6420 6420 6420 6420
7160 1859 1859
7161 6420
7162 3305
7163 4740
7164 928
7165 1397
7166 936
7167 928
7168 1078 928
7169 1078
7170 262
7171 262
7172 928
7173 1078 1078
7174 5687
7175 928
7176 928
7177 5687
7178 3605
7179 928
7180 6420 5687 6420
7181 262
7182 928
7183 928
7184 6420
7185 2275
7186 3997 2275 1078
7187 3503
7188 
7189 928
7190 5687
7191 928
7192 2275
7193 831
7194 1078
7195 3400
7196 1275 3400 740
7197 530 530
7198 5687 928 1397
7199 4740
7200 1531
7201 1397
7202 312
7203 6420
7204 312
7205 
7206 798 3798
7207 928
7208 928 928
7209 928
7210 2482
7211 1397 3895
7212 3400 3997
7213 6420
7214 928
7215 312 5323
7216 
7217 3503 3503
7218 312
7219 6420
7220 6420
7221 5687
7222 928 928
7223 1078 3798 530
7224 798 6420 5687 6420
7225 3895 3798 4559 262 7227 936 530 2934 262 4425 3997 3256 2275 3256 4120 3503 3503 3503 3503 3798 2568 893 6420 4298 530 2482
7226 3798
7227 
7228 5687 4740
7229 928
7230 530
7231 3895 3895
7232 928 928
7233 928
7234 928
7235 928 740 1397 262 928
7236 798
7237 5687
7238 3304
7239 5687
7240 6420 312
7241 928
7242 928
7243 928 928
7244 6420
7245 3997
7246 928
7247 928
7248 
7249 3503
7250 2275
7251 312
7252 6420 6420
7253 
7254 262
7255 928
7256 
7257 5687
7258 1224
7259 798 798 798 486
7260 928
7261 3997
7262 3400
7263 928 928 928 928 928 928 928 928 928 928 928 928 928 928 928 928
7264 
7265 6420 6420
7266 5323 6420
7267 6420 6420
7268 5687
7269 4559 7638 798
7270 312
7271 928
7272 1859
7273 312
7274 928 928
7275 4800
7276 1859 1859
7277 5687
7278 262
7279 928 3798 6420
7280 5687 5687 5687
7281 3997 140
7282 1397
7283 6420
7284 6420
7285 262
7286 928
7287 928 928
7288 5687
7289 928
7290 831 831
7291 5687
7292 4634
7293 928
7294 928
7295 5687
7296 928
7297 1859
7298 5687
7299 6420
7300 6420
7301 3895 3895 4425
7302 740
7303 928
7304 6420
7305 6420 6420 6420 6420 6420 4740 928 4800 4800 312 5323 4559 530 530 530 530 530 530 6420 6420 1397 3503 3503 4800 6420 5687 6420 928 928 928 6420 1397 1397 928 928 530 4559 530 530 530
7306 1397 1397
7307 3503
7308 2934
7309 312
7310 928
7311 928
7312 2482 3400 461
7313 1397
7314 3503
7315 2341
7316 7227
7317 2934
7318 6420
7319 928
7320 6420
7321 7322 5687 7322 7322 5687
7322 
7323 928
7324 2653
7325 6420 5687
7326 6420
7327 928
7328 928 2810 6420
7329 1531
7330 1397
7331 7331 7331 7331 7331 7331 7331 7331 7331 7331 7331 7331 4572 1930 3455 7617 1091 7331 556 1175 7331 1333 7617 7331 7331 7331 7331
7332 
7333 5687
7334 461
7335 461
7336 928 928 928 928 928 928 928 928
7337 1078
7338 3503
7339 928
7340 3997
7341 928
7342 3605 3605
7343 740
7344 3993
7345 928 2941
7346 6420
7347 928
7348 5835 154 928
7349 1078 928
7350 
7351 798
7352 5323
7353 3773
7354 4740 312 6420
7355 2482 7355 7355 7355 7355 1540 7355
7356 312
7357 928 262 928 928 928 262 3503 928
7358 3400 6420
7359 928
7360 2482
7361 831
7362 3256
7363 3503 3503
7364 928 928
7365 5687 316 530
7366 928
7367 3256
7368 928
7369 798 1210
7370 928
7371 6420
7372 6420
7373 928 928 928
7374 6420
7375 5687
7376 1078 530
7377 928 928
7378 6420
7379 530 928
7380 3400 3400
7381 6420
7382 6420
7383 3798
7384 4120
7385 2568
7386 6420
7387 3997
7388 150
7389 3400
7390 6420
7391 262
7392 1078 928
7393 928
7394 312
7395 928 928
7396 1859
7397 312 312 312
7398 6420 1531 530 3798 4120 530 530 530
7399 5687
7400 6420
7401 6420
7402 928
7403 1397
7404 5687
7405 5687 5687
7406 530
7407 1859
7408 2934
7409 
7410 530
7411 312
7412 530
7413 1299
7414 312
7415 530 3503 928 530 928 3503 2275 3798
7416 928 1397 928 1397
7417 928
7418 2934
7419 3997
7420 5687 5687
7421 3798
7422 928
7423 
7424 2341
7425 798
7426 928
7427 928
7428 6420
7429 6420 6420
7430 5687
7431 928 928
7432 928
7433 262
7434 312
7435 530
7436 5687 5687
7437 262
7438 928
7439 3997
7440 5687
7441 6420
7442 928 928 928 928 3997 3997
7443 6420
7444 312
7445 928
7446 1859
7447 4740
7448 1859
7449 6420 5687
7450 3798
7451 262
7452 262
7453 6420 5687 5687
7454 5687
7455 928
7456 312
7457 6420
7458 262
7459 928
7460 3400 928 1097
7461 530 530
7462 5687 5687
7463 3997
7464 312
7465 6420
7466 3503
7467 928
7468 
7469 7468 7468 7468 3400 3400 3400
7470 
7471 4014
7472 5323
7473 928
7474 928
7475 565 6268
7476 5687
7477 740
7478 6420
7479 928
7480 486
7481 5687
7482 6420
7483 928
7484 6420
7485 3798
7486 6420
7487 4014
7488 928
7489 5687
7490 928
7491 1859
7492 
7493 928
7494 530 530
7495 928 928 928
7496 3798
7497 3503
7498 5687
7499 6420
7500 6420
7501 1047 928
7502 928
7503 5687
7504 126
7505 928
7506 7506 5687
7507 928
7508 1531
7509 1031
7510 3997
7511 5687
7512 486
7513 928
7514 5687
7515 262
7516 3798 3798
7517 5687
7518 1531
7519 6420
7520 262
7521 928 928
7522 3400
7523 928
7524 928
7525 7227
7526 6420
7527 150
7528 6420 6420
7529 928
7530 928
7531 3798
7532 262
7533 262
7534 312
7535 2941
7536 1397
7537 1803 6420 5687
7538 928
7539 928
7540 6420
7541 3993
7542 6420
7543 2941
7544 3503
7545 312 312
7546 3503
7547 928 928
7548 928 928
7549 312
7550 4259
7551 928 928
7552 6420
7553 3503
7554 1859
7555 928 928 5687
7556 928 928
7557 5687
7558 312
7559 928
7560 4559
7561 928 3993
7562 6420
7563 312
7564 5687
7565 262
7566 3798
7567 928
7568 5687
7569 6420 312
7570 928
7571 928
7572 150
7573 
7574 1859 1859
7575 1859
7576 5687
7577 1859 1859
7578 3503 312 5323 928
7579 928
7580 6420
7581 312
7582 312
7583 1078
7584 928
7585 6942
7586 1859
7587 262
7588 3997
7589 1859
7590 928
7591 1859
7592 530 2275 928 928
7593 1859
7594 6960 6960
7595 1859 1859 1859
7596 928
7597 1859
7598 530
7599 3400
7600 928
7601 530
7602 1859
7603 4014
7604 1859 1859 1859
7605 1859
7606 3997
7607 4740
7608 1859
7609 1078
7610 1859
7611 928 928 928 928 928
7612 150 928 485
7613 928 928
7614 3400
7615 3798
7616 1859
7617 
7618 928
7619 262
7620 928
7621 798
7622 312 312
7623 928
7624 3798
7625 150
7626 444
7627 928
7628 786
7629 
7630 
7631 262
7632 1859
7633 1859
7634 5687
7635 1531 2275
7636 3997 81
7637 6420
7638 
7639 1859
7640 3400
7641 1859
7642 3503
7643 928
7644 1859
7645 3256
7646 928
7647 1859 1859
7648 928 928
7649 5687
7650 928
7651 928 928
7652 5687 5687
7653 262 262
7654 262
7655 2568 2568
7656 
7657 1047
7658 
7659 1078 1078
7660 1859
7661 312
7662 
7663 928
7664 798
7665 1859
7666 928
7667 3798 3798
7668 1397 1397 1397
7669 3997
7670 1859
7671 928
7672 4426
7673 
7674 4268 4268 486
7675 4120
7676 1859
7677 4437 7677 7677 720 7677
7678 1859
7679 1859
7680 2568
7681 6420
7682 6960
7683 928 928
7684 1078
7685 3798
7686 5687
7687 6420 6420
7688 
7689 831
7690 1859
7691 1859
7692 6420
7693 1859
7694 2482 486
7695 1859
7696 1859
7697 5687 6420 312 6420
7698 262
7699 4425
7700 3256
7701 1859
7702 4259
7703 1397
7704 1859
7705 6420
7706 6420
7707 928
7708 1859
7709 3304
7710 1859
7711 2810
7712 262
7713 6420
7714 262
7715 
7716 1859
7717 928
7718 1859
7719 798
7720 928 928 928
