1520200806682832896	[0.0, 6.036854833708662e-10, 0.0, 0.8140056804954137, 0.00019334921094910754]	[0.0, 0.0, 0.0, 0.0, 0.0]
1463879060933820416	[0.0, 6.036854833708662e-10, 0.0, 0.8140056804954137, 0.00019334921094910754]	[0.0, 0.0, 0.0, 0.0, 0.0]
955069564055941120	[0.0, 4.832683378680466e-10, 0.0, 0.8224918911553296, 0.0002593833413117678]	[0.0, 2.408342910056391e-10, 0.0, 0.016972421319831944, 0.00013206826072532064]
1587961913954156545	[0.0, 4.803528672649674e-10, 0.0, 0.8149383617810834, 0.00022022856875589112]	[0.0, 2.466652322117975e-10, 0.0, 0.001865362571339313, 5.375871561356719e-05]
858012451366985730	[0.0, 6.036854833708662e-10, 0.0, 0.8140056804954137, 0.00019334921094910754]	[0.0, 0.0, 0.0, 0.0, 0.0]
772588501934051328	[0.0, 4.794234108832753e-10, 0.0, 0.8118348715258021, 0.00023187739808972423]	[0.0, 2.4852414497518184e-10, 0.0, 0.00434161793922323, 7.70563742812334e-05]
1593636437378957315	[0.0, 4.828305896520902e-10, 0.0, 0.816463836758427, 0.0002343936517154681]	[0.0, 2.4170978743755176e-10, 0.0, 0.004916312526026756, 8.208888153272113e-05]
1501738932400230400	[0.0, 6.036854833708662e-10, 0.0, 0.8140056804954137, 0.00019334921094910754]	[0.0, 0.0, 0.0, 0.0, 0.0]
808783915355951105	[0.0, 4.840510561244405e-10, 0.0, 0.8188146864571113, 0.000221602887673272]	[0.0, 2.392688544928514e-10, 0.0, 0.00961801192339542, 5.650735344832893e-05]
1453068880436400146	[0.0, 6.036854833708662e-10, 0.0, 0.8140056804954137, 0.00019334921094910754]	[0.0, 0.0, 0.0, 0.0, 0.0]
1581206457843912704	[5.169338170316863e-10, 0.0, 0.0, 0.08955223880597014, 1.0]	[0.0, 0.0, 0.0, 0.0, 0.0]
1566095531499208704	[0.0, 3.6465096449137485e-10, 0.0, 0.8200075907208898, 0.00026934925792600006]	[0.0, 2.92756301115333e-10, 0.0, 0.00782193088747014, 9.308094200407848e-05]
303742383	[0.0, 3.6004777360838543e-10, 0.0, 0.8290278763358024, 0.0005249477795078933]	[0.0, 2.983940400597958e-10, 0.0, 0.01937093765508335, 0.0004061284146537322]
45546362	[0.0, 3.6475928034142747e-10, 0.0, 0.8209524508865146, 0.0002769559400002511]	[0.0, 2.9262364193201655e-10, 0.0, 0.008508100026023964, 0.00010239912182634574]
1588771753362214912	[0.0, 3.6072148221724047e-10, 0.0, 0.822132920455773, 0.0002769535304745299]	[0.0, 2.9765281090791986e-10, 0.0, 0.018117680149548846, 0.00010266931121590613]
1529682349029326848	[0.0, 3.647575310956763e-10, 0.0, 0.8209428684665708, 0.0002767931478264711]	[0.0, 2.926257843362976e-10, 0.0, 0.008496298487316709, 0.0001022001299494534]
1547891496770105344	[0.0, 3.6210385963235053e-10, 0.0, 0.8466390514323802, 0.0005343224792379749]	[0.0, 2.958758546962005e-10, 0.0, 0.03996755417106348, 0.00041760527596161146]
2281732880	[0.0, 4.841676512517815e-10, 0.0, 0.8161848099148095, 0.00023129229751592717]	[0.0, 2.390356642381693e-10, 0.0, 0.0043582588387918175, 7.588617313363929e-05]
1145808668149125120	[0.0, 3.599683045168773e-10, 0.0, 0.8234580022677787, 0.0005129706434974856]	[0.0, 2.984913651502093e-10, 0.0, 0.011585492227718939, 0.00039146669359989473]
4068912568	[0.0, 4.842330481410931e-10, 0.0, 0.8174832433759228, 0.00023600779914787357]	[0.0, 2.389048704595462e-10, 0.0, 0.006955125761018221, 8.531717639753206e-05]
1514367527438233610	[0.0, 6.036854833708662e-10, 0.0, 0.8140056804954137, 0.00019334921094910754]	[0.0, 0.0, 0.0, 0.0, 0.0]
736016838052720640	[0.0, 6.036854833708662e-10, 0.0, 0.8140056804954137, 0.00019334921094910754]	[0.0, 0.0, 0.0, 0.0, 0.0]
20775133	[0.0, 3.600360144431248e-10, 0.0, 0.8243230153653641, 0.0005183131579423737]	[0.0, 2.984084460207847e-10, 0.0, 0.012642268433650714, 0.0003980010095838584]
823220596687437824	[0.0, 3.647750583492069e-10, 0.0, 0.8209000378472119, 0.000277754950929433]	[0.0, 2.92604318112824e-10, 0.0, 0.008443922554958376, 0.00010337622857336998]
1229891962414587904	[-2.7102007842464337e-10, 1.1962617037559868e-10, 1.9238716077315848e-07, 0.2739122472101938, 2.0000386698421897]	[1.3551003921232166e-10, 2.4202965649763377e-10, 9.619358038657924e-08, 0.2700467166426099, 0.9999226603156204]
816968928077500416	[0.0, 3.600313419566822e-10, 0.0, 0.8244266871146874, 0.0005192619646561307]	[0.0, 2.9841416621797977e-10, 0.0, 0.0127828584899565, 0.0003991779081460997]
825654804	[0.0, 6.036854833708662e-10, 0.0, 0.8140056804954137, 0.00019334921094910754]	[0.0, 0.0, 0.0, 0.0, 0.0]
1516569565144272902	[2.879454727233361e-10, 3.622112900225197e-10, 1.6175791984989325e-10, 0.8667659813966633, 0.17456045397101388]	[3.5347065395907276e-10, 2.957442798768083e-10, 2.9860091398391814e-10, 0.06462452313716628, 0.21477298659720392]
1546248279142301698	[0.0, 2.446231433897386e-10, 0.0, 0.4167916995109408, 0.376440976048016]	[0.0, 2.9317317293449936e-10, 0.0, 0.3243238573705129, 0.3072049008946361]
1586027737273184257	[0.0, 3.647658405778883e-10, 0.0, 0.8209269450655803, 0.0002774358659793281]	[0.0, 2.926156072936587e-10, 0.0, 0.008476843784064603, 0.00010298678196201561]
1139230884354285568	[0.0, 1.2679892300561495e-10, 0.0, 0.8583606049487329, 0.00034322720350070857]	[0.0, 2.3844328018262565e-10, 0.0, 0.02217746222665964, 7.493899627580048e-05]
1198361171989893120	[2.2030974376226804e-11, 3.6193083063521917e-10, 0.0, 0.8043845579579536, 0.010330548473486289]	[4.406194875245361e-11, 2.960878841325878e-10, 0.0, 0.06470931731727708, 0.019858845555528335]
1586022285345013760	[0.0, 4.842504287662385e-10, 0.0, 0.819257782216348, 0.00023639708064435326]	[0.0, 2.388701092092554e-10, 0.0, 0.010504203441868708, 8.609573939049148e-05]
398054082	[0.0, 3.622112900225197e-10, 0.0, 0.5456439449639932, 0.03169582245698369]	[0.0, 2.957442798768083e-10, 0.0, 0.32867498735061984, 0.03859050985888259]
1536682986371948547	[0.0, 3.801963902924575e-10, 0.0, 0.8255140044571372, 0.0002555805752939223]	[0.0, 2.7479986659426137e-10, 0.0, 0.01593217604087807, 8.493667626574589e-05]
1604175610036862977	[0.0, 2.446732616746106e-10, 0.0, 0.8369034846603466, 0.0003208112221051435]	[0.0, 2.931322516596462e-10, 0.0, 0.018873354323057503, 0.00010407351611865692]
1595948931149697025	[0.0, 2.5653483385039837e-10, 0.0, 0.8334695486905572, 0.00028391140258075934]	[0.0, 2.84274278229952e-10, 0.0, 0.015927372323320307, 9.949445600153808e-05]
1565991010995474434	[0.0, 3.61050683251245e-10, 0.0, 0.834025298974519, 0.0005153171567677661]	[0.0, 2.9717031211435347e-10, 0.0, 0.029738122640387207, 0.00039474893637853097]
1512852649598599175	[0.0, 4.842307692501894e-10, 0.0, 0.8174808816727877, 0.0002357797226328425]	[0.0, 2.389094282413535e-10, 0.0, 0.006950402354748064, 8.486102336746989e-05]
1586149818023518209	[0.0, 6.036854833708662e-10, 0.0, 0.8140056804954137, 0.00019334921094910754]	[0.0, 0.0, 0.0, 0.0, 0.0]
1589248003478528007	[0.0, 3.619492151240539e-10, 0.0, 0.8215659286694376, 0.00027786235569508274]	[0.0, 2.9606525476471447e-10, 0.0, 0.009260203056929373, 0.000103508328999658]
1597567891657875456	[0.0, 6.036854833708662e-10, 0.0, 0.8140056804954137, 0.00019334921094910754]	[0.0, 0.0, 0.0, 0.0, 0.0]
1353501845981966336	[0.0, 4.828319133284273e-10, 0.0, 0.8163641448576378, 0.00023490618007842375]	[0.0, 2.417071400848777e-10, 0.0, 0.004716928724448355, 8.31139382586324e-05]
1503212289343868929	[0.0, 3.510783439118736e-10, 0.0, 0.751360639678978, 0.005306024126111515]	[0.0, 3.093793019790622e-10, 0.0, 0.0767242595029363, 0.0062618052360639215]
122406464	[0.0, 4.828318964590773e-10, 0.0, 0.816360058246936, 0.00023494170485860222]	[0.0, 2.417071738235779e-10, 0.0, 0.004708755503044637, 8.318498781898939e-05]
183347440	[0.0, 6.036854833708662e-10, 0.0, 0.8140056804954137, 0.00019334921094910754]	[0.0, 0.0, 0.0, 0.0, 0.0]
1520249272310059015	[0.0, 3.798940596787673e-10, 0.0, 0.8255978489181913, 0.00025551061623246385]	[0.0, 2.75118533868197e-10, 0.0, 0.016352492728849873, 8.600994137570732e-05]
997629108111724546	[0.0, 2.446761055568961e-10, 0.0, 0.8369992158232369, 0.00032109377980312094]	[0.0, 2.931299296520264e-10, 0.0, 0.018945855522650528, 0.00010430451171787116]
1518685617001013250	[0.0, 6.036854833708662e-10, 0.0, 0.8140056804954137, 0.00019334921094910754]	[0.0, 0.0, 0.0, 0.0, 0.0]
1511938112712151040	[0.0, 3.649697207583597e-10, 0.0, 0.8263711145451209, 0.00027900577384071316]	[0.0, 2.923661235762292e-10, 0.0, 0.017282360853964344, 0.000105005738218537]
1368253253310443527	[0.0, 5.035998844062753e-10, 0.0, 0.8154088453223212, 0.00021557645798159995]	[0.0, 2.0017119792918176e-10, 0.0, 0.00280632965381491, 4.445449406498483e-05]
1546125627081760769	[0.0, 5.004268658644599e-10, 0.0, 0.8167947888495574, 0.0002159350059444714]	[0.0, 2.065172350128126e-10, 0.0, 0.005578216708287442, 4.517158999072772e-05]
20635049	[0.0, 1.3957505564404465e-09, 0.0, 0.7533297023844584, 0.002214214244941756]	[0.0, 9.705645438894487e-10, 0.0, 0.11368138052189417, 0.003715599760391387]
1593237575124549634	[0.0, 4.829483866966929e-10, 0.0, 0.6709997662393343, 0.018744422958502878]	[0.0, 2.4147419334834647e-10, 0.0, 0.2860118285121586, 0.03710214749510754]
879523106527653889	[0.0, 2.5337996037352657e-10, 0.0, 0.4115698566543263, 0.0791897285677609]	[0.0, 2.868415577328979e-10, 0.0, 0.34596491783998023, 0.08398254996602987]
1595898631260844032	[0.0, 2.4158275692098566e-10, 0.0, 0.8324507827246863, 0.0003088053410049942]	[0.0, 2.9574348860380385e-10, 0.0, 0.02075842524607455, 9.948848303840579e-05]
365004971	[0.0, 6.036854833708662e-10, 0.0, 0.8140056804954137, 0.00019334921094910754]	[0.0, 0.0, 0.0, 0.0, 0.0]
1596624149786644485	[0.0, 3.6855892421953874e-10, 0.0, 0.8315975324991989, 0.0005161007289638828]	[0.0, 2.8797004747152616e-10, 0.0, 0.021557552363557213, 0.0003953277887768803]
874160094	[0.0, 3.6002122997652773e-10, 0.0, 0.8241590078248601, 0.0005169687997831163]	[0.0, 2.984265594542339e-10, 0.0, 0.012466404158027414, 0.0003963693638588968]
1343869159562686469	[0.0, 3.600461561427877e-10, 0.0, 0.8243965832115061, 0.0005183204914867062]	[0.0, 2.98396020855497e-10, 0.0, 0.012739930598768672, 0.00039801342087720105]
437210920	[0.0, 2.402102671516049e-10, 0.0, 0.8515174649630654, 0.0006971931195887632]	[0.0, 2.967824187784807e-10, 0.0, 0.03750517046881736, 0.00041208383083937803]
1562158895224741888	[0.0, 6.036854833708662e-10, 0.0, 0.8140056804954137, 0.00019334921094910754]	[0.0, 0.0, 0.0, 0.0, 0.0]
1596784198181863425	[0.0, 4.842619287118347e-10, 0.0, 0.8225569678499072, 0.00023675333020572098]	[0.0, 2.3884710931806306e-10, 0.0, 0.01710257470898715, 8.680823851322691e-05]
1583116574948466688	[0.0, 6.036854833708662e-10, 0.0, 0.8140056804954137, 0.00019334921094910754]	[0.0, 0.0, 0.0, 0.0, 0.0]
1586067079312166914	[0.0, 4.828318964590773e-10, 0.0, 0.816360058246936, 0.00023494170485860222]	[0.0, 2.417071738235779e-10, 0.0, 0.004708755503044637, 8.318498781898939e-05]
881134810730827776	[0.0, 3.5998314576001037e-10, 0.0, 0.8236380648451844, 0.0005142524236903228]	[0.0, 2.9847318870573826e-10, 0.0, 0.011809634349170983, 0.0003930376999890257]
1606396329067945984	[0.0, 2.449335208122962e-10, 0.0, 0.838436073150875, 0.0003219699968835393]	[0.0, 2.929200915976641e-10, 0.0, 0.0199475253303362, 0.00010502138447422777]
766054909389201408	[0.0, 6.036854833708662e-10, 0.0, 0.8140056804954137, 0.00019334921094910754]	[0.0, 0.0, 0.0, 0.0, 0.0]
2945495369	[0.0, 3.7488928979559134e-10, 0.0, 0.759624864507674, 0.0030422173626802585]	[0.0, 4.575923871505497e-10, 0.0, 0.1087616319754793, 0.005697736303462302]
1464263722260910081	[0.0, 6.036854833708662e-10, 0.0, 0.8140056804954137, 0.00019334921094910754]	[0.0, 0.0, 0.0, 0.0, 0.0]
143288338	[0.0, 6.036854833708662e-10, 0.0, 0.8140056804954137, 0.00019334921094910754]	[0.0, 0.0, 0.0, 0.0, 0.0]
1162845798608117761	[0.0, 3.647556767124614e-10, 0.0, 0.8209399633245555, 0.0002766333926276255]	[0.0, 2.92628055430715e-10, 0.0, 0.008492730470874628, 0.0001020034674090302]
2953744109	[0.0, 3.5998944589830204e-10, 0.0, 0.8241496910508757, 0.00051752311000154]	[0.0, 2.9846547208903904e-10, 0.0, 0.012425829662435318, 0.0003970310514029486]
1585283153475866624	[0.0, 6.036854833708662e-10, 0.0, 0.8140056804954137, 0.00019334921094910754]	[0.0, 0.0, 0.0, 0.0, 0.0]
1601606563059453952	[0.0, 2.510058362571678e-10, 0.0, 0.8384183791802886, 0.0006517808438937249]	[0.0, 2.879617260988797e-10, 0.0, 0.01996775766561567, 0.0003747705068169624]
438821961	[0.0, 2.3126147829783855e-10, 0.0, 0.7599504851560672, 0.003166790379357577]	[0.0, 4.561272315744012e-10, 0.0, 0.06621217334107982, 0.0036417210371504434]
1598843895579922432	[0.0, 6.036854833708662e-10, 0.0, 0.8140056804954137, 0.00019334921094910754]	[0.0, 0.0, 0.0, 0.0, 0.0]
1459336623229919235	[0.0, 6.036854833708662e-10, 0.0, 0.8140056804954137, 0.00019334921094910754]	[0.0, 0.0, 0.0, 0.0, 0.0]
1593060853854642183	[0.0, 6.036854833708662e-10, 0.0, 0.8140056804954137, 0.00019334921094910754]	[0.0, 0.0, 0.0, 0.0, 0.0]
2688511189	[0.0, 6.036854833708662e-10, 0.0, 0.8140056804954137, 0.00019334921094910754]	[0.0, 0.0, 0.0, 0.0, 0.0]
1590583719194234880	[0.0, 6.036854833708662e-10, 0.0, 0.8140056804954137, 0.00019334921094910754]	[0.0, 0.0, 0.0, 0.0, 0.0]
1588704907149860864	[0.0, 3.636937034649048e-10, 0.0, 0.8110776017181841, 0.0005886687294256532]	[0.0, 2.9393460092862445e-10, 0.0, 0.02835616921106645, 0.0007180129463372624]
1472252293282209800	[0.0, 6.036854833708662e-10, 0.0, 0.8140056804954137, 0.00019334921094910754]	[0.0, 0.0, 0.0, 0.0, 0.0]
16453377	[0.0, 3.5998059139409394e-10, 0.0, 0.8236864922844965, 0.0005148517041873635]	[0.0, 2.9847631717864914e-10, 0.0, 0.011870522586138951, 0.0003937707601552199]
1586144310042451968	[0.0, 4.833281689108251e-10, 0.0, 0.8233045694862364, 0.0002871138279249631]	[0.0, 2.4071462892008225e-10, 0.0, 0.018597777981645525, 0.00018752923395171114]
1435705539099611136	[0.0, 6.036854833708662e-10, 0.0, 0.8140056804954137, 0.00019334921094910754]	[0.0, 0.0, 0.0, 0.0, 0.0]
821153004992757760	[0.0, 6.036854833708662e-10, 0.0, 0.8140056804954137, 0.00019334921094910754]	[0.0, 0.0, 0.0, 0.0, 0.0]
1225439204	[0.0, 6.036854833708662e-10, 0.0, 0.8140056804954137, 0.00019334921094910754]	[0.0, 0.0, 0.0, 0.0, 0.0]
1586944032726474752	[0.0, 6.036854833708662e-10, 0.0, 0.8140056804954137, 0.00019334921094910754]	[0.0, 0.0, 0.0, 0.0, 0.0]
712020000203145220	[0.0, 6.036854833708662e-10, 0.0, 0.8140056804954137, 0.00019334921094910754]	[0.0, 0.0, 0.0, 0.0, 0.0]
1427330037456515080	[0.0, 5.147648860516358e-10, 0.0, 0.8265305260668473, 0.00024074611830504487]	[0.0, 1.7784119463846078e-10, 0.0, 0.02504969114286726, 9.479381471187464e-05]
3338767810	[0.0, 2.2285742449849937e-10, 0.0, 0.7162674833140839, 0.009518047074895791]	[0.0, 3.1094976283093653e-10, 0.0, 0.07987852444420439, 0.00776401209596148]
1605382922348945408	[0.0, 2.449383053854975e-10, 0.0, 0.8386488171750587, 0.0003226676134234853]	[0.0, 2.929161616354325e-10, 0.0, 0.020123006540323538, 0.0001055904291095093]
30884721	[0.0, 3.600706796616172e-10, 0.0, 0.8250947173273679, 0.0005209506753555803]	[0.0, 2.9836598159658204e-10, 0.0, 0.013582100762966036, 0.00040122952613081217]
2800980736	[0.0, 8.19117320073467e-10, 0.0, 0.6443218552326343, 0.008849949015454123]	[0.0, 9.6207381086592e-10, 0.0, 0.14009882888170525, 0.008049315130961937]
1586346520185544704	[0.0, 4.842298851968238e-10, 0.0, 0.817467158595889, 0.00023570479690386792]	[0.0, 2.3891119634808473e-10, 0.0, 0.00692295620095078, 8.47111719095208e-05]
166581878	[-4.9588645684694466e-12, 3.6027602526768453e-10, -4.971843267947825e-12, 0.6868530207003489, 0.05552726493782487]	[6.07334394815842e-12, 2.981144854600776e-10, 6.0892395437818965e-12, 0.155729567967805, 0.06776992950050549]
1393029204384665601	[0.0, 3.81749179512577e-10, 0.0, 0.8226052767524538, 0.0002589761765815782]	[0.0, 2.7313925193742007e-10, 0.0, 0.010858271464314902, 8.531565807118423e-05]
1102929069417521153	[0.0, 1.1668462086917318e-09, 0.0, 0.8212037875208653, 0.0053928270181585]	[0.0, 6.901209998815233e-10, 0.0, 0.009404835401114593, 0.006372479416766431]
1252733774837755924	[0.0, 3.6591337181648423e-10, 0.0, 0.8060636395134917, 0.002862362177862387]	[0.0, 2.9124037144432493e-10, 0.0, 0.04810201873560597, 0.005179859235602318]
