4346968851781978171	[0.12348774055915579, 0.008072296296430748, 0.12348774055915579, 0.8140056804954137, 0.00019334921094910754]	[0.0, 0.0, 0.0, 0.0, 0.0]
6218937002513162013	[0.12348774055915579, 0.008072296296430748, 0.12348774055915579, 0.8140056804954137, 0.00019334921094910754]	[0.0, 0.0, 0.0, 0.0, 0.0]
713046598163743669	[0.09946493789023869, 0.006439563317219702, 0.0981661930637515, 0.8224918911553296, 0.0002593833413117678]	[0.048045605337834196, 0.0032654659584220925, 0.050643094990808574, 0.016972421319831944, 0.00013206826072532064]
7504407471963933558	[0.12224676517798336, 0.006804928418238454, 0.12173592073960242, 0.8149383617810834, 0.00022022856875589112]	[0.002481950762344859, 0.0025347357563845884, 0.0035036396391067205, 0.001865362571339313, 5.375871561356719e-05]
584963663135942285	[0.12348774055915579, 0.008072296296430748, 0.12348774055915579, 0.8140056804954137, 0.00019334921094910754]	[0.0, 0.0, 0.0, 0.0, 0.0]
596561072122502382	[0.12538341567919817, 0.006851097037801232, 0.12480044737198888, 0.8118348715258021, 0.00023187739808972423]	[0.0037913502400847786, 0.0024423985172590318, 0.002625413625666173, 0.00434161793922323, 7.70563742812334e-05]
5305514207509613016	[0.1262873234480373, 0.0068375197183107115, 0.12568105332368684, 0.816463836758427, 0.0002343936517154681]	[0.005599165777763038, 0.002469553156240074, 0.0043866255290620935, 0.004916312526026756, 8.208888153272113e-05]
8488910598702372104	[0.12348774055915579, 0.008072296296430748, 0.12348774055915579, 0.8140056804954137, 0.00019334921094910754]	[0.0, 0.0, 0.0, 0.0, 0.0]
512689737813925329	[0.12199263887164472, 0.0066529771708172996, 0.12144835403712281, 0.8188146864571113, 0.000221602887673272]	[0.0029902033750221434, 0.0028386382512268953, 0.004078773044065953, 0.00961801192339542, 5.650735344832893e-05]
6884641712362038933	[0.12348774055915579, 0.008072296296430748, 0.12348774055915579, 0.8140056804954137, 0.00019334921094910754]	[0.0, 0.0, 0.0, 0.0, 0.0]
7880519656376363892	[0.02393684000533799, 0.0, 0.17058567096487173, 0.08955223880597014, 1.0]	[0.0, 0.0, 0.0, 0.0, 0.0]
5225085507725916427	[0.12541399793027458, 0.0052749023737731935, 0.12402479749707311, 0.8200075907208898, 0.00026934925792600006]	[0.002360161249673209, 0.0034260939459045637, 0.0007077073586000996, 0.00782193088747014, 9.308094200407848e-05]
958986569	[0.07498517661262873, 0.004752366613322728, 0.06781706878801481, 0.8290278763358024, 0.0005249477795078933]	[0.05940330088052695, 0.0040660668982032706, 0.06818506607671901, 0.01937093765508335, 0.0004061284146537322]
37669618	[0.12767858468376853, 0.005294492814544841, 0.12639383160057527, 0.8209524508865146, 0.0002769559400002511]	[0.005137745215551081, 0.0034021009312585958, 0.0035674456280770472, 0.008508100026023964, 0.00010239912182634574]
6201372434561358274	[0.12870892846225174, 0.005474052016151075, 0.12746392370970794, 0.822132920455773, 0.0002769535304745299]	[0.006540082039076836, 0.0031930038972088994, 0.005039233576263827, 0.018117680149548846, 0.00010266931121590613]
1725880169266837984	[0.1276310947605439, 0.0052941841589540595, 0.12634722308179508, 0.8209428684665708, 0.0002767931478264711]	[0.005081244661005181, 0.0034024790218022496, 0.0035129269544608185, 0.008496298487316709, 0.0001022001299494534]
5978951898476190649	[0.07445764257393939, 0.004843399120619442, 0.07447664356796053, 0.8466390514323802, 0.0005343224792379749]	[0.060049361051271476, 0.003954575256325682, 0.06002608968129817, 0.03996755417106348, 0.00041760527596161146]
8777829389	[0.12442499463796297, 0.006673498040759837, 0.12379240251040406, 0.8161848099148095, 0.00023129229751592717]	[0.001874508157614385, 0.0027975965113418207, 0.0006093239024965724, 0.0043582588387918175, 7.588617313363929e-05]
6313751631751865611	[0.07498190800950882, 0.0047547637499689285, 0.06756062457964461, 0.8234580022677787, 0.0005129706434974856]	[0.05940730152566387, 0.004063131002010956, 0.06849645421621257, 0.011585492227718939, 0.00039146669359989473]
8472450779	[0.12583135766831421, 0.006685208333186182, 0.12517563426518002, 0.8174832433759228, 0.00023600779914787357]	[0.0046872342183168604, 0.0027741759264891305, 0.0033757874120484807, 0.006955125761018221, 8.531717639753206e-05]
3754206597876584702	[0.12348774055915579, 0.008072296296430748, 0.12348774055915579, 0.8140056804954137, 0.00019334921094910754]	[0.0, 0.0, 0.0, 0.0, 0.0]
913447902535850543	[0.12348774055915579, 0.008072296296430748, 0.12348774055915579, 0.8140056804954137, 0.00019334921094910754]	[0.0, 0.0, 0.0, 0.0, 0.0]
44233065	[0.07501177550176712, 0.00475384886413988, 0.06751291713875786, 0.8243230153653641, 0.0005183131579423737]	[0.059370689978875894, 0.0040642514828905536, 0.06855488026356524, 0.012642268433650714, 0.0003980010095838584]
477948263114199238	[0.12795324207783948, 0.005296421854050179, 0.1266609425587694, 0.8209000378472119, 0.000277754950929433]	[0.0054715963535810425, 0.003399738173828493, 0.0038888656937211673, 0.008443922554958376, 0.00010337622857336998]
1775465954767219205	[0.015354239300227713, 0.0016144592592861496, -1.0285614857320915, 0.2739122472101938, 2.0000386698421897]	[0.05406675062946403, 0.003228918518572299, 0.5760246131456238, 0.2700467166426099, 0.9999226603156204]
960242351900570594	[0.07502537012846815, 0.004753629513051831, 0.06751111602886772, 0.8244266871146874, 0.0005192619646561307]	[0.05935403994601116, 0.004064520194579941, 0.06855712670763539, 0.0127828584899565, 0.0003991779081460997]
335337900	[0.12348774055915579, 0.008072296296430748, 0.12348774055915579, 0.8140056804954137, 0.00019334921094910754]	[0.0, 0.0, 0.0, 0.0, 0.0]
4526119751459649973	[0.09242221133529382, 0.004843377777858449, -0.043628901525088075, 0.8667659813966633, 0.17456045397101388]	[0.038077911470381934, 0.003954601395762751, 0.29803573637049785, 0.06462452313716628, 0.21477298659720392]
6627816241468783071	[0.037286403691477996, 0.003228918519993269, 0.7735224548373288, 0.4167916995109408, 0.376440976048016]	[0.07038309682385804, 0.003954601394602534, 0.5307511216924595, 0.3243238573705129, 0.3072049008946361]
4629288310644725289	[0.12783229624829384, 0.005295666218537765, 0.12655041855611607, 0.8209269450655803, 0.0002774358659793281]	[0.005325243489155701, 0.003400663737652749, 0.0037582253794561375, 0.008476843784064603, 0.00010298678196201561]
4589845165016075457	[0.13743950581664824, 0.0025493602749056725, 0.13706085976797241, 0.8583606049487329, 0.00034322720350070857]	[0.006975882628746232, 0.0027614680107625376, 0.006786559604408304, 0.02217746222665964, 7.493899627580048e-05]
6301794341438678363	[0.09936329049653307, 0.0048433899552480595, 0.07098282951330794, 0.8043845579579536, 0.010330548473486289]	[0.04767639831536376, 0.003954586481592016, 0.06454205718072323, 0.06470931731727708, 0.019858845555528335]
3570372290754593956	[0.12609073468458562, 0.006686927245698325, 0.12545412030677744, 0.819257782216348, 0.00023639708064435326]	[0.005205988250859683, 0.0027707381014648444, 0.003932759495243276, 0.010504203441868708, 8.609573939049148e-05]
764639732	[0.09923282697118999, 0.004843377777858449, 0.09923282697118999, 0.5456439449639932, 0.03169582245698369]	[0.02970915579645253, 0.003954601395762751, 0.02970915579645253, 0.32867498735061984, 0.03859050985888259]
9775461105693665969	[0.13216020649814214, 0.006128817538455845, 0.1314259068875429, 0.8255140044571372, 0.0002555805752939223]	[0.011390446092822113, 0.002717730679340064, 0.010997075661845233, 0.01593217604087807, 8.493667626574589e-05]
1963146757952622291	[0.1325766126852841, 0.003947913849721607, 0.13082466589587072, 0.8369034846603466, 0.0003208112221051435]	[0.007425465552299526, 0.003367544470765163, 0.006005416102609313, 0.018873354323057503, 0.00010407351611865692]
7965782998649684628	[0.1285893142978187, 0.004546242955904577, 0.1273771362179668, 0.8334695486905572, 0.00028391140258075934]	[0.00799784964073964, 0.0030800766302197416, 0.006583474375491306, 0.015927372323320307, 9.949445600153808e-05]
7868220126506983318	[0.07569755740224585, 0.004800032205258539, 0.07172869618595698, 0.834025298974519, 0.0005153171567677661]	[0.05853078185261751, 0.0040082751986553365, 0.06354033465833171, 0.029738122640387207, 0.00039474893637853097]
1587516226727034001	[0.12578338784170082, 0.006684804993940223, 0.12512882764160815, 0.8174808816727877, 0.0002357797226328425]	[0.004591294565090054, 0.0027749826049810493, 0.0032821741649047276, 0.006950402354748064, 8.486102336746989e-05]
3294615212255066029	[0.12348774055915579, 0.008072296296430748, 0.12348774055915579, 0.8140056804954137, 0.00019334921094910754]	[0.0, 0.0, 0.0, 0.0, 0.0]
9804862973679176603	[0.12990525495464006, 0.005612703660963025, 0.12868740595559278, 0.8215659286694376, 0.00027786235569508274]	[0.00786086177812272, 0.003012374033412699, 0.006369567609199708, 0.009260203056929373, 0.000103508328999658]
1901068889852354678	[0.12348774055915579, 0.008072296296430748, 0.12348774055915579, 0.8140056804954137, 0.00019334921094910754]	[0.0, 0.0, 0.0, 0.0, 0.0]
6289791826450417719	[0.12643618448713406, 0.006839998402870598, 0.1258136270224735, 0.8163641448576378, 0.00023490618007842375]	[0.005896887855956501, 0.002464595787120298, 0.004651772926635445, 0.004716928724448355, 8.31139382586324e-05]
8750268427636157604	[0.1092531080605553, 0.004965517907611175, 0.042556997036263144, 0.751360639678978, 0.005306024126111515]	[0.017434403767020774, 0.003805010932018432, 0.09911959946567482, 0.0767242595029363, 0.0062618052360639215]
261081374	[0.1264442681105375, 0.006840110145959992, 0.12582152861153056, 0.816360058246936, 0.00023494170485860222]	[0.005913055102763398, 0.002464372300941511, 0.0046675761047495715, 0.004708755503044637, 8.318498781898939e-05]
949074270	[0.12348774055915579, 0.008072296296430748, 0.12348774055915579, 0.8140056804954137, 0.00019334921094910754]	[0.0, 0.0, 0.0, 0.0, 0.0]
8410521106095370587	[0.13153978936718685, 0.006122047150543925, 0.1308064169861437, 0.8255978489181913, 0.00025551061623246385]	[0.010512991142884362, 0.002715392755306628, 0.010082423529164625, 0.016352492728849873, 8.600994137570732e-05]
695741644595496876	[0.13264944316204466, 0.003948551292031152, 0.13089592262582878, 0.8369992158232369, 0.00032109377980312094]	[0.007485308852626159, 0.0033670240452911937, 0.006064348828680127, 0.018945855522650528, 0.00010430451171787116]
7459146307818638101	[0.12348774055915579, 0.008072296296430748, 0.12348774055915579, 0.8140056804954137, 0.00019334921094910754]	[0.0, 0.0, 0.0, 0.0, 0.0]
6734715034937617287	[0.12845211202845858, 0.00530025180981145, 0.12718866533400705, 0.8263711145451209, 0.00027900577384071316]	[0.006346448511424192, 0.0033950736324994874, 0.004899517921247981, 0.017282360853964344, 0.000105005738218537]
5898832142872976929	[0.13014235318975273, 0.007517613758102941, 0.13001275949925872, 0.8154088453223212, 0.00021557645798159995]	[0.013309225261193892, 0.001109365076655613, 0.013050037880205879, 0.00280632965381491, 4.445449406498483e-05]
7447972604611363884	[0.13026878919970583, 0.007580648922195239, 0.13013079162088043, 0.8167947888495574, 0.0002159350059444714]	[0.013562097281100105, 0.000983294748471018, 0.013286102123449285, 0.005578216708287442, 4.517158999072772e-05]
79798830	[0.13565867822209263, 0.022390830698354604, 0.1290603888684907, 0.7533297023844584, 0.002214214244941756]	[0.0510850660427106, 0.023228759396344282, 0.03902813159633221, 0.11368138052189417, 0.003715599760391387]
3667961906440744411	[0.1106399047777955, 0.006457837037144598, -0.1506115796556932, 0.6709997662393343, 0.018744422958502878]	[0.025695671562720554, 0.003228918518572299, 0.5481986404296979, 0.2860118285121586, 0.03710214749510754]
122469792846619156	[0.004803093859738821, 0.0026401560180406643, -0.013543360289787264, 0.4115698566543263, 0.0791897285677609]	[0.10469238876636588, 0.0045637232178904995, 0.121335810640383, 0.34596491783998023, 0.08398254996602987]
4174633998201822947	[0.1283682414549308, 0.004040741862897361, 0.12660928837927884, 0.8324507827246863, 0.0003088053410049942]	[0.008815577774617946, 0.003298408886423021, 0.008074340592805658, 0.02075842524607455, 9.948848303840579e-05]
299791332	[0.12348774055915579, 0.008072296296430748, 0.12348774055915579, 0.8140056804954137, 0.00019334921094910754]	[0.0, 0.0, 0.0, 0.0, 0.0]
8118955827327534440	[0.1924297585718362, 0.0058254745960059345, 0.19204140889051124, 0.8315975324991989, 0.0005161007289638828]	[0.08443705949761479, 0.0027517833998931436, 0.08396130570510589, 0.021557552363557213, 0.0003953277887768803]
148818580	[0.07499128446727397, 0.004754085755717398, 0.06751707787873372, 0.8241590078248601, 0.0005169687997831163]	[0.059395824679929224, 0.0040639613995578664, 0.06854978262766649, 0.012466404158027414, 0.0003963693638588968]
4188877884352633093	[0.07502140130101675, 0.004753780229209895, 0.06751920229233246, 0.8243965832115061, 0.0005183204914867062]	[0.05935890080379055, 0.0040643355487060915, 0.06854719258706028, 0.012739930598768672, 0.00039801342087720105]
983332765	[0.050185149222793345, 0.0031847336021133084, 0.04650440247246311, 0.8515174649630654, 0.0006971931195887632]	[0.05985296668699822, 0.0039914946866913175, 0.06317430139761075, 0.03750517046881736, 0.00041208383083937803]
1159840550733427967	[0.12348774055915579, 0.008072296296430748, 0.12348774055915579, 0.8140056804954137, 0.00019334921094910754]	[0.0, 0.0, 0.0, 0.0, 0.0]
3617594307610125375	[0.12615988388223223, 0.006686942958247758, 0.1254567814119213, 0.8225569678499072, 0.00023675333020572098]	[0.005344286646152885, 0.002770706676365981, 0.003938081705531016, 0.01710257470898715, 8.680823851322691e-05]
2313207642777590990	[0.12348774055915579, 0.008072296296430748, 0.12348774055915579, 0.8140056804954137, 0.00019334921094910754]	[0.0, 0.0, 0.0, 0.0, 0.0]
7557641521278822976	[0.1264442681105375, 0.006840110145959992, 0.12582152861153056, 0.816360058246936, 0.00023494170485860222]	[0.005913055102763398, 0.002464372300941511, 0.0046675761047495715, 0.004708755503044637, 8.318498781898939e-05]
439402895803309127	[0.07498417610531309, 0.004754539575070453, 0.06754911668759944, 0.8236380648451844, 0.0005142524236903228]	[0.059404524606912076, 0.004063405568665094, 0.06851054432219558, 0.011809634349170983, 0.0003930376999890257]
5469593762413474512	[0.13269922187251082, 0.003961734717359422, 0.13101816865944388, 0.838436073150875, 0.0003219699968835393]	[0.007525821457593456, 0.003356330919489216, 0.006155683705054466, 0.0199475253303362, 0.00010502138447422777]
556132959543089723	[0.12348774055915579, 0.008072296296430748, 0.12348774055915579, 0.8140056804954137, 0.00019334921094910754]	[0.0, 0.0, 0.0, 0.0, 0.0]
9682238944	[0.1438572375137605, 0.014795727422324257, 0.14010120020098682, 0.759624864507674, 0.0030422173626802585]	[0.040738993909209445, 0.013446862251787017, 0.033226919283662074, 0.1087616319754793, 0.005697736303462302]
7037568407785328482	[0.12348774055915579, 0.008072296296430748, 0.12348774055915579, 0.8140056804954137, 0.00019334921094910754]	[0.0, 0.0, 0.0, 0.0, 0.0]
443759152	[0.12348774055915579, 0.008072296296430748, 0.12348774055915579, 0.8140056804954137, 0.00019334921094910754]	[0.0, 0.0, 0.0, 0.0, 0.0]
6805076333216027918	[0.1275713688868633, 0.0052938526275111055, 0.12627795748535947, 0.8209399633245555, 0.0002766333926276255]	[0.005005049223333128, 0.0034028849191516867, 0.0034225678826433617, 0.008492730470874628, 0.0001020034674090302]
8357403704	[0.07507717298182678, 0.004753965046604009, 0.06760547411244269, 0.8241496910508757, 0.00051752311000154]	[0.0592905946953155, 0.00406410918175054, 0.06844151930918403, 0.012425829662435318, 0.0003970310514029486]
6427828960660028833	[0.12348774055915579, 0.008072296296430748, 0.12348774055915579, 0.8140056804954137, 0.00019334921094910754]	[0.0, 0.0, 0.0, 0.0, 0.0]
8058169977714345950	[0.22725959976321658, 0.004702854122038023, 0.22664511960412947, 0.8384183791802886, 0.0006517808438937249]	[0.08472937779355864, 0.0027511380352362932, 0.08422765683556205, 0.01996775766561567, 0.0003747705068169624]
158673806	[0.09062418707310056, 0.006713462231497611, -0.011830799432456806, 0.7599504851560672, 0.003166790379357577]	[0.0402499957889506, 0.0016643818113256654, 0.16574534171367886, 0.06621217334107982, 0.0036417210371504434]
4692057714914038399	[0.12348774055915579, 0.008072296296430748, 0.12348774055915579, 0.8140056804954137, 0.00019334921094910754]	[0.0, 0.0, 0.0, 0.0, 0.0]
7863316160355590972	[0.12348774055915579, 0.008072296296430748, 0.12348774055915579, 0.8140056804954137, 0.00019334921094910754]	[0.0, 0.0, 0.0, 0.0, 0.0]
7340212533341407669	[0.12348774055915579, 0.008072296296430748, 0.12348774055915579, 0.8140056804954137, 0.00019334921094910754]	[0.0, 0.0, 0.0, 0.0, 0.0]
6614710753	[0.12348774055915579, 0.008072296296430748, 0.12348774055915579, 0.8140056804954137, 0.00019334921094910754]	[0.0, 0.0, 0.0, 0.0, 0.0]
9620622890788950416	[0.12348774055915579, 0.008072296296430748, 0.12348774055915579, 0.8140056804954137, 0.00019334921094910754]	[0.0, 0.0, 0.0, 0.0, 0.0]
4615222075188723143	[0.10479890458517109, 0.005046818241068949, 0.09970163922925854, 0.8110776017181841, 0.0005886687294256532]	[0.03537667689713213, 0.003718464338290048, 0.04432717636286615, 0.02835616921106645, 0.0007180129463372624]
2394579100508453400	[0.12348774055915579, 0.008072296296430748, 0.12348774055915579, 0.8140056804954137, 0.00019334921094910754]	[0.0, 0.0, 0.0, 0.0, 0.0]
42977183	[0.07498518071142118, 0.004754438568429697, 0.06754166701772651, 0.8236864922844965, 0.0005148517041873635]	[0.05940329412316318, 0.0040635292737591505, 0.06851966855927691, 0.011870522586138951, 0.0003937707601552199]
9763200986661409009	[0.09711389305308281, 0.006435952773494506, 0.0952580136812283, 0.8233045694862364, 0.0002871138279249631]	[0.05274769501214595, 0.003272687045872483, 0.05645945375585496, 0.018597777981645525, 0.00018752923395171114]
3137292925731093271	[0.12348774055915579, 0.008072296296430748, 0.12348774055915579, 0.8140056804954137, 0.00019334921094910754]	[0.0, 0.0, 0.0, 0.0, 0.0]
951806966984496722	[0.12348774055915579, 0.008072296296430748, 0.12348774055915579, 0.8140056804954137, 0.00019334921094910754]	[0.0, 0.0, 0.0, 0.0, 0.0]
1137617804	[0.12348774055915579, 0.008072296296430748, 0.12348774055915579, 0.8140056804954137, 0.00019334921094910754]	[0.0, 0.0, 0.0, 0.0, 0.0]
2390760823030298243	[0.12348774055915579, 0.008072296296430748, 0.12348774055915579, 0.8140056804954137, 0.00019334921094910754]	[0.0, 0.0, 0.0, 0.0, 0.0]
785779781050577202	[0.12348774055915579, 0.008072296296430748, 0.12348774055915579, 0.8140056804954137, 0.00019334921094910754]	[0.0, 0.0, 0.0, 0.0, 0.0]
3972052665575456729	[0.13968054261487417, 0.007712130211833129, 0.13947960068063528, 0.8265305260668473, 0.00024074611830504487]	[0.03238560411143675, 0.0007203321691952372, 0.031983720242958966, 0.02504969114286726, 9.479381471187464e-05]
8588812484	[0.10967509811052953, 0.0034391450861423, -0.004151535126948181, 0.7162674833140839, 0.009518047074895791]	[0.013219387737402354, 0.003783032822694354, 0.10439087014320773, 0.07987852444420439, 0.00776401209596148]
1946817371593803526	[0.133021696163299, 0.00393961934092386, 0.13132805305254613, 0.8386488171750587, 0.0003226676134234853]	[0.007784621842069615, 0.003374383755402991, 0.006402194036529844, 0.020123006540323538, 0.0001055904291095093]
44599308	[0.07502885349148264, 0.004753307810113493, 0.06748589016823689, 0.8250947173273679, 0.0005209506753555803]	[0.05934977445745426, 0.0040649141373003935, 0.06858799042727394, 0.013582100762966036, 0.00040122952613081217]
6759023722	[0.22878302170923423, 0.050249459500221014, 0.21676359058674238, 0.6443218552326343, 0.008849949015454123]	[0.09413331641566158, 0.034573144575710237, 0.08540457112911512, 0.14009882888170525, 0.008049315130961937]
6052637713882926622	[0.12575398006097255, 0.006684648525977098, 0.12511864677439483, 0.817467158595889, 0.00023570479690386792]	[0.004532479003633539, 0.0027752955409072987, 0.003261812430478062, 0.00692295620095078, 8.47111719095208e-05]
619513763	[0.07409475826621434, 0.004843235029763557, 0.07409475826621434, 0.6868530207003489, 0.05552726493782487]	[0.06049380174601561, 0.00395477622575987, 0.06049380174601561, 0.155729567967805, 0.06776992950050549]
9241882821761107473	[0.13295158352498224, 0.006214159007433863, 0.1322018668040602, 0.8226052767524538, 0.0002589761765815782]	[0.014212113127077186, 0.0027003255665679383, 0.013994764416304683, 0.010858271464314902, 8.531565807118423e-05]
6676013163722128052	[0.4893735287057114, 0.03244447869156522, 0.47478439027971253, 0.8212037875208653, 0.0053928270181585]	[0.44815036658018254, 0.029860528178887485, 0.4303015457859227, 0.009404835401114593, 0.006372479416766431]
3445152876271591128	[0.07594688371595144, 0.0044339510944722054, 0.05757515477931609, 0.8060636395134917, 0.002862362177862387]	[0.05841767326896977, 0.004483966500550814, 0.08329162496674641, 0.04810201873560597, 0.005179859235602318]
