1520200806682832896	[-0.008245863642529366, 0.0014306982074535398, -0.008245863642529366, 0.8140056804954137, 0.00019334921094910754]	[0.0, 0.0, 0.0, 0.0, 0.0]
1463879060933820416	[-0.008245863642529366, 0.0014306982074535398, -0.008245863642529366, 0.8140056804954137, 0.00019334921094910754]	[0.0, 0.0, 0.0, 0.0, 0.0]
955069564055941120	[-0.013071276712348678, 0.0011447187909151202, -0.013055863622978192, 0.8224918911553296, 0.0002593833413117678]	[0.009650826139638627, 0.0005719588330768393, 0.009619999960897652, 0.016972421319831944, 0.00013206826072532064]
1587961913954156545	[-0.010803349124812112, 0.0011376090803516294, -0.010810810316945295, 0.8149383617810834, 0.00022022856875589112]	[0.005114970964565495, 0.0005861782542038208, 0.005129893348831858, 0.001865362571339313, 5.375871561356719e-05]
858012451366985730	[-0.008245863642529366, 0.0014306982074535398, -0.008245863642529366, 0.8140056804954137, 0.00019334921094910754]	[0.0, 0.0, 0.0, 0.0, 0.0]
772588501934051328	[-0.011383874640460848, 0.0011325777136250053, -0.011392849270535101, 0.8118348715258021, 0.00023187739808972423]	[0.0062760219958629656, 0.0005962409876570689, 0.00629397125601147, 0.00434161793922323, 7.70563742812334e-05]
1593636437378957315	[-0.011478900974211155, 0.0011426820596464465, -0.011493167968781767, 0.816463836758427, 0.0002343936517154681]	[0.006466074663363579, 0.0005760322956141866, 0.0064946086525048035, 0.004916312526026756, 8.208888153272113e-05]
1501738932400230400	[-0.008245863642529366, 0.0014306982074535398, -0.008245863642529366, 0.8140056804954137, 0.00019334921094910754]	[0.0, 0.0, 0.0, 0.0, 0.0]
808783915355951105	[-0.01088556588587897, 0.0011446631181933494, -0.01089244565786776, 0.8188146864571113, 0.000221602887673272]	[0.00527940448669921, 0.000572070178520381, 0.00529316403067679, 0.00961801192339542, 5.650735344832893e-05]
1453068880436400146	[-0.008245863642529366, 0.0014306982074535398, -0.008245863642529366, 0.8140056804954137, 0.00019334921094910754]	[0.0, 0.0, 0.0, 0.0, 0.0]
1581206457843912704	[6.209688408929245e-09, 0.0, 0.48380804284442436, 0.08955223880597014, 1.0]	[8.271806125530277e-25, 0.0, 5.551115123125783e-17, 0.0, 0.0]
1566095531499208704	[-0.014869564511381994, 0.0008586501268300236, -0.014974167589621085, 0.8200075907208898, 0.00026934925792600006]	[0.00811234695339658, 0.0007006129529331743, 0.008240464379730231, 0.00782193088747014, 9.308094200407848e-05]
303742383	[-0.00532346228247137, 0.0008584080388916417, -0.005337229767624159, 0.8290278763358024, 0.0005249477795078933]	[0.003579967534254856, 0.000700909448894016, 0.0035623348365832444, 0.01937093765508335, 0.0004061284146537322]
45546362	[-0.01485214208738474, 0.0008586606230013696, -0.014868002269867953, 0.8209524508865146, 0.0002769559400002511]	[0.00809107809390432, 0.0007006000978015345, 0.008110502473886417, 0.008508100026023964, 0.00010239912182634574]
1588771753362214912	[-0.01486910524098925, 0.00085057775149994, -0.0148779357552873, 0.822132920455773, 0.0002769535304745299]	[0.008123235677635707, 0.0007106153060055502, 0.008133349876415516, 0.018117680149548846, 0.00010266931121590613]
1529682349029326848	[-0.014846390382738417, 0.0008586604576297987, -0.01486223970320941, 0.8209428684665708, 0.0002767931478264711]	[0.008084039817026717, 0.0007006003003396104, 0.008103450895508995, 0.008496298487316709, 0.0001022001299494534]
1547891496770105344	[-0.005411529076942622, 0.0008584189244721239, -0.0054111410141743236, 0.8466390514323802, 0.0005343224792379749]	[0.003471336724424938, 0.000700896116835145, 0.0034718120023076314, 0.03996755417106348, 0.00041760527596161146]
2281732880	[-0.011558667460110323, 0.0011446741128702733, -0.011612345669468066, 0.8161848099148095, 0.00023129229751592717]	[0.006625607635161915, 0.000572048189166533, 0.006732964053877402, 0.0043582588387918175, 7.588617313363929e-05]
1145808668149125120	[-0.00527971584504581, 0.0008584083255372693, -0.0053380602041913664, 0.8234580022677787, 0.0005129706434974856]	[0.0036327959821957443, 0.0007009090978262528, 0.0035613383333222563, 0.011585492227718939, 0.00039146669359989473]
4068912568	[-0.011588715724937606, 0.0011446803870137317, -0.011598173095551391, 0.8174832433759228, 0.00023600779914787357]	[0.0066857041648164806, 0.0005720356408796158, 0.00670461890604405, 0.006955125761018221, 8.531717639753206e-05]
1514367527438233610	[-0.008245863642529366, 0.0014306982074535398, -0.008245863642529366, 0.8140056804954137, 0.00019334921094910754]	[0.0, 0.0, 0.0, 0.0, 0.0]
736016838052720640	[-0.008245863642529366, 0.0014306982074535398, -0.008245863642529366, 0.8140056804954137, 0.00019334921094910754]	[0.0, 0.0, 0.0, 0.0, 0.0]
20775133	[-0.005273223569595945, 0.0008584082149956662, -0.005332175872188963, 0.8243230153653641, 0.0005183131579423737]	[0.0036407256887534497, 0.0007009092332115128, 0.0035685241535608077, 0.012642268433650714, 0.0003980010095838584]
823220596687437824	[-0.014894300508071686, 0.0008586616565426468, -0.014911662095950896, 0.8209000378472119, 0.000277754950929433]	[0.008142676452287808, 0.0007005988319769102, 0.008163947457676755, 0.008443922554958376, 0.00010337622857336998]
1229891962414587904	[-0.001212564261497255, 0.00028613964149070797, 0.14736873952006327, 0.2739122472101938, 2.0000386698421897]	[0.0035166496905160547, 0.0005722792829814159, 0.07780730158129633, 0.2700467166426099, 0.9999226603156204]
816968928077500416	[-0.005274019009932165, 0.0008584081887529751, -0.005333115782258659, 0.8244266871146874, 0.0005192619646561307]	[0.0036397518200934212, 0.0007009092653521192, 0.003567373623771402, 0.0127828584899565, 0.0003991779081460997]
825654804	[-0.008245863642529366, 0.0014306982074535398, -0.008245863642529366, 0.8140056804954137, 0.00019334921094910754]	[0.0, 0.0, 0.0, 0.0, 0.0]
1516569565144272902	[-0.0049444774466960864, 0.0008584189244721239, -0.006266200232375134, 0.8667659813966633, 0.17456045397101388]	[0.004043355819747863, 0.000700896116835145, 0.0032010992379104797, 0.06462452313716628, 0.21477298659720392]
1546248279142301698	[-0.0033626812216904283, 0.0005722792829814159, 10.133383914699987, 0.4167916995109408, 0.376440976048016]	[0.003987101750661368, 0.000700896116835145, 8.280606039051476, 0.3243238573705129, 0.3072049008946361]
1586027737273184257	[-0.014877880955816561, 0.0008586612516880598, -0.014893770262223957, 0.8209269450655803, 0.0002774358659793281]	[0.008122586553934339, 0.000700599327820633, 0.008142046558818405, 0.008476843784064603, 0.00010298678196201561]
1139230884354285568	[-0.022105075881529646, 0.00028668720176175594, -0.022011731453153778, 0.8583606049487329, 0.00034322720350070857]	[0.006929606119500141, 0.000572005502845892, 0.006882933905312205, 0.02217746222665964, 7.493899627580048e-05]
1198361171989893120	[-0.004812012319964089, 0.0008584189244721239, -0.003823717467477146, 0.8043845579579536, 0.010330548473486289]	[0.004301912689491028, 0.000700896116835145, 0.006019256045943665, 0.06470931731727708, 0.019858845555528335]
1586022285345013760	[-0.011645742954923549, 0.0011446813079726366, -0.011645686954382645, 0.819257782216348, 0.00023639708064435326]	[0.006799758624788367, 0.0005720337989618065, 0.006799646623706556, 0.010504203441868708, 8.609573939049148e-05]
398054082	[-0.004441325950340665, 0.0008584189244721239, -0.004441325950340665, 0.5456439449639932, 0.03169582245698369]	[0.00465959597396273, 0.000700896116835145, 0.00465959597396273, 0.32867498735061984, 0.03859050985888259]
1536682986371948547	[-0.01314232355884328, 0.0010213526888783997, -0.013141062781537306, 0.8255140044571372, 0.0002555805752939223]	[0.00667780591364649, 0.0005634849862496138, 0.006702330665544688, 0.01593217604087807, 8.493667626574589e-05]
1604175610036862977	[-0.018059954368537516, 0.0005725211367166089, -0.018009143915723363, 0.8369034846603466, 0.0003208112221051435]	[0.00801325825647235, 0.000700698644087441, 0.007971696417479286, 0.018873354323057503, 0.00010407351611865692]
1595948931149697025	[-0.015617008691569064, 0.0006998272823128969, -0.015589925406877989, 0.8334695486905572, 0.00028391140258075934]	[0.007454236245928172, 0.0006404202278115975, 0.007432858961046849, 0.015927372323320307, 9.949445600153808e-05]
1565991010995474434	[-0.005335647565718075, 0.0008584137387412273, -0.0054159130396886105, 0.834025298974519, 0.0005153171567677661]	[0.0035650788297525234, 0.0007009024680804245, 0.0034676247948651965, 0.029738122640387207, 0.00039474893637853097]
1512852649598599175	[-0.011579860255676106, 0.001144680170912528, -0.011589300849639545, 0.8174808816727877, 0.0002357797226328425]	[0.006667993226293478, 0.0005720360730820237, 0.0066868744142203574, 0.006950402354748064, 8.486102336746989e-05]
1586149818023518209	[-0.008245863642529366, 0.0014306982074535398, -0.008245863642529366, 0.8140056804954137, 0.00019334921094910754]	[0.0, 0.0, 0.0, 0.0, 0.0]
1589248003478528007	[-0.014846109077707535, 0.0008546171056736812, -0.014863431825603434, 0.8215659286694376, 0.00027786235569508274]	[0.00808365175133605, 0.0007055523749696595, 0.008104868183095332, 0.009260203056929373, 0.000103508328999658]
1597567891657875456	[-0.008245863642529366, 0.0014306982074535398, -0.008245863642529366, 0.8140056804954137, 0.00019334921094910754]	[0.0, 0.0, 0.0, 0.0, 0.0]
1353501845981966336	[-0.011511077079075508, 0.001142669809239821, -0.011525560557666941, 0.8163641448576378, 0.00023490618007842375]	[0.006530426873092281, 0.0005760567964274378, 0.006559393830275153, 0.004716928724448355, 8.31139382586324e-05]
1503212289343868929	[-0.0009642640371674636, 0.0008563514864851438, 0.0016482518327722317, 0.751360639678978, 0.005306024126111515]	[0.008918117092353926, 0.0007034282009589434, 0.012117798100236471, 0.0767242595029363, 0.0062618052360639215]
122406464	[-0.011512514034094529, 0.001142669256971773, -0.011527001747621224, 0.816360058246936, 0.00023494170485860222]	[0.006533300783130324, 0.0005760579009635331, 0.0065622762101837165, 0.004708755503044637, 8.318498781898939e-05]
183347440	[-0.008245863642529366, 0.0014306982074535398, -0.008245863642529366, 0.8140056804954137, 0.00019334921094910754]	[0.0, 0.0, 0.0, 0.0, 0.0]
1520249272310059015	[-0.013160993320643554, 0.0010190351146703819, -0.013161075132388012, 0.8255978489181913, 0.00025551061623246385]	[0.0067420424418313495, 0.0005643537032238387, 0.006754800658369648, 0.016352492728849873, 8.600994137570732e-05]
997629108111724546	[-0.01807304252776798, 0.0005725213511377558, -0.01802218226673448, 0.8369992158232369, 0.00032109377980312094]	[0.008023955181204717, 0.0007006984690133316, 0.007982338018801449, 0.018945855522650528, 0.00010430451171787116]
1518685617001013250	[-0.008245863642529366, 0.0014306982074535398, -0.008245863642529366, 0.8140056804954137, 0.00019334921094910754]	[0.0, 0.0, 0.0, 0.0, 0.0]
1511938112712151040	[-0.014984168464971696, 0.0008586745170807176, -0.01500213393451041, 0.8263711145451209, 0.00027900577384071316]	[0.00825729668364794, 0.0007005830815185887, 0.008279401195215207, 0.017282360853964344, 0.000105005738218537]
1368253253310443527	[-0.009922564750388083, 0.0013231380288783125, -0.009921285136349049, 0.8154088453223212, 0.00021557645798159995]	[0.0033534022157174367, 0.00021512035715045473, 0.003350842987639366, 0.00280632965381491, 4.445449406498483e-05]
1546125627081760769	[-0.009946240877374175, 0.0013155928459259456, -0.009942727364189321, 0.8167947888495574, 0.0002159350059444714]	[0.0034007544696896194, 0.00023021072305518832, 0.0033937274433199134, 0.005578216708287442, 4.517158999072772e-05]
20635049	[0.0024668555523197186, 0.0033019509779527527, 0.0014554070024929745, 0.7533297023844584, 0.002214214244941756]	[0.013753785149825802, 0.0026407573541180453, 0.012147108336510778, 0.11368138052189417, 0.003715599760391387]
1593237575124549634	[-0.006764683379175773, 0.0011445585659628319, -0.000622765575072632, 0.6709997662393343, 0.018744422958502878]	[0.0029623605267071846, 0.0005722792829814159, 0.015246196134913468, 0.2860118285121586, 0.03710214749510754]
879523106527653889	[-0.016213420159487336, 0.000573204171536032, -0.024480066252486735, 0.4115698566543263, 0.0791897285677609]	[0.016923935622581612, 0.0007001429847911014, 0.026279622232994453, 0.34596491783998023, 0.08398254996602987]
1595898631260844032	[-0.017710040900339074, 0.0005655787893812398, -0.017727394949148694, 0.8324507827246863, 0.0003088053410049942]	[0.007898965049724467, 0.0007064851088822166, 0.007912018985231719, 0.02075842524607455, 9.948848303840579e-05]
365004971	[-0.008245863642529366, 0.0014306982074535398, -0.008245863642529366, 0.8140056804954137, 0.00019334921094910754]	[0.0, 0.0, 0.0, 0.0, 0.0]
1596624149786644485	[-0.006387342839479114, 0.0008589943238640494, -0.005499789299059, 0.8315975324991989, 0.0005161007289638828]	[0.0022802981938210643, 0.0007001913993809436, 0.0033635708092938916, 0.021557552363557213, 0.0003953277887768803]
874160094	[-0.0052814943348533875, 0.0008584082433294897, -0.005340290692801587, 0.8241590078248601, 0.0005169687997831163]	[0.003630619867892523, 0.0007009091985098119, 0.0035586081419191097, 0.012466404158027414, 0.0003963693638588968]
1343869159562686469	[-0.005273472914627299, 0.0008584082067849658, -0.005332470426673822, 0.8243965832115061, 0.0005183204914867062]	[0.0036404203005150214, 0.0007009092432675265, 0.0035681634130391433, 0.012739930598768672, 0.00039801342087720105]
437210920	[-0.003931824331217239, 0.0005722739955695213, -0.003960542524000158, 0.8515174649630654, 0.0006971931195887632]	[0.003524176903507809, 0.000700900434055357, 0.0034994383244041872, 0.03750517046881736, 0.00041208383083937803]
1562158895224741888	[-0.008245863642529366, 0.0014306982074535398, -0.008245863642529366, 0.8140056804954137, 0.00019334921094910754]	[0.0, 0.0, 0.0, 0.0, 0.0]
1596784198181863425	[-0.011608550288969219, 0.0011446813079726366, -0.011624656328083207, 0.8225569678499072, 0.00023675333020572098]	[0.0067253732928797055, 0.0005720337989618065, 0.006757585371107686, 0.01710257470898715, 8.680823851322691e-05]
1583116574948466688	[-0.008245863642529366, 0.0014306982074535398, -0.008245863642529366, 0.8140056804954137, 0.00019334921094910754]	[0.0, 0.0, 0.0, 0.0, 0.0]
1586067079312166914	[-0.011512514034094529, 0.001142669256971773, -0.011527001747621224, 0.816360058246936, 0.00023494170485860222]	[0.006533300783130324, 0.0005760579009635331, 0.0065622762101837165, 0.004708755503044637, 8.318498781898939e-05]
881134810730827776	[-0.005280551540867513, 0.0008584082987241764, -0.005339043013253042, 0.8236380648451844, 0.0005142524236903228]	[0.0036317716561310373, 0.0007009091306654517, 0.0035601336722959277, 0.011809634349170983, 0.0003930376999890257]
1606396329067945984	[-0.018183764744227015, 0.0005725726836365773, -0.018113902660648513, 0.838436073150875, 0.0003219699968835393]	[0.008115642182746624, 0.0007006565623737382, 0.008058779805676989, 0.0199475253303362, 0.00010502138447422777]
766054909389201408	[-0.008245863642529366, 0.0014306982074535398, -0.008245863642529366, 0.8140056804954137, 0.00019334921094910754]	[0.0, 0.0, 0.0, 0.0, 0.0]
2945495369	[-0.006161027287260636, 0.0008419626033111385, -0.006981259647035065, 0.759624864507674, 0.0030422173626802585]	[0.00416967271053746, 0.0011774712082848028, 0.0025292079909885997, 0.1087616319754793, 0.005697736303462302]
1464263722260910081	[-0.008245863642529366, 0.0014306982074535398, -0.008245863642529366, 0.8140056804954137, 0.00019334921094910754]	[0.0, 0.0, 0.0, 0.0, 0.0]
143288338	[-0.008245863642529366, 0.0014306982074535398, -0.008245863642529366, 0.8140056804954137, 0.00019334921094910754]	[0.0, 0.0, 0.0, 0.0, 0.0]
1162845798608117761	[-0.01483928181239284, 0.0008586602800017976, -0.014855173011570836, 0.8209399633245555, 0.0002766333926276255]	[0.008075307048331913, 0.0007006005178883928, 0.00809476976412188, 0.008492730470874628, 0.0001020034674090302]
2953744109	[-0.005273550148667748, 0.0008584082300060405, -0.005332419752652364, 0.8241496910508757, 0.00051752311000154]	[0.00364032573667303, 0.0007009092148276331, 0.003568225503303883, 0.012425829662435318, 0.0003970310514029486]
1585283153475866624	[-0.008245863642529366, 0.0014306982074535398, -0.008245863642529366, 0.8140056804954137, 0.00019334921094910754]	[0.0, 0.0, 0.0, 0.0, 0.0]
1601606563059453952	[-0.005329098653912699, 0.0005731428451417854, -0.004082199834984876, 0.8384183791802886, 0.0006517808438937249]	[0.0023815286848952897, 0.000700191021283812, 0.0033996172676183504, 0.01996775766561567, 0.0003747705068169624]
438821961	[-0.004873516877629573, 0.0005767365141964091, 0.004715973555982241, 0.7599504851560672, 0.003166790379357577]	[0.00413026450377523, 0.0010458908636734568, 0.015875380476902432, 0.06621217334107982, 0.0036417210371504434]
1598843895579922432	[-0.008245863642529366, 0.0014306982074535398, -0.008245863642529366, 0.8140056804954137, 0.00019334921094910754]	[0.0, 0.0, 0.0, 0.0, 0.0]
1459336623229919235	[-0.008245863642529366, 0.0014306982074535398, -0.008245863642529366, 0.8140056804954137, 0.00019334921094910754]	[0.0, 0.0, 0.0, 0.0, 0.0]
1593060853854642183	[-0.008245863642529366, 0.0014306982074535398, -0.008245863642529366, 0.8140056804954137, 0.00019334921094910754]	[0.0, 0.0, 0.0, 0.0, 0.0]
2688511189	[-0.008245863642529366, 0.0014306982074535398, -0.008245863642529366, 0.8140056804954137, 0.00019334921094910754]	[0.0, 0.0, 0.0, 0.0, 0.0]
1590583719194234880	[-0.008245863642529366, 0.0014306982074535398, -0.008245863642529366, 0.8140056804954137, 0.00019334921094910754]	[0.0, 0.0, 0.0, 0.0, 0.0]
1588704907149860864	[-0.009889007906701105, 0.0008585354028062701, -0.008902327368970887, 0.8110776017181841, 0.0005886687294256532]	[0.006363518718603914, 0.0007007534847936093, 0.00766885980689478, 0.02835616921106645, 0.0007180129463372624]
1472252293282209800	[-0.008245863642529366, 0.0014306982074535398, -0.008245863642529366, 0.8140056804954137, 0.00019334921094910754]	[0.0, 0.0, 0.0, 0.0, 0.0]
16453377	[-0.005280931304776923, 0.0008584082866429874, -0.005339489280389134, 0.8236864922844965, 0.0005148517041873635]	[0.003631306810991476, 0.0007009091454618255, 0.0035595874118796965, 0.011870522586138951, 0.0003937707601552199]
1586144310042451968	[-0.014739747309615242, 0.0011447504463721553, -0.014807232985552105, 0.8233045694862364, 0.0002871138279249631]	[0.012987767334171755, 0.0005718955221627689, 0.013122738686045476, 0.018597777981645525, 0.00018752923395171114]
1435705539099611136	[-0.008245863642529366, 0.0014306982074535398, -0.008245863642529366, 0.8140056804954137, 0.00019334921094910754]	[0.0, 0.0, 0.0, 0.0, 0.0]
821153004992757760	[-0.008245863642529366, 0.0014306982074535398, -0.008245863642529366, 0.8140056804954137, 0.00019334921094910754]	[0.0, 0.0, 0.0, 0.0, 0.0]
1225439204	[-0.008245863642529366, 0.0014306982074535398, -0.008245863642529366, 0.8140056804954137, 0.00019334921094910754]	[0.0, 0.0, 0.0, 0.0, 0.0]
1586944032726474752	[-0.008245863642529366, 0.0014306982074535398, -0.008245863642529366, 0.8140056804954137, 0.00019334921094910754]	[0.0, 0.0, 0.0, 0.0, 0.0]
712020000203145220	[-0.008245863642529366, 0.0014306982074535398, -0.008245863642529366, 0.8140056804954137, 0.00019334921094910754]	[0.0, 0.0, 0.0, 0.0, 0.0]
1427330037456515080	[-0.010775325631280822, 0.0013910560884808818, -0.010749109121886799, 0.8265305260668473, 0.00024074611830504487]	[0.00505892397750291, 7.928423794531583e-05, 0.0050064909587148685, 0.02504969114286726, 9.479381471187464e-05]
3338767810	[0.0035733526204406673, 0.0005687208249064424, 0.006189288702963928, 0.7162674833140839, 0.009518047074895791]	[0.009685142769487617, 0.0007038017099698716, 0.011792099254925928, 0.07987852444420439, 0.00776401209596148]
1605382922348945408	[-0.01821430995448267, 0.0005725640270534058, -0.018144258771384415, 0.8386488171750587, 0.0003226676134234853]	[0.00814054824468603, 0.0007006636284220067, 0.008083529708019371, 0.020123006540323538, 0.0001055904291095093]
30884721	[-0.005274439453088474, 0.0008584081491581696, -0.00533375413741318, 0.8250947173273679, 0.0005209506753555803]	[0.003639236690881384, 0.0007009093138456492, 0.0035665914008397473, 0.013582100762966036, 0.00040122952613081217]
2800980736	[0.005547203989960813, 0.003061753178659702, 0.00287989264432066, 0.6443218552326343, 0.008849949015454123]	[0.012638981896684574, 0.003480347068334528, 0.011125512691056851, 0.14009882888170525, 0.008049315130961937]
1586346520185544704	[-0.011576424975743094, 0.0011446800870800829, -0.01158436016827763, 0.817467158595889, 0.00023570479690386792]	[0.006661122666427454, 0.0005720362407469139, 0.006676993051496527, 0.00692295620095078, 8.47111719095208e-05]
166581878	[-0.004947518185517619, 0.0008584189244721239, -0.004947518185517619, 0.6868530207003489, 0.05552726493782487]	[0.004039631682552883, 0.000700896116835145, 0.004039631682552883, 0.155729567967805, 0.06776992950050549]
1393029204384665601	[-0.013319716150387151, 0.0010360348277828524, -0.013324113326347909, 0.8226052767524538, 0.0002589761765815782]	[0.006674466926010975, 0.0005588314760566474, 0.00668608832725948, 0.010858271464314902, 8.531565807118423e-05]
1102929069417521153	[0.012540044095620123, 0.007383304531495656, 0.020413051967893642, 0.8212037875208653, 0.0053928270181585]	[0.025461095399973963, 0.007292716184691423, 0.035105644886782736, 0.009404835401114593, 0.006372479416766431]
1252733774837755924	[-0.01347211369032438, 0.0008522107758814148, -0.00954403648820728, 0.8060636395134917, 0.002862362177862387]	[0.00936178453145953, 0.0007085552569496752, 0.013047503382557394, 0.04810201873560597, 0.005179859235602318]
