1520200806682832896	[-9.858813185424451e-05, -9.728389547057276e-05, 0.963598739594684, 0.8140022163657189, 0.0001933447870894327]	[4.99792506496182e-20, 1.5723267970028123e-19, 1.1102230246251565e-16, 1.1102230246251565e-16, 0.0]
1463879060933820416	[-9.858813185424455e-05, -9.728389547057276e-05, 0.9635987395946838, 0.8140022163657189, 0.0001933447870894327]	[8.824766327896538e-20, 1.7355703022298208e-19, 1.1102230246251565e-16, 1.1102230246251565e-16, 0.0]
955069564055941120	[-0.00013077351617819536, -0.0001290891260556062, 0.9272455105505142, 0.8224891198515738, 0.000259379802224028]	[6.437076864790174e-05, 6.361046117006707e-05, 0.07270645808833942, 0.016973806971709804, 0.00013207003026919058]
1587961913954156545	[-0.0001153622592626339, -0.00011384781682382495, 0.9662466293764596, 0.8149343483571572, 0.00022022228742538363]	[3.354825481677873e-05, 3.312784270650454e-05, 0.005295779563551095, 0.0018642639828763575, 5.375500067190182e-05]
858012451366985730	[-9.858813185424451e-05, -9.728389547057273e-05, 0.9635987395946838, 0.8140022163657189, 0.0001933447870894327]	[1.3552527156068805e-20, 1.0842021724855044e-19, 1.1102230246251565e-16, 1.1102230246251565e-16, 0.0]
772588501934051328	[-0.00012032360418415166, -0.00011874554058929168, 0.9718888532302943, 0.8118306506492313, 0.00023187032008068013]	[4.3470944659814317e-05, 4.2923290237438015e-05, 0.016580227271220684, 0.004343131432975511, 7.705106598249489e-05]
1593636437378957315	[-0.00012119029268364808, -0.0001195966080540513, 0.9349096603547027, 0.8164597153834524, 0.00023438636374899444]	[4.5204321658807116e-05, 4.462542516695723e-05, 0.057378158479962374, 0.004914998035466978, 8.208315331912348e-05]
1501738932400230400	[-9.858813185424458e-05, -9.728389547057281e-05, 0.9635987395946838, 0.8140022163657189, 0.0001933447870894327]	[1.193853801925522e-19, 2.6564336100832716e-19, 9.930136612989092e-17, 1.1102230246251565e-16, 0.0]
808783915355951105	[-0.00011604430897557394, -0.00011451748273236617, 0.9651053164008783, 0.8188119151533556, 0.0002215993485855321]	[3.491235424265882e-05, 3.4467174523587e-05, 0.0030131536123885637, 0.00961939757527328, 5.650912299219887e-05]
1453068880436400146	[-9.85881318542445e-05, -9.728389547057273e-05, 0.9635987395946838, 0.8140022163657189, 0.0001933447870894327]	[5.421010862427522e-20, 1.0303486475879795e-19, 1.790180836524724e-16, 1.1102230246251565e-16, 0.0]
1581206457843912704	[7.066892719504627e-05, 7.067046051092762e-05, 0.6641554997872442, 0.08955223880597014, 1.0]	[0.0, 0.0, 0.0, 0.0, 0.0]
1566095531499208704	[-0.0001419045396533634, -0.00014004692063301124, 0.9709412532030015, 0.8200055122430732, 0.00026934660361019514]	[5.3051561314101906e-05, 5.237380764730813e-05, 0.008992906842990376, 0.007823525762910873, 9.308310923747272e-05]
303742383	[-6.570184448939176e-05, -6.468969156899478e-05, 0.9544977314273518, 0.8290257978579858, 0.0005249451251920884]	[4.028847385565613e-05, 3.993081270879438e-05, 0.011167812820741387, 0.019372549525521934, 0.00040613058186806565]
45546362	[-0.00014490900673617456, -0.00014300969523290883, 0.9708779005587228, 0.8209503724086978, 0.0002769532856844462]	[5.673195741418024e-05, 5.600313201064189e-05, 0.008920442765014887, 0.00850979708037672, 0.0001024012890193691]
1588771753362214912	[-0.00014485984143300777, -0.00014296218470539386, 0.946384838397571, 0.8221294203041406, 0.000276947263540043]	[5.6766619781263006e-05, 5.603788634513542e-05, 0.057684275302289, 0.018119534184599165, 0.00010266747819979697]
1529682349029326848	[-0.00014486047953719396, -0.0001429619321621767, 0.9709189345871652, 0.8209407899887541, 0.0002767904935106662]	[5.667258122263477e-05, 5.594468987971424e-05, 0.008973753313519689, 0.008497995554732, 0.00010220229713417915]
1547891496770105344	[-6.626559701711473e-05, -6.524592939272607e-05, 0.9523218107111482, 0.8466369729545633, 0.00053431982492217]	[3.9586858780641106e-05, 3.923833465120161e-05, 0.013811363581720092, 0.03996925124107405, 0.0004176074432013165]
2281732880	[-0.00012025666974502955, -0.00011867598619868627, 0.9672175554275757, 0.8161820386110538, 0.0002312887584281873]	[4.3337075781570006e-05, 4.27841814562272e-05, 0.007237631665783795, 0.004359644490669679, 7.588794267750923e-05]
1145808668149125120	[-6.525152715763653e-05, -6.42451177150929e-05, 0.9560841809722852, 0.8234559237899619, 0.0005129679891816807]	[4.082886800216057e-05, 4.046410786316866e-05, 0.009206736437288624, 0.011587188007485883, 0.0003914688607733325]
4068912568	[-0.00012207781705463803, -0.00012047158982623328, 0.9335620224244547, 0.8174804720721671, 0.0002360042600601337]	[4.697937040078705e-05, 4.637538871132122e-05, 0.06007343434045858, 0.006956511412896082, 8.5318945941402e-05]
1514367527438233610	[-9.858813185424454e-05, -9.728389547057274e-05, 0.963598739594684, 0.8140022163657189, 0.0001933447870894327]	[2.710505431213761e-20, 1.3552527156068805e-19, 1.1102230246251565e-16, 1.1102230246251565e-16, 0.0]
736016838052720640	[-9.858813185424451e-05, -9.728389547057274e-05, 0.9635987395946838, 0.8140022163657189, 0.0001933447870894327]	[1.7142741545784673e-20, 1.2480104225684699e-19, 1.4043333874306804e-16, 1.1102230246251565e-16, 0.0]
20775133	[-6.515815137215366e-05, -6.414949054752407e-05, 0.9552616509453207, 0.8243209368875475, 0.0005183105036265687]	[4.094328592155195e-05, 4.058128341109483e-05, 0.01021134383492734, 0.012643964676154359, 0.00039800317680685477]
823220596687437824	[-0.00014525548643617064, -0.0001433514497125159, 0.9370612864435983, 0.8208979593693952, 0.0002777522966136281]	[5.715594963463355e-05, 5.6421342161605365e-05, 0.062263283532485614, 0.008445619606151757, 0.00010337839579781587]
1229891962414587904	[-8.939349730601416e-05, -8.912371068392482e-05, 0.7222940426712022, 0.27391155438425485, 2.000038668957418]	[4.5973172741151725e-06, 4.080092393323928e-06, 0.12065234846174083, 0.270045330990732, 0.9999226620851641]
816968928077500416	[-6.5151167798578e-05, -6.414203151987929e-05, 0.9550855000696673, 0.8244246086368705, 0.0005192593103403259]	[4.0951854880921256e-05, 4.059043763117389e-05, 0.01045138211167724, 0.012784552933774151, 0.0003991800752885085]
825654804	[-9.858813185424451e-05, -9.72838954705727e-05, 0.9635987395946838, 0.8140022163657189, 0.0001933447870894327]	[1.21217487951527e-20, 4.3705586829216897e-20, 9.930136612989092e-17, 1.1102230246251565e-16, 0.0]
1516569565144272902	[-5.240415787786826e-05, -5.162161465484761e-05, 0.9046899740635708, 0.8667639029188466, 0.17456045131669812]	[5.656576726480596e-05, 5.59268511719862e-05, 0.07255456566697764, 0.06462622003348369, 0.21477298875215536]
1546248279142301698	[-2.605005596683828e-05, -2.5757566189747932e-05, 0.8058786601200195, 0.41679031385906296, 0.3764409742784721]	[5.922709094914312e-05, 5.84010033041041e-05, 0.12877790563471275, 0.32432216030048194, 0.30720490306187587]
1586027737273184257	[-0.00014512534323155542, -0.00014322315778226807, 0.9645836761631349, 0.8209248665877634, 0.00027743321166352324]	[5.6996749231465255e-05, 5.626440596115476e-05, 0.011250665719815842, 0.008478540841986189, 0.0001029889491579729]
1139230884354285568	[-0.00019382071223306851, -0.00019123510360044595, 0.8464977049948368, 0.858359912122794, 0.0003432263187287736]	[4.7616290189411976e-05, 4.697560406493665e-05, 0.05855051729992356, 0.0221788478785375, 7.494076581967045e-05]
1198361171989893120	[-5.9733593734834036e-05, -5.885691068680602e-05, 0.953016457205939, 0.8043824794801369, 0.010330545819170483]	[4.8598034965962354e-05, 4.804132895119789e-05, 0.013004722076992103, 0.06470900830617456, 0.019858846910457528]
1586022285345013760	[-0.00012238398557593813, -0.00012077357752071446, 0.9297839801616103, 0.8192550109125923, 0.0002363935415566134]	[4.759170744338725e-05, 4.697936410028356e-05, 0.06762951886614732, 0.01050558909374657, 8.609750893436141e-05]
398054082	[-4.68499070537824e-05, -4.606599394293048e-05, 0.9695444883198394, 0.5456418664861764, 0.031695819802667884]	[6.336638486999765e-05, 6.272912434628307e-05, 0.007283885831110536, 0.3286732902822829, 0.038590512025672125]
1536682986371948547	[-0.00013149823439210096, -0.00012979292453713906, 0.9409664611059444, 0.825509812244151, 0.00025557210407401587]	[4.592806448460845e-05, 4.534434221155449e-05, 0.05015887037500084, 0.015931185866382952, 8.493081855919593e-05]
1604175610036862977	[-0.00016818502543933052, -0.00016598641170143322, 0.8986042104666006, 0.8368984929649935, 0.0003207978362221875]	[5.682617591063167e-05, 5.6095912307377136e-05, 0.05340098018425498, 0.018872129682844685, 0.0001040661985202144]
1595948931149697025	[-0.00014864067335976363, -0.0001466974436410996, 0.9217193424260607, 0.8334650161447701, 0.00028390075642871287]	[5.399857949170447e-05, 5.330231738591317e-05, 0.04874994502290923, 0.015926435326503657, 9.948738130045409e-05]
1565991010995474434	[-6.555266220312896e-05, -6.454561462118427e-05, 0.9551216064329282, 0.8340232204967023, 0.0005153145024519613]	[4.046505028269124e-05, 4.010095288252315e-05, 0.010607965078156447, 0.029739521881169774, 0.0003947511013105511]
1512852649598599175	[-0.00012200312469629973, -0.00012039789336804391, 0.9604636370055178, 0.817478110369032, 0.0002357761835451026]	[4.682998568411037e-05, 4.6227995794942466e-05, 0.006270205178331877, 0.006951788006625926, 8.486279291133985e-05]
1586149818023518209	[-9.858813185424455e-05, -9.728389547057274e-05, 0.963598739594684, 0.8140022163657189, 0.0001933447870894327]	[4.3705586829216897e-20, 1.3552527156068805e-19, 2.220446049250313e-16, 1.1102230246251565e-16, 0.0]
1589248003478528007	[-0.00014484803493517568, -0.0001429506929048202, 0.9197817703561728, 0.8215612037650917, 0.0002778520074505341]	[5.665690455903989e-05, 5.593049662864998e-05, 0.05400578298677387, 0.009258659062929974, 0.00010350107304545748]
1597567891657875456	[-9.858813185424447e-05, -9.728389547057269e-05, 0.963598739594684, 0.8140022163657189, 0.0001933447870894327]	[1.305552300251628e-19, 1.7142741545784673e-20, 1.1102230246251565e-16, 1.1102230246251565e-16, 0.0]
1353501845981966336	[-0.00012146775040739222, -0.00011987051222556055, 0.9346968866673787, 0.8163600114568265, 0.00023489884300212518]	[4.575923710629539e-05, 4.517323350997579e-05, 0.05780370585461023, 0.004715590182214857, 8.310811182538499e-05]
1503212289343868929	[-5.8146445466516466e-05, -5.7355328481897386e-05, 0.9534853693507144, 0.7513585612011614, 0.00530602147179571]	[4.953074849459965e-05, 4.8902308143497854e-05, 0.012387427707218611, 0.07672256243438837, 0.006261807403275025]
122406464	[-0.00012148022600897809, -0.00011988282641445067, 0.9437460201386797, 0.8163559245265649, 0.00023493436556082476]	[4.578418830946719e-05, 4.519786188775599e-05, 0.039705438912008444, 0.004707416321691537, 8.317915694278412e-05]
183347440	[-9.858813185424455e-05, -9.728389547057272e-05, 0.9635987395946838, 0.8140022163657189, 0.0001933447870894327]	[3.880853175515734e-20, 7.594253853224718e-20, 1.1102230246251565e-16, 1.1102230246251565e-16, 0.0]
1520249272310059015	[-0.00013161131575348487, -0.00012990162885113927, 0.9408170871148869, 0.8255948592032626, 0.0002555061169909656]	[4.675988126965331e-05, 4.615916940240248e-05, 0.05217443404998035, 0.0163537121300551, 8.60112170208558e-05]
997629108111724546	[-0.0001682890887796621, -0.00016608899903267993, 0.9018390489535815, 0.836994225132722, 0.00032108037330859753]	[5.691122892200511e-05, 5.6179759090505425e-05, 0.05042782628634715, 0.018944630882570944, 0.00010429717726900334]
1518685617001013250	[-9.858813185424455e-05, -9.728389547057276e-05, 0.963598739594684, 0.8140022163657189, 0.0001933447870894327]	[5.96926900962761e-20, 1.8463297694032432e-19, 1.1102230246251565e-16, 1.1102230246251565e-16, 0.0]
1511938112712151040	[-0.00014579188817883667, -0.00014387837967724557, 0.9417377102176079, 0.826369036067304, 0.00027900311952490825]	[5.7848895797690616e-05, 5.710200744879315e-05, 0.05387161603347006, 0.0172838480127378, 0.00010500790342947624]
1368253253310443527	[-0.00011015038630698367, -0.00010873141940195147, 0.9661795405624908, 0.8154050800939219, 0.00021557085943768999]	[2.3124508905478333e-05, 2.2895047862757567e-05, 0.0051616019356137246, 0.0028057274564057713, 4.445214469651454e-05]
1546125627081760769	[-0.00011010330944751668, -0.00010868217555156255, 0.9659165671625525, 0.816791046204784, 0.00021592937843024812]	[2.3030355186544335e-05, 2.2796560161979762e-05, 0.004635655135737204, 0.005577659678130197, 4.516918268163081e-05]
20635049	[-1.52259570361564e-05, -1.441470869247765e-05, 0.9954753573770798, 0.7533276239066415, 0.002214211590625951]	[0.00012032072842391923, 0.00011972506140510173, 0.07409097559037228, 0.11368027116828458, 0.0037156012040386183]
1593237575124549634	[-7.504677022337857e-05, -7.400262966606907e-05, 0.9605235334819102, 0.6709969949355786, 0.018744419419415136]	[4.708272326173183e-05, 4.656253160900725e-05, 0.006150412225547252, 0.28601044286028077, 0.037102149264651406]
879523106527653889	[-0.0001858360637694438, -0.00018530801873630544, 0.9096261993594439, 0.4115684710024484, 0.07918972679821702]	[0.00017274885424109685, 0.00017301541672166886, 0.05100287473162055, 0.34596330601234904, 0.08398255163051326]
1595898631260844032	[-0.00016378612040221909, -0.00016164338497308398, 0.9149676999713039, 0.8324481549526382, 0.0003088008292183566]	[5.4941085084075786e-05, 5.423076260662303e-05, 0.065148758220655, 0.020760481168119054, 9.949001463442857e-05]
365004971	[-9.858813185424454e-05, -9.728389547057276e-05, 0.9635987395946838, 0.8140022163657189, 0.0001933447870894327]	[1.3552527156068805e-20, 1.5188507706449436e-19, 9.930136612989092e-17, 1.1102230246251565e-16, 0.0]
1596624149786644485	[-6.628901707240592e-05, -6.525436593095265e-05, 0.9573107807899397, 0.8315954540213821, 0.0005160980746480779]	[3.963550046903968e-05, 3.930591295253986e-05, 0.008139402859879064, 0.021559248487269915, 0.0003953299557999941]
874160094	[-6.521060876768097e-05, -6.420254947700061e-05, 0.9556179439581871, 0.8241569293470432, 0.0005169661454673114]	[4.0879223892199125e-05, 4.051649106334402e-05, 0.009794117777779963, 0.01246809698560978, 0.00039637153100062863]
1343869159562686469	[-6.516234804780588e-05, -6.41535449233492e-05, 0.955480764733764, 0.8243945047336891, 0.0005183178371709013]	[4.0938159689204405e-05, 4.0576332129876084e-05, 0.009948478072115338, 0.012741625840648148, 0.0003980155880815236]
437210920	[-4.9616914298023177e-05, -4.8746415395227e-05, 0.9486717109163374, 0.8515160793111874, 0.0006971913500448932]	[3.999477259691141e-05, 3.964043550474179e-05, 0.012722975661145351, 0.03750655637784246, 0.0004120859944134888]
1562158895224741888	[-9.858813185424458e-05, -9.728389547057277e-05, 0.9635987395946838, 0.8140022163657189, 0.0001933447870894327]	[1.0303486475879795e-19, 2.0065064544043547e-19, 9.930136612989092e-17, 1.1102230246251565e-16, 0.0]
1596784198181863425	[-0.0001221619250080824, -0.00012055292262328778, 0.9388389286126045, 0.8225530127619967, 0.00023674583278952146]	[4.714758630767576e-05, 4.653805430543022e-05, 0.04951962196415853, 0.017101592792555388, 8.680209140017757e-05]
1583116574948466688	[-9.858813185424455e-05, -9.728389547057277e-05, 0.9635987395946838, 0.8140022163657189, 0.0001933447870894327]	[7.094071602019477e-20, 2.0065064544043547e-19, 1.4043333874306804e-16, 1.1102230246251565e-16, 0.0]
1586067079312166914	[-0.00012148022600897809, -0.0001198828264144507, 0.9437460201386797, 0.8163559245265649, 0.00023493436556082476]	[4.578418830946717e-05, 4.519786188775605e-05, 0.039705438912008444, 0.004707416321691537, 8.317915694278412e-05]
881134810730827776	[-6.525730757703016e-05, -6.425034149498679e-05, 0.9559456099875401, 0.8236359863673677, 0.000514249769374518]	[4.082179885781576e-05, 4.045772105933e-05, 0.009386349732238439, 0.011811329634531137, 0.0003930398671563728]
1606396329067945984	[-0.00016875711201140797, -0.00016655093214827798, 0.9009394352481787, 0.8384311163343879, 0.00032195650179336216]	[5.729481879737279e-05, 5.655835855179656e-05, 0.05117563035690964, 0.01994630655817441, 0.0001050139773645992]
766054909389201408	[-9.858813185424455e-05, -9.728389547057276e-05, 0.963598739594684, 0.8140022163657189, 0.0001933447870894327]	[3.880853175515734e-20, 1.7355703022298208e-19, 1.1102230246251565e-16, 1.1102230246251565e-16, 0.0]
2945495369	[-6.643638258079318e-05, -6.542772358941032e-05, 0.9560547146911886, 0.7596220932039183, 0.0030422138235925186]	[6.430349854690283e-05, 6.371234376232488e-05, 0.0150880498069903, 0.10876024632360144, 0.005697738073006172]
1464263722260910081	[-9.858813185424454e-05, -9.728389547057272e-05, 0.9635987395946838, 0.8140022163657189, 0.0001933447870894327]	[1.3552527156068805e-20, 9.231648847016216e-20, 1.1102230246251565e-16, 1.1102230246251565e-16, 0.0]
143288338	[-9.858813185424451e-05, -9.728389547057274e-05, 0.963598739594684, 0.8140022163657189, 0.0001933447870894327]	[1.3552527156068805e-20, 1.3552527156068805e-19, 1.1102230246251565e-16, 1.1102230246251565e-16, 0.0]
1162845798608117761	[-0.00014480560967150473, -0.00014290788940902102, 0.9715099913937211, 0.8209378848467386, 0.0002766307383118206]	[5.660513964184367e-05, 5.587826539033102e-05, 0.009694622251444117, 0.008494427540278423, 0.00010200563461496366]
2953744109	[-6.519528363248493e-05, -6.41872557873211e-05, 0.9554842823313561, 0.8241476125730587, 0.0005175204556857351]	[4.0897720927223895e-05, 4.05349408535164e-05, 0.009938170696633206, 0.012427526458701658, 0.0003970332186387372]
1585283153475866624	[-9.858813185424451e-05, -9.728389547057276e-05, 0.9635987395946838, 0.8140022163657189, 0.0001933447870894327]	[1.3552527156068805e-20, 1.6807319422858036e-19, 9.930136612989092e-17, 1.1102230246251565e-16, 0.0]
1601606563059453952	[-4.7759337135932305e-05, -4.6860493871165747e-05, 0.951041499887706, 0.8384169935284108, 0.000651779074349855]	[4.150154770819577e-05, 4.117054566385677e-05, 0.010268848825475432, 0.01996945177205305, 0.00037477267138134754]
438821961	[-5.233476261217059e-05, -5.1560886268822824e-05, 0.9362723457983757, 0.7599484066782505, 0.0031667877250417726]	[5.6648918886982275e-05, 5.599936855507496e-05, 0.03348023835730638, 0.06621047648507339, 0.003641723204381763]
1598843895579922432	[-9.858813185424454e-05, -9.728389547057276e-05, 0.9635987395946838, 0.8140022163657189, 0.0001933447870894327]	[2.710505431213761e-20, 1.7355703022298208e-19, 1.1102230246251565e-16, 1.1102230246251565e-16, 0.0]
1459336623229919235	[-9.858813185424451e-05, -9.728389547057274e-05, 0.963598739594684, 0.8140022163657189, 0.0001933447870894327]	[3.26388075062907e-20, 1.3552527156068805e-19, 1.4043333874306804e-16, 1.1102230246251565e-16, 0.0]
1593060853854642183	[-9.858813185424458e-05, -9.728389547057277e-05, 0.9635987395946838, 0.8140022163657189, 0.0001933447870894327]	[1.193853801925522e-19, 1.8973538018496328e-19, 1.1102230246251565e-16, 1.1102230246251565e-16, 0.0]
2688511189	[-9.858813185424458e-05, -9.728389547057276e-05, 0.9635987395946838, 0.8140022163657189, 0.0001933447870894327]	[1.0303486475879795e-19, 1.8463297694032432e-19, 9.930136612989092e-17, 1.1102230246251565e-16, 0.0]
1590583719194234880	[-9.858813185424451e-05, -9.728389547057274e-05, 0.9635987395946838, 0.8140022163657189, 0.0001933447870894327]	[3.26388075062907e-20, 1.3552527156068805e-19, 9.930136612989092e-17, 1.1102230246251565e-16, 0.0]
1588704907149860864	[-9.629986995404727e-05, -9.501458751525113e-05, 0.9363795939730476, 0.8110755232403672, 0.0005886660751098482]	[6.025763368601926e-05, 5.948544024985028e-05, 0.04669444718788896, 0.0283559546358981, 0.0007180144077372717]
1472252293282209800	[-9.858813185424454e-05, -9.728389547057276e-05, 0.963598739594684, 0.8140022163657189, 0.0001933447870894327]	[2.1852793414608448e-20, 1.8463297694032432e-19, 1.4043333874306804e-16, 1.1102230246251565e-16, 0.0]
16453377	[-6.525773559912744e-05, -6.425051953423591e-05, 0.9558433054468581, 0.8236844138066797, 0.0005148490498715587]	[4.082126773413205e-05, 4.045749580392849e-05, 0.009510195740555137, 0.011872217655231308, 0.0003937729273276858]
1586144310042451968	[-0.00014222846553751077, -0.00014041254070652903, 0.928685888202137, 0.8233017981824806, 0.00028711028883722327]	[8.728066736653251e-05, 8.625729047191272e-05, 0.06982570278509388, 0.01859916363352339, 0.0001875310034955811]
1435705539099611136	[-9.858813185424454e-05, -9.728389547057276e-05, 0.963598739594684, 0.8140022163657189, 0.0001933447870894327]	[2.710505431213761e-20, 1.6807319422858036e-19, 1.1102230246251565e-16, 1.1102230246251565e-16, 0.0]
821153004992757760	[-9.858813185424455e-05, -9.728389547057276e-05, 0.9635987395946838, 0.8140022163657189, 0.0001933447870894327]	[7.666467083416871e-20, 1.6807319422858036e-19, 1.1102230246251565e-16, 1.1102230246251565e-16, 0.0]
1225439204	[-9.858813185424454e-05, -9.728389547057274e-05, 0.9635987395946838, 0.8140022163657189, 0.0001933447870894327]	[2.1852793414608448e-20, 1.1953912833120137e-19, 9.930136612989092e-17, 1.1102230246251565e-16, 0.0]
1586944032726474752	[-9.858813185424455e-05, -9.728389547057277e-05, 0.9635987395946838, 0.8140022163657189, 0.0001933447870894327]	[3.880853175515734e-20, 1.8973538018496328e-19, 9.930136612989092e-17, 1.1102230246251565e-16, 0.0]
712020000203145220	[-9.858813185424458e-05, -9.728389547057277e-05, 0.9635987395946838, 0.8140022163657189, 0.0001933447870894327]	[1.193853801925522e-19, 1.8973538018496328e-19, 1.1102230246251565e-16, 1.1102230246251565e-16, 0.0]
1427330037456515080	[-0.00011960604449083337, -0.00011806702583670014, 0.9389090058668783, 0.8265277547630916, 0.00024074257921730499]	[4.2035825273177704e-05, 4.156626073225493e-05, 0.04937946745561121, 0.02505107679474512, 9.479558425574456e-05]
3338767810	[-3.740888456380982e-05, -3.687407248843737e-05, 0.9522778839206388, 0.7162660976622061, 0.009518045305351922]	[4.995483868150896e-05, 4.93266365267016e-05, 0.010028338821329773, 0.07987682898081569, 0.007764014221210877]
1605382922348945408	[-0.000168938726062589, -0.00016672912849377696, 0.8895018579090289, 0.8386438624882017, 0.0003226540679477697]	[5.7442210064369846e-05, 5.670296256884168e-05, 0.060508050434230666, 0.02012178951238339, 0.00010558298088655292]
30884721	[-6.509739236663685e-05, -6.408778903186239e-05, 0.9548115237170324, 0.8250926388495513, 0.0005209480210397755]	[4.101761319019875e-05, 4.0656763247559994e-05, 0.01077587560330548, 0.013583797725582446, 0.00040123169336350083]
2800980736	[2.5721244301669694e-05, 2.6114084196489645e-05, 0.972341335722969, 0.6443204695807564, 0.008849947245910253]	[0.00010520396967353156, 0.00010448662986501957, 0.06021141172805723, 0.1400971506187158, 0.00804931703401001]
1586346520185544704	[-0.0001219761526338244, -0.00012037128773786491, 0.960490668741946, 0.8174643872921333, 0.00023570125781612804]	[4.6776041559159774e-05, 4.617478453458449e-05, 0.006216141705475886, 0.006924341852828642, 8.471294145339075e-05]
166581878	[-6.0485460071516645e-05, -5.970307827504642e-05, 0.925896293457671, 0.6868509422225322, 0.05552726228350907]	[4.666605185221297e-05, 4.602691312292563e-05, 0.04617587754522426, 0.15572787089777404, 0.06776993166774527]
1393029204384665601	[-0.0001340315344830541, -0.00013230527548263428, 0.9423165982459178, 0.8226022630127101, 0.00025897135342099005]	[4.6724157350281935e-05, 4.614224521515611e-05, 0.04663812618942016, 0.010858447017674548, 8.53163472997534e-05]
1102929069417521153	[-3.210940229598841e-05, -3.263288091436764e-05, 0.9491685642146402, 0.8212017090430486, 0.005392824363842696]	[8.14208508084673e-05, 7.918261939568478e-05, 0.017786291508309106, 0.009406426208377736, 0.006372481582494277]
1252733774837755924	[-0.0001133134606365485, -0.0001118732884443929, 0.9292824175719989, 0.8060615610356748, 0.0028623595235465825]	[8.042549714353725e-05, 7.944194124171615e-05, 0.06238437587938786, 0.04810167559044729, 0.005179860603285182]
