1520200806682832896	[-6.976216505188319e-05, 5.633558615425296e-05, 0.012653588242333072, 0.8140022163657189, 0.0001933447870894327]	[1.7142741545784673e-20, 5.976956416560069e-20, 0.0, 1.1102230246251565e-16, 0.0]
1463879060933820416	[-6.97621650518832e-05, 5.633558615425294e-05, 0.012653588242333072, 0.8140022163657189, 0.0001933447870894327]	[6.06087439757635e-21, 2.710505431213761e-20, 1.5515838457795456e-18, 1.1102230246251565e-16, 0.0]
955069564055941120	[-0.00019321342194240695, -4.6076542190983805e-05, 0.012887988347181198, 0.8224891198515738, 0.000259379802224028]	[0.0002469025137810475, 0.00020482425669047347, 0.00046880020969625115, 0.016973806971709804, 0.00013207003026919058]
1587961913954156545	[-0.00021847320965876778, -7.597481177711764e-05, 0.013106921636448474, 0.8149343483571572, 0.00022022228742538363]	[0.00029742208921376917, 0.0002646207958627412, 0.0009066667882308047, 0.0018642639828763575, 5.375500067190182e-05]
858012451366985730	[-6.976216505188319e-05, 5.633558615425294e-05, 0.012653588242333072, 0.8140022163657189, 0.0001933447870894327]	[2.1852793414608448e-20, 2.1852793414608448e-20, 1.5515838457795456e-18, 1.1102230246251565e-16, 0.0]
772588501934051328	[-0.0002405275986605647, -9.236866609667145e-05, 0.013494064680462908, 0.8118306506492313, 0.00023187032008068013]	[0.000341530867217363, 0.0002974085045018488, 0.0016809528762596732, 0.004343131432975511, 7.705106598249489e-05]
1593636437378957315	[-0.00023974314795326205, -9.020195221929834e-05, 0.013487150589644337, 0.8164597153834524, 0.00023438636374899444]	[0.0003399619658027576, 0.00029307507674710255, 0.0016671246946225301, 0.004914998035466978, 8.208315331912348e-05]
1501738932400230400	[-6.976216505188319e-05, 5.633558615425296e-05, 0.012653588242333072, 0.8140022163657189, 0.0001933447870894327]	[2.1852793414608448e-20, 7.600297828597013e-20, 2.3273757686693185e-18, 1.1102230246251565e-16, 0.0]
808783915355951105	[-0.00022105135791394785, -7.79882609497974e-05, 0.01301414290400675, 0.8188119151533556, 0.0002215993485855321]	[0.0003025783857241293, 0.0002686476942081006, 0.0007211093233473589, 0.00961939757527328, 5.650912299219887e-05]
1453068880436400146	[-6.976216505188317e-05, 5.6335586154252965e-05, 0.012653588242333072, 0.8140022163657189, 0.0001933447870894327]	[3.880853175515734e-20, 8.403659711429018e-20, 1.5515838457795456e-18, 1.1102230246251565e-16, 0.0]
1581206457843912704	[1.4356780603574782e-78, 1.4356780603574782e-78, -3.494838134500764e-78, 0.08955223880597014, 1.0]	[0.0, 0.0, 0.0, 0.0, 0.0]
1566095531499208704	[-0.0004279163002152373, -0.00025253437601322317, 0.012311454065992234, 0.8200055122430732, 0.00026934660361019514]	[0.0004386479739827482, 0.00037828724190418445, 0.00041956490369527414, 0.007823525762910873, 9.308310923747272e-05]
303742383	[-8.236492902483713e-05, -6.698834336328017e-06, 0.007940875570270834, 0.8290257978579858, 0.0005249451251920884]	[7.260227011154665e-05, 0.00010484677242301435, 0.00577241975155103, 0.019372549525521934, 0.00040613058186806565]
45546362	[-0.00042370910813502, -0.0002505295602583822, 0.01407983772225214, 0.8209503724086978, 0.0002769532856844462]	[0.0004334967449575394, 0.0003758328199531519, 0.0017469379876543214, 0.00850979708037672, 0.0001024012890193691]
1588771753362214912	[-0.0004186489960233586, -0.0002450115029346427, 0.014160119967241544, 0.8221294203041406, 0.000276947263540043]	[0.0004273338438476043, 0.0003690773542328384, 0.0018564747149696643, 0.018119534184599165, 0.00010266747819979697]
1529682349029326848	[-0.0004234478428564527, -0.000250335019357582, 0.014094926246204124, 0.8209407899887541, 0.0002767904935106662]	[0.00043317713590266524, 0.0003755947961627123, 0.001765282553888692, 0.008497995554732, 0.00010220229713417915]
1547891496770105344	[-0.0001306350670753277, -5.4968644707766305e-05, 0.007794349172249891, 0.8466369729545633, 0.00053431982492217]	[7.455377697113678e-05, 0.00013631928723091153, 0.005951328130106695, 0.03996925124107405, 0.0004176074432013165]
2281732880	[-0.00024874922294964945, -9.803279388433555e-05, 0.012490788064549342, 0.8161820386110538, 0.0002312887584281873]	[0.00035797411579553245, 0.0003087367600771771, 0.00032560035556745975, 0.004359644490669679, 7.588794267750923e-05]
1145808668149125120	[-3.7594650733584117e-05, 3.807124793598293e-05, 0.008133735689228438, 0.8234559237899619, 0.0005129679891816807]	[3.939700536511101e-05, 2.2369167247866742e-05, 0.005536196932261306, 0.011587188007485883, 0.0003914688607733325]
4068912568	[-0.00024827093078477194, -9.824018341024212e-05, 0.01339279772134662, 0.8174804720721671, 0.0002360042600601337]	[0.0003570175314657773, 0.0003091515391289901, 0.0014784189580270952, 0.006956511412896082, 8.5318945941402e-05]
1514367527438233610	[-6.976216505188319e-05, 5.633558615425296e-05, 0.012653588242333072, 0.8140022163657189, 0.0001933447870894327]	[1.7142741545784673e-20, 6.506624603343422e-20, 0.0, 1.1102230246251565e-16, 0.0]
736016838052720640	[-6.976216505188319e-05, 5.633558615425296e-05, 0.012653588242333072, 0.8140022163657189, 0.0001933447870894327]	[2.710505431213761e-20, 5.976956416560069e-20, 0.0, 1.1102230246251565e-16, 0.0]
20775133	[-3.755018776493473e-05, 3.8115786497092236e-05, 0.00803739636024071, 0.8243209368875475, 0.0005183105036265687]	[3.945145641769871e-05, 2.2314610513083684e-05, 0.005654215352211526, 0.012643964676154359, 0.00039800317680685477]
823220596687437824	[-0.00042534196708406125, -0.00025174540437120096, 0.014107580092415256, 0.8208979593693952, 0.0002777522966136281]	[0.00043549558429637576, 0.00037732128209119124, 0.001780842857551374, 0.008445619606151757, 0.00010337839579781587]
1229891962414587904	[-1.395243301037664e-05, 1.1267117230850586e-05, 0.0025307176484666146, 0.27391155438425485, 2.000038668957418]	[2.790486602075328e-05, 2.2534234461701174e-05, 0.005061435296933229, 0.270045330990732, 0.9999226620851641]
816968928077500416	[-3.753963354315535e-05, 3.8126358664599763e-05, 0.008038310497964923, 0.8244246086368705, 0.0005192593103403259]	[3.9464397984805275e-05, 2.23016895433276e-05, 0.005653064835094467, 0.012784552933774151, 0.0003991800752885085]
825654804	[-6.97621650518832e-05, 5.633558615425294e-05, 0.012653588242333072, 0.8140022163657189, 0.0001933447870894327]	[1.21217487951527e-20, 1.940426587757867e-20, 1.5515838457795456e-18, 1.1102230246251565e-16, 0.0]
1516569565144272902	[-4.185729903112992e-05, 3.380135169255175e-05, 0.007592152945399844, 0.8667639029188466, 0.17456045131669812]	[3.4176341545787e-05, 2.7598688087704113e-05, 0.006198966921799337, 0.06462622003348369, 0.21477298875215536]
1546248279142301698	[-2.790486602075328e-05, 2.253423446170117e-05, 0.005061435296933229, 0.41679031385906296, 0.3764409742784721]	[3.4176341545787e-05, 2.7598688087704113e-05, 0.006198966921799337, 0.32432216030048194, 0.30720490306187587]
1586027737273184257	[-0.0004247023502153526, -0.00025126913885865595, 0.014096712963826655, 0.8209248665877634, 0.00027743321166352324]	[0.0004347127968949746, 0.00037673834929199745, 0.0017675750013233069, 0.008478540841986189, 0.0001029889491579729]
1139230884354285568	[-0.0006417518951252075, -0.0004132594480449287, 0.014795072411142984, 0.858359912122794, 0.0003432263187287736]	[0.0002859948650366622, 0.0002347975170995908, 0.001070742084404957, 0.0221788478785375, 7.494076581967045e-05]
1198361171989893120	[-8.54045941062981e-05, -9.742131198771234e-06, 0.014035930536422419, 0.8043824794801369, 0.010330545819170483]	[7.147107957701522e-05, 0.00010625278303044021, 0.009523675930726148, 0.06470900830617456, 0.019858846910457528]
1586022285345013760	[-0.00024973402025587905, -9.933168295524469e-05, 0.013377724189520176, 0.8192550109125923, 0.0002363935415566134]	[0.00035994371040799165, 0.00031133453821899533, 0.00144827189437421, 0.01050558909374657, 8.609750893436141e-05]
398054082	[-4.185729804208556e-05, 3.380135268159611e-05, 0.03340172417815588, 0.5456418664861764, 0.031695819802667884]	[3.4176342757114e-05, 2.7598686876377112e-05, 0.025414961415370457, 0.3286732902822829, 0.038590512025672125]
1536682986371948547	[-0.00032120641046961445, -0.00015857159024979314, 0.013380211560146568, 0.825509812244151, 0.00025557210407401587]	[0.0003438542698740852, 0.0002949742765410224, 0.0015148314974382767, 0.015931185866382952, 8.493081855919593e-05]
1604175610036862977	[-0.0005844299491477381, -0.0003870454606514819, 0.015063472028930583, 0.8368984929649935, 0.0003207978362221875]	[0.000420225948415579, 0.00036202002819770454, 0.0019677627484172584, 0.018872129682844685, 0.0001040661985202144]
1595948931149697025	[-0.0004784232162915035, -0.0003011056766732714, 0.013889938106900698, 0.8334650161447701, 0.00028390075642871287]	[0.00038488134191309485, 0.00033075794660009436, 0.002340656823213371, 0.015926435326503657, 9.948738130045409e-05]
1565991010995474434	[-8.322726428758534e-05, -7.5612632503660066e-06, 0.00823815451259338, 0.8340232204967023, 0.0005153145024519613]	[7.387115937792988e-05, 0.00010634442701565267, 0.005411725772074648, 0.029739521881169774, 0.0003947511013105511]
1512852649598599175	[-0.0002479295193747611, -9.79859648488934e-05, 0.013386997121337294, 0.817478110369032, 0.0002357761835451026]	[0.00035633470864575577, 0.00030864310200629273, 0.0014668177580084408, 0.006951788006625926, 8.486279291133985e-05]
1586149818023518209	[-6.97621650518832e-05, 5.633558615425296e-05, 0.012653588242333072, 0.8140022163657189, 0.0001933447870894327]	[1.21217487951527e-20, 5.717817471050022e-20, 0.0, 1.1102230246251565e-16, 0.0]
1589248003478528007	[-0.0004145048256014871, -0.0002402553639243161, 0.014409280499016509, 0.8215612037650917, 0.0002778520074505341]	[0.0004222227552780411, 0.00036324884213178275, 0.0021503375020460393, 0.009258659062929974, 0.00010350107304545748]
1597567891657875456	[-6.976216505188317e-05, 5.6335586154252945e-05, 0.012653588242333072, 0.8140022163657189, 0.0001933447870894327]	[3.4285483091569347e-20, 4.615824423508108e-20, 1.5515838457795456e-18, 1.1102230246251565e-16, 0.0]
1353501845981966336	[-0.00024094392149570464, -9.10850388622449e-05, 0.013509112543122878, 0.8163600114568265, 0.00023489884300212518]	[0.00034236351288764266, 0.0002948412500329957, 0.0017110486015796131, 0.004715590182214857, 8.310811182538499e-05]
1503212289343868929	[-3.771089129652708e-05, 3.7942921188070144e-05, 0.03519713243051028, 0.7513585612011614, 0.00530602147179571]	[3.925463692493171e-05, 2.2526328645472047e-05, 0.02761032779245753, 0.07672256243438837, 0.006261807403275025]
122406464	[-0.00024099805429963857, -9.112484982943368e-05, 0.013510102672347809, 0.8163559245265649, 0.00023493436556082476]	[0.0003424717784955107, 0.00029492087196737325, 0.001713028860029473, 0.004707416321691537, 8.317915694278412e-05]
183347440	[-6.97621650518832e-05, 5.6335586154252904e-05, 0.012653588242333072, 0.8140022163657189, 0.0001933447870894327]	[0.0, 4.338925755574552e-20, 0.0, 1.1102230246251565e-16, 0.0]
1520249272310059015	[-0.00032095249853971016, -0.0001586810932041229, 0.0133061424710136, 0.8255948592032626, 0.0002555061169909656]	[0.0003451895331525155, 0.0002962280783826656, 0.0015058408518036474, 0.0163537121300551, 8.60112170208558e-05]
997629108111724546	[-0.0005849233496177253, -0.0003874085832135965, 0.015072339571062354, 0.836994225132722, 0.00032108037330859753]	[0.00042062901756591053, 0.00036231664829971454, 0.0019750171945798582, 0.018944630882570944, 0.00010429717726900334]
1518685617001013250	[-6.976216505188319e-05, 5.633558615425296e-05, 0.012653588242333072, 0.8140022163657189, 0.0001933447870894327]	[1.7142741545784673e-20, 5.976956416560069e-20, 1.5515838457795456e-18, 1.1102230246251565e-16, 0.0]
1511938112712151040	[-0.00042218048694353527, -0.0002477640497474066, 0.014099316188107388, 0.826369036067304, 0.00027900311952490825]	[0.0004316236273468573, 0.0003724493534488359, 0.0017730597186619054, 0.0172838480127378, 0.00010500790342947624]
1368253253310443527	[-0.00018669954399984595, -4.728761126586712e-05, 0.012615173109103206, 0.8154050800939219, 0.00021557085943768999]	[0.0002338747578959255, 0.0002072463948402401, 7.68302664597341e-05, 0.0028057274564057713, 4.445214469651454e-05]
1546125627081760769	[-0.000175578094270099, -3.565419063517666e-05, 0.012559541476103428, 0.816791046204784, 0.00021592937843024812]	[0.00021163185843643158, 0.00018397955357885915, 0.00018809353245929081, 0.005577659678130197, 4.516918268163081e-05]
20635049	[0.0031434026982172943, 0.0032181746601515917, 0.015256288935750012, 0.7533276239066415, 0.002214211590625951]	[0.005851798576127564, 0.005810766219574704, 0.007798811877121225, 0.11368027116828458, 0.0037156012040386183]
1593237575124549634	[-5.5809732041519254e-05, 4.506846892338964e-05, 0.020122949359145062, 0.6709969949355786, 0.018744419419415136]	[2.790486602072789e-05, 2.2534234461726562e-05, 0.014938722233623983, 0.28601044286028077, 0.037102149264651406]
879523106527653889	[-0.004760391732128168, -0.0047099526316503855, 0.08046497270487225, 0.4115684710024484, 0.07918972679821702]	[0.00890935636699637, 0.008936085793032476, 0.06709243793852476, 0.34596330601234904, 0.08398255163051326]
1595898631260844032	[-0.0005710709790543356, -0.000378547999170282, 0.014506738021061316, 0.8324481549526382, 0.0003088008292183566]	[0.00041241026845773433, 0.0003567708958111167, 0.0015797094237656524, 0.020760481168119054, 9.949001463442857e-05]
365004971	[-6.976216505188319e-05, 5.633558615425296e-05, 0.012653588242333072, 0.8140022163657189, 0.0001933447870894327]	[1.7142741545784673e-20, 5.21376129706428e-20, 1.5515838457795456e-18, 1.1102230246251565e-16, 0.0]
1596624149786644485	[-0.0003961064828697868, -0.00026276716636132013, 0.016182982724022917, 0.8315954540213821, 0.0005160980746480779]	[0.0004125879960065514, 0.00040400964431324494, 0.004326238646459612, 0.021559248487269915, 0.0003953299557999941]
874160094	[-3.75615886436198e-05, 3.810436624268474e-05, 0.008086600290430027, 0.8241569293470432, 0.0005169661454673114]	[3.9437505157186726e-05, 2.2328618509270083e-05, 0.0055956001298779175, 0.01246809698560978, 0.00039637153100062863]
1343869159562686469	[-3.7546885605372106e-05, 3.811909427143717e-05, 0.008037711556188806, 0.8243945047336891, 0.0005183178371709013]	[3.945550210342015e-05, 2.231056178828833e-05, 0.005653825158814228, 0.012741625840648148, 0.0003980155880815236]
437210920	[-0.00011440053511991128, -6.395006088822945e-05, 0.005558679368580845, 0.8515160793111874, 0.0006971913500448932]	[9.228510706198914e-05, 0.00012974524273686385, 0.005803840510383226, 0.03750655637784246, 0.0004120859944134888]
1562158895224741888	[-6.97621650518832e-05, 5.6335586154252924e-05, 0.012653588242333072, 0.8140022163657189, 0.0001933447870894327]	[6.06087439757635e-21, 0.0, 1.5515838457795456e-18, 1.1102230246251565e-16, 0.0]
1596784198181863425	[-0.00024337208949130797, -9.296975219067351e-05, 0.013397622451426611, 0.8225530127619967, 0.00023674583278952146]	[0.00034721984887884955, 0.0002986106766898529, 0.0014880684181870778, 0.017101592792555388, 8.680209140017757e-05]
1583116574948466688	[-6.97621650518832e-05, 5.633558615425294e-05, 0.012653588242333072, 0.8140022163657189, 0.0001933447870894327]	[6.06087439757635e-21, 1.940426587757867e-20, 2.3273757686693185e-18, 1.1102230246251565e-16, 0.0]
1586067079312166914	[-0.00024099805429963857, -9.112484982943373e-05, 0.013510102672347809, 0.8163559245265649, 0.00023493436556082476]	[0.0003424717784955106, 0.0002949208719673733, 0.0017130288600294744, 0.004707416321691537, 8.317915694278412e-05]
881134810730827776	[-3.7583867120205076e-05, 3.808204988515225e-05, 0.008135079809519143, 0.8236359863673677, 0.000514249769374518]	[3.9410214828834664e-05, 2.2355941675873568e-05, 0.005534547462459207, 0.011811329634531137, 0.0003930398671563728]
1606396329067945984	[-0.0005870457787959377, -0.0003889727361858558, 0.01497465336770831, 0.8384311163343879, 0.00032195650179336216]	[0.0004223662599704121, 0.00036359648856372473, 0.0019066146583107788, 0.01994630655817441, 0.0001050139773645992]
766054909389201408	[-6.976216505188319e-05, 5.633558615425294e-05, 0.012653588242333072, 0.8140022163657189, 0.0001933447870894327]	[1.7142741545784673e-20, 2.984634504813805e-20, 2.3273757686693185e-18, 1.1102230246251565e-16, 0.0]
2945495369	[0.0004693013983232684, 0.000570185746000482, 0.013426708608532113, 0.7596220932039183, 0.0030422138235925186]	[0.001078127126750303, 0.0010277003196924582, 0.0015462407323980777, 0.10876024632360144, 0.005697738073006172]
1464263722260910081	[-6.976216505188319e-05, 5.633558615425294e-05, 0.012653588242333072, 0.8140022163657189, 0.0001933447870894327]	[1.7142741545784673e-20, 1.3552527156068805e-20, 2.3273757686693185e-18, 1.1102230246251565e-16, 0.0]
143288338	[-6.97621650518832e-05, 5.633558615425294e-05, 0.012653588242333069, 0.8140022163657189, 0.0001933447870894327]	[0.0, 1.5152185993940876e-20, 3.878959614448864e-18, 1.1102230246251565e-16, 0.0]
1162845798608117761	[-0.00042316721403459724, -0.00025012606015682536, 0.014090152627585839, 0.8209378848467386, 0.0002766307383118206]	[0.00043283262776418527, 0.0003753383567519585, 0.0017594581982995012, 0.008494427540278423, 0.00010200563461496366]
2953744109	[-3.755622460088284e-05, 3.810973939649181e-05, 0.00808795113450694, 0.8241476125730587, 0.0005175204556857351]	[3.944406085985746e-05, 2.2322013166306923e-05, 0.005591740675951333, 0.012427526458701658, 0.0003970332186387372]
1585283153475866624	[-6.976216505188319e-05, 5.6335586154252924e-05, 0.012653588242333072, 0.8140022163657189, 0.0001933447870894327]	[1.7142741545784673e-20, 6.06087439757635e-21, 2.3273757686693185e-18, 1.1102230246251565e-16, 0.0]
1601606563059453952	[-0.00046226295495416334, -0.0003252564352918269, 0.017782295777498115, 0.8384169935284108, 0.000651779074349855]	[0.00032047556803420607, 0.0003115685907563143, 0.004187573156077929, 0.01996945177205305, 0.00037477267138134754]
438821961	[0.0005285767602299933, 0.0006157310508034161, 0.013763250256455542, 0.7599484066782505, 0.0031667877250417726]	[0.0007328456547488575, 0.0006851535993659033, 0.0013611416662820722, 0.06621047648507339, 0.003641723204381763]
1598843895579922432	[-6.97621650518832e-05, 5.6335586154252924e-05, 0.012653588242333072, 0.8140022163657189, 0.0001933447870894327]	[0.0, 3.030437198788175e-21, 1.5515838457795456e-18, 1.1102230246251565e-16, 0.0]
1459336623229919235	[-6.97621650518832e-05, 5.633558615425294e-05, 0.012653588242333072, 0.8140022163657189, 0.0001933447870894327]	[6.06087439757635e-21, 2.710505431213761e-20, 2.3273757686693185e-18, 1.1102230246251565e-16, 0.0]
1593060853854642183	[-6.976216505188319e-05, 5.633558615425291e-05, 0.012653588242333072, 0.8140022163657189, 0.0001933447870894327]	[1.7142741545784673e-20, 1.940426587757867e-20, 1.5515838457795456e-18, 1.1102230246251565e-16, 0.0]
2688511189	[-6.976216505188317e-05, 5.633558615425291e-05, 0.012653588242333072, 0.8140022163657189, 0.0001933447870894327]	[3.880853175515734e-20, 2.710505431213761e-20, 1.5515838457795456e-18, 1.1102230246251565e-16, 0.0]
1590583719194234880	[-6.976216505188319e-05, 5.633558615425291e-05, 0.012653588242333072, 0.8140022163657189, 0.0001933447870894327]	[2.1852793414608448e-20, 3.5470358010097385e-20, 2.3273757686693185e-18, 1.1102230246251565e-16, 0.0]
1588704907149860864	[-0.00013822367451363907, -1.8473583390659817e-05, 0.01314824753694393, 0.8110755232403672, 0.0005886660751098482]	[0.00031522949977395886, 0.00025395493097042936, 0.000631388022730121, 0.0283559546358981, 0.0007180144077372717]
1472252293282209800	[-6.97621650518832e-05, 5.633558615425294e-05, 0.012653588242333072, 0.8140022163657189, 0.0001933447870894327]	[1.21217487951527e-20, 2.710505431213761e-20, 2.3273757686693185e-18, 1.1102230246251565e-16, 0.0]
16453377	[-3.7579008344059066e-05, 3.8086916922864554e-05, 0.008135703264875846, 0.8236844138066797, 0.0005148490498715587]	[3.941616504689032e-05, 2.2349979842309153e-05, 0.0055337866105801, 0.011872217655231308, 0.0003937729273276858]
1586144310042451968	[-0.0002627903160030568, -0.00010148248531663311, 0.011957766787242797, 0.8233017981824806, 0.00028711028883722327]	[0.0003860563019023471, 0.00031563614294177213, 0.0013916429101805507, 0.01859916363352339, 0.0001875310034955811]
1435705539099611136	[-6.97621650518832e-05, 5.633558615425294e-05, 0.012653588242333072, 0.8140022163657189, 0.0001933447870894327]	[0.0, 2.710505431213761e-20, 0.0, 1.1102230246251565e-16, 0.0]
821153004992757760	[-6.976216505188319e-05, 5.6335586154252945e-05, 0.012653588242333072, 0.8140022163657189, 0.0001933447870894327]	[2.710505431213761e-20, 3.797126926612359e-20, 1.5515838457795456e-18, 1.1102230246251565e-16, 0.0]
1225439204	[-6.97621650518832e-05, 5.633558615425291e-05, 0.012653588242333072, 0.8140022163657189, 0.0001933447870894327]	[0.0, 1.7142741545784673e-20, 1.5515838457795456e-18, 1.1102230246251565e-16, 0.0]
1586944032726474752	[-6.97621650518832e-05, 5.633558615425291e-05, 0.012653588242333072, 0.8140022163657189, 0.0001933447870894327]	[1.21217487951527e-20, 1.940426587757867e-20, 1.5515838457795456e-18, 1.1102230246251565e-16, 0.0]
712020000203145220	[-6.97621650518832e-05, 5.633558615425291e-05, 0.012653588242333072, 0.8140022163657189, 0.0001933447870894327]	[1.21217487951527e-20, 1.249481266240455e-20, 2.3273757686693185e-18, 1.1102230246251565e-16, 0.0]
1427330037456515080	[-0.00022926473608951653, -8.078032661578583e-05, 0.013459480056359599, 0.8265277547630916, 0.00024074257921730499]	[0.0003190051420752666, 0.0002742318255400775, 0.001611783628053052, 0.02505107679474512, 9.479558425574456e-05]
3338767810	[-2.0768101494682296e-05, 2.9662671448543828e-05, 0.05257519439526568, 0.7162660976622061, 0.009518045305351922]	[4.0012279572263386e-05, 2.1794455381952624e-05, 0.03307085909660639, 0.07987682898081569, 0.007764014221210877]
1605382922348945408	[-0.0005882457810912923, -0.000389855893452065, 0.014995922888438545, 0.8386438624882017, 0.0003226540679477697]	[0.00042334603874672545, 0.0003643175729679718, 0.001923874715606567, 0.02012178951238339, 0.00010558298088655292]
30884721	[-3.752370940021239e-05, 3.814230988394364e-05, 0.007988777424841872, 0.8250926388495513, 0.0005209480210397755]	[3.948388571755233e-05, 2.228212624486998e-05, 0.005713203269261599, 0.013583797725582446, 0.00040123169336350083]
2800980736	[0.0033690766650181793, 0.003419533136411404, 0.02127370038778815, 0.6443204695807564, 0.008849947245910253]	[0.004023510678035821, 0.00398065159773919, 0.007307202664627953, 0.1400971506187158, 0.00804931703401001]
1586346520185544704	[-0.00024779707516446635, -9.788734548348017e-05, 0.01338474688638631, 0.8174643872921333, 0.00023570125781612804]	[0.0003560698202251662, 0.0003084458632754662, 0.0014623172881064732, 0.006924341852828642, 8.471294145339075e-05]
166581878	[-4.185729903112992e-05, 3.380135169255175e-05, 0.007592152945399844, 0.6868509422225322, 0.05552726228350907]	[3.4176341545787e-05, 2.7598688087704113e-05, 0.006198966921799337, 0.15572787089777404, 0.06776993166774527]
1393029204384665601	[-0.00037157382606571923, -0.00020732400407914186, 0.013244225037517737, 0.8226022630127101, 0.00025897135342099005]	[0.00037883154179185985, 0.00033013994874774635, 0.0015137448481418576, 0.010858447017674548, 8.53163472997534e-05]
1102929069417521153	[2.388130675920345e-05, 9.953890905869449e-05, 0.02049159234904983, 0.8212017090430486, 0.005392824363842696]	[0.00011470415298307184, 5.2945099386693525e-05, 0.00960657543968276, 0.009406426208377736, 0.006372481582494277]
1252733774837755924	[-2.5914639345848976e-07, 0.00012438720347783934, 0.019183246269607292, 0.8060615610356748, 0.0028623595235465825]	[0.0005036808001411061, 0.00043692656251313137, 0.012230120103281854, 0.04810167559044729, 0.005179860603285182]
