1520200806682832896	[-0.016434594078280778, 0.00020576879598605083, -0.016434594078280778, 0.8140056804954137, 0.00019334921094910754]	[0.0, 0.0, 0.0, 0.0, 0.0]
1463879060933820416	[-0.016434594078280778, 0.00020576879598605083, -0.016434594078280778, 0.8140056804954137, 0.00019334921094910754]	[0.0, 0.0, 0.0, 0.0, 0.0]
955069564055941120	[-0.01703572268700041, 0.00016553236374540538, -0.014048222917420361, 0.8224918911553296, 0.0002593833413117678]	[0.0012022572174392634, 8.047286448129093e-05, 0.0047727423217208366, 0.016972421319831944, 0.00013206826072532064]
1587961913954156545	[-0.017052046060964075, 0.00015528813855459668, -0.015336224653748473, 0.8149383617810834, 0.00022022856875589112]	[0.0012349039653665975, 0.00010096131486290831, 0.0021967388490646087, 0.001865362571339313, 5.375871561356719e-05]
858012451366985730	[-0.016434594078280778, 0.00020576879598605083, -0.016434594078280778, 0.8140056804954137, 0.00019334921094910754]	[0.0, 0.0, 0.0, 0.0, 0.0]
772588501934051328	[-0.017575042001920855, 0.00015555306905495395, -0.015617989401634358, 0.8118348715258021, 0.00023187739808972423]	[0.002280895847280155, 0.00010043145386219376, 0.0016332093532928395, 0.00434161793922323, 7.70563742812334e-05]
1593636437378957315	[-0.01766989368759638, 0.00015722466611272167, -0.015622267879902962, 0.816463836758427, 0.0002343936517154681]	[0.0024705992186312116, 9.708825974665832e-05, 0.0016246523967556297, 0.004916312526026756, 8.208888153272113e-05]
1501738932400230400	[-0.016434594078280778, 0.00020576879598605083, -0.016434594078280778, 0.8140056804954137, 0.00019334921094910754]	[0.0, 0.0, 0.0, 0.0, 0.0]
808783915355951105	[-0.017109666104522993, 0.00016185974420998057, -0.01745308133120066, 0.8188146864571113, 0.000221602887673272]	[0.001350144052484431, 8.78181035521405e-05, 0.002036974505839764, 0.00961801192339542, 5.650735344832893e-05]
1453068880436400146	[-0.016434594078280778, 0.00020576879598605083, -0.016434594078280778, 0.8140056804954137, 0.00019334921094910754]	[0.0, 0.0, 0.0, 0.0, 0.0]
1581206457843912704	[0.006725062532829897, 0.0, 42.73737936516744, 0.08955223880597014, 1.0]	[8.673617379884035e-19, 0.0, 0.0, 0.0, 0.0]
1566095531499208704	[-0.018743035951568964, 0.00011833490856184309, -0.01956312926010319, 0.8200075907208898, 0.00026934925792600006]	[0.0028272524211683915, 0.00010708420559634283, 0.003831657619732406, 0.00782193088747014, 9.308094200407848e-05]
303742383	[-0.026293121371268945, 2.13400955700238e-05, -0.020334624595760863, 0.8290278763358024, 0.0005249477795078933]	[0.012074591759783948, 0.00022587812456815732, 0.0047772631710514685, 0.01937093765508335, 0.0004061284146537322]
45546362	[-0.018993360248767684, 0.00011766788218297048, -0.019801100361065423, 0.8209524508865146, 0.0002769559400002511]	[0.0031339546124928364, 0.00010790122837749611, 0.004123206514269144, 0.008508100026023964, 0.00010239912182634574]
1588771753362214912	[-0.018987205186194532, 0.00011564902889401782, -0.017454127784891145, 0.822132920455773, 0.0002769535304745299]	[0.0031401898911678624, 0.0001122757006027355, 0.00430367305979649, 0.018117680149548846, 0.00010266931121590613]
1529682349029326848	[-0.018987459246449782, 0.00011764750368505252, -0.019794555502401823, 0.8209428684665708, 0.0002767931478264711]	[0.003126750086367059, 0.00010792614664937553, 0.004115211578257333, 0.008496298487316709, 0.0001022001299494534]
1547891496770105344	[-0.026826295290566675, 9.182782891767908e-05, -0.02672056640173362, 0.8466390514323802, 0.0005343224792379749]	[0.012727183115540943, 0.00013954861522194058, 0.012597692132588325, 0.03996755417106348, 0.00041760527596161146]
2281732880	[-0.01759024682692554, 0.00016205305561712443, -0.018000040615151175, 0.8161848099148095, 0.00023129229751592717]	[0.0023113054972895243, 8.74314807378528e-05, 0.0031308930737407956, 0.0043582588387918175, 7.588617313363929e-05]
1145808668149125120	[-0.025929641606198428, 6.767923375472452e-06, -0.02012610772876352, 0.8234580022677787, 0.0005129706434974856]	[0.011629280703181486, 0.0002437262135885877, 0.00452137202988707, 0.011585492227718939, 0.00039146669359989473]
4068912568	[-0.017745794156059806, 0.00016201662525889426, -0.01815417420596218, 0.8174832433759228, 0.00023600779914787357]	[0.0026224001555580577, 8.750434145431316e-05, 0.0034391602553628066, 0.006955125761018221, 8.531717639753206e-05]
1514367527438233610	[-0.016434594078280778, 0.00020576879598605083, -0.016434594078280778, 0.8140056804954137, 0.00019334921094910754]	[0.0, 0.0, 0.0, 0.0, 0.0]
736016838052720640	[-0.016434594078280778, 0.00020576879598605083, -0.016434594078280778, 0.8140056804954137, 0.00019334921094910754]	[0.0, 0.0, 0.0, 0.0, 0.0]
20775133	[-0.02606770758468004, 1.447587475941096e-05, -0.02019355409889964, 0.8243230153653641, 0.0005183131579423737]	[0.01179816472000109, 0.00023434913739746888, 0.004603788667067136, 0.012642268433650714, 0.0003980010095838584]
823220596687437824	[-0.01902596020429021, 0.00011864713742237872, -0.019837766819492345, 0.8209000378472119, 0.000277754950929433]	[0.0031738114805951742, 0.00010671517393661074, 0.004168081723338908, 0.008443922554958376, 0.00010337622857336998]
1229891962414587904	[-0.01857949689428022, -0.0023380860325639434, 0.11224551548693415, 0.2739122472101938, 2.0000386698421897]	[0.0010724514079997207, 0.0012719274142749973, 0.06434005478260747, 0.2700467166426099, 0.9999226603156204]
816968928077500416	[-0.026098572001636684, 1.446083981792468e-05, -0.020213266017194385, 0.8244266871146874, 0.0005192619646561307]	[0.011836423588589405, 0.00023436767435236616, 0.004628281655669149, 0.0127828584899565, 0.0003991779081460997]
825654804	[-0.016434594078280778, 0.00020576879598605083, -0.016434594078280778, 0.8140056804954137, 0.00019334921094910754]	[0.0, 0.0, 0.0, 0.0, 0.0]
1516569565144272902	[-0.008960997748398937, 0.0001234612775916305, -0.009208753499767484, 0.8667659813966633, 0.17456045397101388]	[0.009153265679185129, 0.00010080571103053518, 0.008854133144659824, 0.06462452313716628, 0.21477298659720392]
1546248279142301698	[-5.4264963747754914e-05, 0.0005167706887858451, 10.411401631352227, 0.4167916995109408, 0.376440976048016]	[0.0133744827164871, 0.00025393198213308324, 8.514292624538294, 0.3243238573705129, 0.3072049008946361]
1586027737273184257	[-0.01901408056670039, 0.0001176113462158928, -0.01982527321623205, 0.8209269450655803, 0.0002774358659793281]	[0.0031593104149402074, 0.00010797038930900456, 0.004152826893973782, 0.008476843784064603, 0.00010298678196201561]
1139230884354285568	[-0.021984109678705333, 6.041440572792443e-05, -0.021814083929184633, 0.8583606049487329, 0.00034322720350070857]	[0.002774757800212278, 7.26771951290632e-05, 0.0026897449254519286, 0.02217746222665964, 7.493899627580048e-05]
1198361171989893120	[-0.018860089328659194, 8.491359272694022e-05, 0.23319632386758596, 0.8043845579579536, 0.010330548473486289]	[0.012464201169117945, 0.00014835790713132365, 0.511741928735821, 0.06470931731727708, 0.019858845555528335]
1586022285345013760	[-0.017761457947446085, 0.00016450982088764152, -0.018197466325680013, 0.819257782216348, 0.00023639708064435326]	[0.002653727738330612, 8.251795019681859e-05, 0.0035257444947984747, 0.010504203441868708, 8.609573939049148e-05]
398054082	[-0.009380038059051828, 0.0001234612775916305, -0.009388835903640518, 0.5456439449639932, 0.03169582245698369]	[0.008640055044439881, 0.00010080571103053518, 0.0086293238211614, 0.32867498735061984, 0.03859050985888259]
1536682986371948547	[-0.01710980096456972, 0.00014710924215927704, -0.013285526166227019, 0.8255140044571372, 0.0002555805752939223]	[0.003126882756524297, 8.093817843592741e-05, 0.004541827957291308, 0.01593217604087807, 8.493667626574589e-05]
1604175610036862977	[-0.02030106980164336, 7.809689313524091e-05, -0.014069580789040562, 0.8369034846603466, 0.0003208112221051435]	[0.0031569978447727864, 0.00010424542560307965, 0.001931222300882482, 0.018873354323057503, 0.00010407351611865692]
1595948931149697025	[-0.01950764415264885, 9.510220587997691e-05, -0.015330702055884826, 0.8334695486905572, 0.00028391140258075934]	[0.0028873073536104655, 9.570429719525683e-05, 0.0024944424715815615, 0.015927372323320307, 9.949445600153808e-05]
1565991010995474434	[-0.026045303432650317, 5.004852720388909e-05, -0.023128610402585265, 0.834025298974519, 0.0005153171567677661]	[0.011790932529786715, 0.0002015833618591392, 0.009621986923306609, 0.029738122640387207, 0.00039474893637853097]
1512852649598599175	[-0.017738431214493013, 0.00016202123464172062, -0.01814638062829878, 0.8174808816727877, 0.0002357797226328425]	[0.0026076742724244735, 8.749512268866046e-05, 0.0034235731000360078, 0.006950402354748064, 8.486102336746989e-05]
1586149818023518209	[-0.016434594078280778, 0.00020576879598605083, -0.016434594078280778, 0.8140056804954137, 0.00019334921094910754]	[0.0, 0.0, 0.0, 0.0, 0.0]
1589248003478528007	[-0.018990923174468332, 0.00011313627352295176, -0.014832337236855554, 0.8215659286694376, 0.00027786235569508274]	[0.0031308932609151303, 0.00011345123093345658, 0.001962359127775241, 0.009260203056929373, 0.000103508328999658]
1597567891657875456	[-0.016434594078280778, 0.00020576879598605083, -0.016434594078280778, 0.8140056804954137, 0.00019334921094910754]	[0.0, 0.0, 0.0, 0.0, 0.0]
1353501845981966336	[-0.0176936680226898, 0.0001591122211301105, -0.015630373457149856, 0.8163641448576378, 0.00023490618007842375]	[0.0025181478888180453, 9.331314971188066e-05, 0.0016084412422618481, 0.004716928724448355, 8.31139382586324e-05]
1503212289343868929	[-0.0111552055152015, 5.497960703753713e-05, 0.18540292227703697, 0.751360639678978, 0.005306024126111515]	[0.006465909724922761, 0.00018467850449773002, 0.24720077834687923, 0.0767242595029363, 0.0062618052360639215]
122406464	[-0.017695022095128153, 0.00015911210892563331, -0.015631139481028712, 0.816360058246936, 0.00023494170485860222]	[0.002520856033694753, 9.331337412083504e-05, 0.0016069091945041351, 0.004708755503044637, 8.318498781898939e-05]
183347440	[-0.016434594078280778, 0.00020576879598605083, -0.016434594078280778, 0.8140056804954137, 0.00019334921094910754]	[0.0, 0.0, 0.0, 0.0, 0.0]
1520249272310059015	[-0.017141453479707226, 0.0001496424702547521, -0.01589194334015117, 0.8255978489181913, 0.00025551061623246385]	[0.0032540641731877693, 7.759214494211269e-05, 0.006536895883567989, 0.016352492728849873, 8.600994137570732e-05]
997629108111724546	[-0.02031065201792709, 7.809398353091921e-05, -0.014073260993452625, 0.8369992158232369, 0.00032109377980312094]	[0.0031648285333534354, 0.00010424780670512317, 0.0019282250600616473, 0.018945855522650528, 0.00010430451171787116]
1518685617001013250	[-0.016434594078280778, 0.00020576879598605083, -0.016434594078280778, 0.8140056804954137, 0.00019334921094910754]	[0.0, 0.0, 0.0, 0.0, 0.0]
1511938112712151040	[-0.019069035015952165, 0.00012319402154879126, -0.019929860293091302, 0.8263711145451209, 0.00027900577384071316]	[0.0032319551463111875, 0.00010148127013410524, 0.004289303087115654, 0.017282360853964344, 0.000105005738218537]
1368253253310443527	[-0.015918892437961917, 0.00019030676152899801, -0.014107242373720814, 0.8154088453223212, 0.00021557645798159995]	[0.0010314032806377222, 3.092406891410562e-05, 0.004654703409119927, 0.00280632965381491, 4.445449406498483e-05]
1546125627081760769	[-0.0159077916347068, 0.00019262195358918458, -0.0140708706351126, 0.8167947888495574, 0.0002159350059444714]	[0.0010536048871479596, 2.6293684793732462e-05, 0.004727446886336357, 0.005578216708287442, 4.517158999072772e-05]
20635049	[-0.01414567973650227, 0.0011519325254588891, 0.038540900752659354, 0.7533297023844584, 0.002214214244941756]	[0.013812701826532454, 0.0015866748962648052, 0.117834959799512, 0.11368138052189417, 0.003715599760391387]
1593237575124549634	[-0.012627914207729638, 0.00016461503678884067, 0.2698406227548941, 0.6709997662393343, 0.018744422958502878]	[0.007613359741102279, 8.230751839442034e-05, 0.5725504336663498, 0.2860118285121586, 0.03710214749510754]
879523106527653889	[-0.014775203194976244, 4.904039093273164e-06, -0.013981029281025431, 0.4115698566543263, 0.0791897285677609]	[0.005818112170258948, 0.00031836974789019404, 0.0052475634798756655, 0.34596491783998023, 0.08398254996602987]
1595898631260844032	[-0.019788250438876546, 8.164654374720897e-05, -0.018963327097210884, 0.8324507827246863, 0.0003088053410049942]	[0.003062323200094135, 0.00010469695817350918, 0.005703598097242059, 0.02075842524607455, 9.948848303840579e-05]
365004971	[-0.016434594078280778, 0.00020576879598605083, -0.016434594078280778, 0.8140056804954137, 0.00019334921094910754]	[0.0, 0.0, 0.0, 0.0, 0.0]
1596624149786644485	[-0.018317153145978517, 0.00014860799407234672, -0.013040413940201834, 0.8315975324991989, 0.0005161007289638828]	[0.0023063952998427727, 7.000810777093105e-05, 0.00415717096084128, 0.021557552363557213, 0.0003953277887768803]
874160094	[-0.02603226545499935, 1.2174944610804264e-05, -0.020176276257644527, 0.8241590078248601, 0.0005169687997831163]	[0.01175510128196867, 0.00023727675652469656, 0.004582802660005847, 0.012466404158027414, 0.0003963693638588968]
1343869159562686469	[-0.026076460242284556, 1.6149543863276965e-05, -0.020197475707568014, 0.8243965832115061, 0.0005183204914867062]	[0.011808931622270863, 0.00023225000773754594, 0.004608624644895284, 0.012739930598768672, 0.00039801342087720105]
437210920	[-0.03156751110245114, -4.420862523769805e-05, -0.028583009481136797, 0.8515174649630654, 0.0006971931195887632]	[0.012385605020782144, 0.00020877715449287026, 0.011623386211221075, 0.03750517046881736, 0.00041208383083937803]
1562158895224741888	[-0.016434594078280778, 0.00020576879598605083, -0.016434594078280778, 0.8140056804954137, 0.00019334921094910754]	[0.0, 0.0, 0.0, 0.0, 0.0]
1596784198181863425	[-0.017743323720593087, 0.00016591994991951116, -0.018152928816963492, 0.8225569678499072, 0.00023675333020572098]	[0.0026174592846246207, 7.969769213307936e-05, 0.0034366694773654326, 0.01710257470898715, 8.680823851322691e-05]
1583116574948466688	[-0.016434594078280778, 0.00020576879598605083, -0.016434594078280778, 0.8140056804954137, 0.00019334921094910754]	[0.0, 0.0, 0.0, 0.0, 0.0]
1586067079312166914	[-0.017695022095128153, 0.00015911210892563331, -0.015631139481028712, 0.816360058246936, 0.00023494170485860222]	[0.002520856033694753, 9.331337412083504e-05, 0.0016069091945041351, 0.004708755503044637, 8.318498781898939e-05]
881134810730827776	[-0.025965000064334148, 9.071736490937879e-06, -0.02014447792931461, 0.8236380648451844, 0.0005142524236903228]	[0.011672633212917108, 0.0002409274105657625, 0.004543865923862021, 0.011809634349170983, 0.0003930376999890257]
1606396329067945984	[-0.020336360142702216, 8.100451402846712e-05, -0.01410458807854191, 0.838436073150875, 0.0003219699968835393]	[0.0031858668236629845, 0.00010195431739066564, 0.001902569689618056, 0.0199475253303362, 0.00010502138447422777]
766054909389201408	[-0.016434594078280778, 0.00020576879598605083, -0.016434594078280778, 0.8140056804954137, 0.00019334921094910754]	[0.0, 0.0, 0.0, 0.0, 0.0]
2945495369	[-0.01102790564927291, 0.0009919336450497506, -0.011382413696566038, 0.759624864507674, 0.0030422173626802585]	[0.010813376858015734, 0.0015723296981273993, 0.010104360763429479, 0.1087616319754793, 0.005697736303462302]
1464263722260910081	[-0.016434594078280778, 0.00020576879598605083, -0.016434594078280778, 0.8140056804954137, 0.00019334921094910754]	[0.0, 0.0, 0.0, 0.0, 0.0]
143288338	[-0.016434594078280778, 0.00020576879598605083, -0.016434594078280778, 0.8140056804954137, 0.00019334921094910754]	[0.0, 0.0, 0.0, 0.0, 0.0]
1162845798608117761	[-0.018982069551577586, 0.00011768412798866191, -0.019789110952879288, 0.8209399633245555, 0.0002766333926276255]	[0.0031201024258485075, 0.00010788125444494735, 0.004108506414881239, 0.008492730470874628, 0.0001020034674090302]
2953744109	[-0.026046801032424304, 1.0871199246236809e-05, -0.020181610277621373, 0.8241496910508757, 0.00051752311000154]	[0.01177252467010835, 0.00023869983801584597, 0.0045891659188168656, 0.012425829662435318, 0.0003970310514029486]
1585283153475866624	[-0.016434594078280778, 0.00020576879598605083, -0.016434594078280778, 0.8140056804954137, 0.00019334921094910754]	[0.0, 0.0, 0.0, 0.0, 0.0]
1601606563059453952	[-0.01918929127958892, 0.00012218242043571256, -0.011371124451109504, 0.8384183791802886, 0.0006517808438937249]	[0.002249235733520902, 6.826901680993278e-05, 0.004134311270890587, 0.01996775766561567, 0.0003747705068169624]
438821961	[-0.010114903993392375, 5.0086228676073616e-05, 0.09010780909858487, 0.7599504851560672, 0.003166790379357577]	[0.007740103610522697, 0.00019067266022856, 0.13049688233904289, 0.06621217334107982, 0.0036417210371504434]
1598843895579922432	[-0.016434594078280778, 0.00020576879598605083, -0.016434594078280778, 0.8140056804954137, 0.00019334921094910754]	[0.0, 0.0, 0.0, 0.0, 0.0]
1459336623229919235	[-0.016434594078280778, 0.00020576879598605083, -0.016434594078280778, 0.8140056804954137, 0.00019334921094910754]	[0.0, 0.0, 0.0, 0.0, 0.0]
1593060853854642183	[-0.016434594078280778, 0.00020576879598605083, -0.016434594078280778, 0.8140056804954137, 0.00019334921094910754]	[0.0, 0.0, 0.0, 0.0, 0.0]
2688511189	[-0.016434594078280778, 0.00020576879598605083, -0.016434594078280778, 0.8140056804954137, 0.00019334921094910754]	[0.0, 0.0, 0.0, 0.0, 0.0]
1590583719194234880	[-0.016434594078280778, 0.00020576879598605083, -0.016434594078280778, 0.8140056804954137, 0.00019334921094910754]	[0.0, 0.0, 0.0, 0.0, 0.0]
1588704907149860864	[-0.014206774448096069, 0.0001339484405439997, 0.007523612436149123, 0.8110776017181841, 0.0005886687294256532]	[0.0064387089334823925, 8.806578021718953e-05, 0.04522275559970255, 0.02835616921106645, 0.0007180129463372624]
1472252293282209800	[-0.016434594078280778, 0.00020576879598605083, -0.016434594078280778, 0.8140056804954137, 0.00019334921094910754]	[0.0, 0.0, 0.0, 0.0, 0.0]
16453377	[-0.025979878004696328, 8.87501483630977e-06, -0.02015123192994861, 0.8236864922844965, 0.0005148517041873635]	[0.011690848673400249, 0.00024116722684292604, 0.004552150944066461, 0.011870522586138951, 0.0003937707601552199]
1586144310042451968	[-0.017920980116570097, 0.00016502105039232945, -0.018068471629548645, 0.8233045694862364, 0.0002871138279249631]	[0.002972772076578639, 8.149549118744278e-05, 0.0032677551025357366, 0.018597777981645525, 0.00018752923395171114]
1435705539099611136	[-0.016434594078280778, 0.00020576879598605083, -0.016434594078280778, 0.8140056804954137, 0.00019334921094910754]	[0.0, 0.0, 0.0, 0.0, 0.0]
821153004992757760	[-0.016434594078280778, 0.00020576879598605083, -0.016434594078280778, 0.8140056804954137, 0.00019334921094910754]	[0.0, 0.0, 0.0, 0.0, 0.0]
1225439204	[-0.016434594078280778, 0.00020576879598605083, -0.016434594078280778, 0.8140056804954137, 0.00019334921094910754]	[0.0, 0.0, 0.0, 0.0, 0.0]
1586944032726474752	[-0.016434594078280778, 0.00020576879598605083, -0.016434594078280778, 0.8140056804954137, 0.00019334921094910754]	[0.0, 0.0, 0.0, 0.0, 0.0]
712020000203145220	[-0.016434594078280778, 0.00020576879598605083, -0.016434594078280778, 0.8140056804954137, 0.00019334921094910754]	[0.0, 0.0, 0.0, 0.0, 0.0]
1427330037456515080	[-0.016608802804376224, 0.00022005599369484736, -0.016519171031389893, 0.8265305260668473, 0.00024074611830504487]	[0.00034841745219089254, 2.857439541759303e-05, 0.00016915390621823068, 0.02504969114286726, 9.479381471187464e-05]
3338767810	[-0.008722956260708035, 1.323679165718666e-05, 0.16493372468596978, 0.7162674833140839, 0.009518047074895791]	[0.00629941131990709, 0.00016017543067651843, 0.18495742466192586, 0.07987852444420439, 0.00776401209596148]
1605382922348945408	[-0.020351345732139044, 8.19925841661658e-05, -0.014111562740818512, 0.8386488171750587, 0.0003226676134234853]	[0.0031980304745418413, 0.00010110840019932678, 0.0018968795492257005, 0.020123006540323538, 0.0001055904291095093]
30884721	[-0.02614288888565521, 1.7345976178627733e-05, -0.02023094843788978, 0.8250947173273679, 0.0005209506753555803]	[0.011890267228550789, 0.0002307713158197303, 0.004649668166816226, 0.013582100762966036, 0.00040122952613081217]
2800980736	[0.0004637602890413477, 0.0029566732562077962, 0.03913994296290011, 0.6443218552326343, 0.008849949015454123]	[0.013820457231523212, 0.0022475673666411174, 0.08642083425951337, 0.14009882888170525, 0.008049315130961937]
1586346520185544704	[-0.0177358126157059, 0.00016202302276610803, -0.018143192972782794, 0.817467158595889, 0.00023570479690386792]	[0.002602437074850243, 8.749154643988562e-05, 0.0034171977890040364, 0.00692295620095078, 8.47111719095208e-05]
166581878	[-0.009906782596950423, 0.00017644628583736644, -0.009924623334046267, 0.6868530207003489, 0.05552726493782487]	[0.007994903633170484, 3.591259392092904e-05, 0.007973053281910501, 0.155729567967805, 0.06776992950050549]
1393029204384665601	[-0.01723259940829818, 0.00014817192120459015, -0.015762411398338894, 0.8226052767524538, 0.0002589761765815782]	[0.0029583024517236, 8.546572704501283e-05, 0.00644617847239985, 0.010858271464314902, 8.531565807118423e-05]
1102929069417521153	[0.01570338175942519, 0.001456771178934153, 0.09966271312252603, 0.8212037875208653, 0.0053928270181585]	[0.03936496787307816, 0.0015326727649507895, 0.14222506287030298, 0.009404835401114593, 0.006372479416766431]
1252733774837755924	[-0.015060399472438988, 9.814921458140536e-05, 0.019255621474925162, 0.8060636395134917, 0.002862362177862387]	[0.004394685897699552, 0.00013631569381413676, 0.07327946528735681, 0.04810201873560597, 0.005179859235602318]
