772588501934051328	[0.0022020491770793947, 0.0022020491770793947, 0.0023596971868142403, 0.428409413098951, 0.04487407935376574]	[0.0, 0.0, 0.0, 0.0, 0.0]
1501738932400230400	[0.0022020491770793947, 0.0022020491770793947, 0.0023596971868142403, 0.428409413098951, 0.04487407935376574]	[0.0, 0.0, 0.0, 0.0, 0.0]
1229891962414587904	[0.0, 0.0, 0.0, 0.9318181818181818, 6.833333333333333]	[0.0, 0.0, 0.0, 0.0, 0.0]
825654804	[0.0, 0.0, 0.0, 0.8823529411764706, 2.5]	[0.0, 0.0, 0.0, 0.0, 0.0]
1139230884354285568	[0.0022020491770793947, 0.0022020491770793947, 0.0023596971868142403, 0.428409413098951, 0.04487407935376574]	[0.0, 0.0, 0.0, 0.0, 0.0]
1597567891657875456	[0.005178690565646951, 0.005178623690126089, 0.005178690565646946, 0.5538885486834048, 0.006110144731731207]	[0.0, 0.0, 0.0, 0.0, 0.0]
183347440	[0.005178690565646951, 0.005178623690126089, 0.005178690565646946, 0.5538885486834048, 0.006110144731731207]	[0.0, 0.0, 0.0, 0.0, 0.0]
1511938112712151040	[0.0, 0.0, -3.034522406064035e-67, 0.75, 1.5]	[0.0, 0.0, 0.0, 0.0, 0.0]
20635049	[0.038665195707891224, 0.038665195707891224, 0.0386646095737932, 0.33798566578649564, 0.08528459927660384]	[0.0, 0.0, 0.0, 0.0, 0.0]
437210920	[-1.485035911247808e-103, -1.485035911247808e-103, -1.485035911247808e-103, 0.9196428571428571, 10.3]	[0.0, 0.0, 0.0, 0.0, 0.0]
2945495369	[0.005178690565646951, 0.005178623690126089, 0.005178690565646946, 0.5538885486834048, 0.006110144731731207]	[0.0, 0.0, 0.0, 0.0, 0.0]
438821961	[0.0004840824948711939, 0.0004840824948711939, 0.0005137072980209496, 0.6559668651307274, 0.007242772947356988]	[0.0, 0.0, 0.0, 0.0, 0.0]
1590583719194234880	[0.0004840824948711939, 0.0004840824948711939, 0.0005137072980209496, 0.6559668651307274, 0.007242772947356988]	[0.0, 0.0, 0.0, 0.0, 0.0]
1588704907149860864	[0.0004840824948711939, 0.0004840824948711939, 0.0005137072980209496, 0.6559668651307274, 0.007242772947356988]	[0.0, 0.0, 0.0, 0.0, 0.0]
1586144310042451968	[0.0, 0.0, 0.0, 1.0, 0.5]	[0.0, 0.0, 0.0, 0.0, 0.0]
1435705539099611136	[0.0004840824948711939, 0.0004840824948711939, 0.0005137072980209496, 0.6559668651307274, 0.007242772947356988]	[0.0, 0.0, 0.0, 0.0, 0.0]
1225439204	[0.0022020491770793947, 0.0022020491770793947, 0.0023596971868142403, 0.428409413098951, 0.04487407935376574]	[0.0, 0.0, 0.0, 0.0, 0.0]
1586944032726474752	[0.0004840824948711939, 0.0004840824948711939, 0.0005137072980209496, 0.6559668651307274, 0.007242772947356988]	[0.0, 0.0, 0.0, 0.0, 0.0]
1605382922348945408	[0.0004840824948711939, 0.0004840824948711939, 0.0005137072980209496, 0.6559668651307274, 0.007242772947356988]	[0.0, 0.0, 0.0, 0.0, 0.0]
2800980736	[0.038665195707891224, 0.038665195707891224, 0.0386646095737932, 0.33798566578649564, 0.08528459927660384]	[0.0, 0.0, 0.0, 0.0, 0.0]
