772588501934051328	[0.0041671277897055775, 0.0041671283746326, -0.00013729891977712463, 0.428409413098951, 0.04487407935376574]	[0.0, 0.0, 0.0, 0.0, 0.0]
1501738932400230400	[0.0041671277897055775, 0.0041671283746326, -0.00013729891977712463, 0.428409413098951, 0.04487407935376574]	[0.0, 0.0, 0.0, 0.0, 0.0]
1229891962414587904	[-1.3295736693761223e-251, -1.3295736693761223e-251, -1.3295736693761223e-251, 0.9318181818181818, 6.833333333333333]	[0.0, 0.0, 0.0, 0.0, 0.0]
825654804	[0.0, 0.0, 0.0, 0.8823529411764706, 2.5]	[0.0, 0.0, 0.0, 0.0, 0.0]
1139230884354285568	[0.0041671277897055775, 0.0041671283746326, -0.00013729891977712463, 0.428409413098951, 0.04487407935376574]	[0.0, 0.0, 0.0, 0.0, 0.0]
1597567891657875456	[0.037039165774771655, 0.027099525389914895, 0.035393687366892315, 0.5538885486834048, 0.006110144731731207]	[0.0, 0.0, 0.0, 0.0, 0.0]
183347440	[0.037039165774771655, 0.027099525389914895, 0.035393687366892315, 0.5538885486834048, 0.006110144731731207]	[0.0, 0.0, 0.0, 0.0, 0.0]
1511938112712151040	[0.0, 0.0, -1.1947637539482682e-07, 0.75, 1.5]	[0.0, 0.0, 0.0, 0.0, 0.0]
20635049	[0.1499779201651546, 0.14750528170379906, 0.04640363383244008, 0.33798566578649564, 0.08528459927660384]	[0.0, 0.0, 0.0, 0.0, 0.0]
437210920	[-3.292378984849597e-11, -3.292378984849597e-11, -3.292378984849597e-11, 0.9196428571428571, 10.3]	[0.0, 0.0, 0.0, 0.0, 0.0]
2945495369	[0.037039165774771655, 0.027099525389914895, 0.035393687366892315, 0.5538885486834048, 0.006110144731731207]	[0.0, 0.0, 0.0, 0.0, 0.0]
438821961	[0.0036114211290196856, 0.003568850079132349, 0.00026383275395683683, 0.6559668651307274, 0.007242772947356988]	[0.0, 0.0, 0.0, 0.0, 0.0]
1590583719194234880	[0.0036114211290196856, 0.003568850079132349, 0.00026383275395683683, 0.6559668651307274, 0.007242772947356988]	[0.0, 0.0, 0.0, 0.0, 0.0]
1588704907149860864	[0.0036114211290196856, 0.003568850079132349, 0.00026383275395683683, 0.6559668651307274, 0.007242772947356988]	[0.0, 0.0, 0.0, 0.0, 0.0]
1586144310042451968	[0.0, 0.0, 5.888872832558086e-204, 1.0, 0.5]	[0.0, 0.0, 0.0, 0.0, 0.0]
1435705539099611136	[0.0036114211290196856, 0.003568850079132349, 0.00026383275395683683, 0.6559668651307274, 0.007242772947356988]	[0.0, 0.0, 0.0, 0.0, 0.0]
1225439204	[0.0041671277897055775, 0.0041671283746326, -0.00013729891977712463, 0.428409413098951, 0.04487407935376574]	[0.0, 0.0, 0.0, 0.0, 0.0]
1586944032726474752	[0.0036114211290196856, 0.003568850079132349, 0.00026383275395683683, 0.6559668651307274, 0.007242772947356988]	[0.0, 0.0, 0.0, 0.0, 0.0]
1605382922348945408	[0.0036114211290196856, 0.003568850079132349, 0.00026383275395683683, 0.6559668651307274, 0.007242772947356988]	[0.0, 0.0, 0.0, 0.0, 0.0]
2800980736	[0.1499779201651546, 0.14750528170379906, 0.04640363383244008, 0.33798566578649564, 0.08528459927660384]	[0.0, 0.0, 0.0, 0.0, 0.0]
