772588501934051328	[0.023743560754663467, 0.013846112431114721, -0.13842571199230844, 0.428409413098951, 0.04487407935376574]	[0.0, 0.0, 0.0, 0.0, 0.0]
1501738932400230400	[0.023743560754663467, 0.013846112431114721, -0.13842571199230844, 0.428409413098951, 0.04487407935376574]	[0.0, 0.0, 0.0, 0.0, 0.0]
1229891962414587904	[-2.724268983463451e-26, -1.0001771673040572e-60, -2.724268983463451e-26, 0.9318181818181818, 6.833333333333333]	[0.0, 0.0, 0.0, 0.0, 0.0]
825654804	[-1.6152295063179446e-42, -1.615229512818759e-42, -1.6288052867319673e-42, 0.8823529411764706, 2.5]	[0.0, 0.0, 0.0, 0.0, 0.0]
1139230884354285568	[0.023743560754663467, 0.013846112431114721, -0.13842571199230844, 0.428409413098951, 0.04487407935376574]	[0.0, 0.0, 0.0, 0.0, 0.0]
1597567891657875456	[0.3749719523266236, 0.1223234585991083, 0.37055644015947, 0.5538885486834048, 0.006110144731731207]	[0.0, 0.0, 0.0, 0.0, 0.0]
183347440	[0.3749719523266236, 0.1223234585991083, 0.37055644015947, 0.5538885486834048, 0.006110144731731207]	[0.0, 0.0, 0.0, 0.0, 0.0]
1511938112712151040	[-1.3546307049341054e-89, -5.101697239724257e-89, -0.10884317648810966, 0.75, 1.5]	[0.0, 0.0, 0.0, 0.0, 0.0]
20635049	[0.42497614464949673, 0.15012684375996763, 0.22518947916648738, 0.33798566578649564, 0.08528459927660384]	[0.0, 0.0, 0.0, 0.0, 0.0]
437210920	[6.827885541208986e-29, 5.797049440367867e-29, -4.606033648480792e-15, 0.9196428571428571, 10.3]	[0.0, 0.0, 0.0, 0.0, 0.0]
2945495369	[0.3749719523266236, 0.1223234585991083, 0.37055644015947, 0.5538885486834048, 0.006110144731731207]	[0.0, 0.0, 0.0, 0.0, 0.0]
438821961	[0.17573087551705943, 0.09001522710929448, 0.1307727631072065, 0.656055900621118, 0.007245631184510641]	[0.0, 0.0, 0.0, 0.0, 0.0]
1590583719194234880	[0.17573087551705943, 0.09001522710929448, 0.1307727631072065, 0.656055900621118, 0.007245631184510641]	[0.0, 0.0, 0.0, 0.0, 0.0]
1588704907149860864	[0.17573087551705943, 0.09001522710929448, 0.1307727631072065, 0.656055900621118, 0.007245631184510641]	[0.0, 0.0, 0.0, 0.0, 0.0]
1586144310042451968	[-3.0863923535869806e-76, -3.086392353592445e-76, 1.3650520936502851e-21, 1.0, 0.5]	[0.0, 0.0, 0.0, 0.0, 0.0]
1435705539099611136	[0.17573087551705943, 0.09001522710929448, 0.1307727631072065, 0.656055900621118, 0.007245631184510641]	[0.0, 0.0, 0.0, 0.0, 0.0]
1225439204	[0.023743560754663467, 0.013846112431114721, -0.13842571199230844, 0.428409413098951, 0.04487407935376574]	[0.0, 0.0, 0.0, 0.0, 0.0]
1586944032726474752	[0.17573087551705943, 0.09001522710929448, 0.1307727631072065, 0.656055900621118, 0.007245631184510641]	[0.0, 0.0, 0.0, 0.0, 0.0]
1605382922348945408	[0.17573087551705943, 0.09001522710929448, 0.1307727631072065, 0.656055900621118, 0.007245631184510641]	[0.0, 0.0, 0.0, 0.0, 0.0]
2800980736	[0.42497614464949673, 0.15012684375996763, 0.22518947916648738, 0.33798566578649564, 0.08528459927660384]	[0.0, 0.0, 0.0, 0.0, 0.0]
