772588501934051328	[1.205657110943075e-07, 1.4515146519968447e-10, 1.216088809331024e-07, 0.428409413098951, 0.04487407935376574]	[0.0, 0.0, 0.0, 0.0, 0.0]
1501738932400230400	[1.205657110943075e-07, 1.4515146519968447e-10, 1.216088809331024e-07, 0.428409413098951, 0.04487407935376574]	[0.0, 0.0, 0.0, 0.0, 0.0]
1229891962414587904	[-3.975292122202109e-12, -2.3144297886969834e-12, -3.929761958232221e-12, 0.9318181818181818, 6.833333333333333]	[0.0, 0.0, 0.0, 0.0, 0.0]
825654804	[-8.259664019018138e-12, -7.838570840956368e-12, -5.473475881683583e-12, 0.8823529411764706, 2.5]	[0.0, 0.0, 0.0, 0.0, 0.0]
1139230884354285568	[1.205657110943075e-07, 1.4515146519968447e-10, 1.216088809331024e-07, 0.428409413098951, 0.04487407935376574]	[0.0, 0.0, 0.0, 0.0, 0.0]
1597567891657875456	[3.2448786146319175e-07, 1.51859157076956e-08, 3.2417629809872757e-07, 0.5538885486834048, 0.006110144731731207]	[0.0, 0.0, 0.0, 0.0, 0.0]
183347440	[3.2448786146319175e-07, 1.51859157076956e-08, 3.2417629809872757e-07, 0.5538885486834048, 0.006110144731731207]	[0.0, 0.0, 0.0, 0.0, 0.0]
1511938112712151040	[1.2060774825780661e-13, 0.0, -2.1499354201894496e-09, 0.75, 1.5]	[0.0, 0.0, 0.0, 0.0, 0.0]
20635049	[2.312377427374654e-06, 3.893945601755104e-09, 2.2820983703854817e-06, 0.33798566578649564, 0.08528459927660384]	[0.0, 0.0, 0.0, 0.0, 0.0]
437210920	[-4.46157069208867e-10, -8.602646639591793e-11, -4.3681299985910854e-10, 0.9196428571428571, 10.3]	[0.0, 0.0, 0.0, 0.0, 0.0]
2945495369	[3.2448786146319175e-07, 1.51859157076956e-08, 3.2417629809872757e-07, 0.5538885486834048, 0.006110144731731207]	[0.0, 0.0, 0.0, 0.0, 0.0]
438821961	[2.812075513862783e-08, 1.6075197829225642e-09, 2.346223525607551e-08, 0.656055900621118, 0.007245631184510641]	[0.0, 0.0, 0.0, 0.0, 0.0]
1590583719194234880	[2.812075513862783e-08, 1.6075197829225642e-09, 2.346223525607551e-08, 0.656055900621118, 0.007245631184510641]	[0.0, 0.0, 0.0, 0.0, 0.0]
1588704907149860864	[2.812075513862783e-08, 1.6075197829225642e-09, 2.346223525607551e-08, 0.656055900621118, 0.007245631184510641]	[0.0, 0.0, 0.0, 0.0, 0.0]
1586144310042451968	[-4.5273872501597706e-13, -4.52729655464621e-13, 1.1379131201700332e-12, 1.0, 0.5]	[0.0, 0.0, 0.0, 0.0, 0.0]
1435705539099611136	[2.812075513862783e-08, 1.6075197829225642e-09, 2.346223525607551e-08, 0.656055900621118, 0.007245631184510641]	[0.0, 0.0, 0.0, 0.0, 0.0]
1225439204	[1.205657110943075e-07, 1.4515146519968447e-10, 1.216088809331024e-07, 0.428409413098951, 0.04487407935376574]	[0.0, 0.0, 0.0, 0.0, 0.0]
1586944032726474752	[2.812075513862783e-08, 1.6075197829225642e-09, 2.346223525607551e-08, 0.656055900621118, 0.007245631184510641]	[0.0, 0.0, 0.0, 0.0, 0.0]
1605382922348945408	[2.812075513862783e-08, 1.6075197829225642e-09, 2.346223525607551e-08, 0.656055900621118, 0.007245631184510641]	[0.0, 0.0, 0.0, 0.0, 0.0]
2800980736	[2.312377427374654e-06, 3.893945601755104e-09, 2.2820983703854817e-06, 0.33798566578649564, 0.08528459927660384]	[0.0, 0.0, 0.0, 0.0, 0.0]
