772588501934051328	[4.656678458161375e-05, 4.6586453016175765e-05, 0.00014461939549714566, 0.428409413098951, 0.04487407935376574]	[0.0, 0.0, 0.0, 0.0, 0.0]
1501738932400230400	[4.656678458161375e-05, 4.6586453016175765e-05, 0.00014461939549714566, 0.428409413098951, 0.04487407935376574]	[0.0, 0.0, 0.0, 0.0, 0.0]
1229891962414587904	[-6.946282895697307e-06, -6.934414380463731e-06, -6.9055125061699695e-06, 0.9318181818181818, 6.833333333333333]	[0.0, 0.0, 0.0, 0.0, 0.0]
825654804	[-9.778599349480099e-06, -9.775012528377289e-06, -6.404570241163226e-06, 0.8823529411764706, 2.5]	[0.0, 0.0, 0.0, 0.0, 0.0]
1139230884354285568	[4.656678458161375e-05, 4.6586453016175765e-05, 0.00014461939549714566, 0.428409413098951, 0.04487407935376574]	[0.0, 0.0, 0.0, 0.0, 0.0]
1597567891657875456	[0.0001544960684587431, 0.00015377932662240276, 0.0001520864335306037, 0.5538885486834048, 0.006110144731731207]	[0.0, 0.0, 0.0, 0.0, 0.0]
183347440	[0.0001544960684587431, 0.00015377932662240276, 0.0001520864335306037, 0.5538885486834048, 0.006110144731731207]	[0.0, 0.0, 0.0, 0.0, 0.0]
1511938112712151040	[2.45568471365734e-06, 2.45568471365734e-06, -3.037001484149204e-05, 0.75, 1.5]	[0.0, 0.0, 0.0, 0.0, 0.0]
20635049	[0.0008612962409698856, 0.0008609391597889502, 0.0007402696087341864, 0.33798566578649564, 0.08528459927660384]	[0.0, 0.0, 0.0, 0.0, 0.0]
437210920	[-9.64364500851769e-05, -9.581767609429393e-05, -8.993808424319726e-05, 0.9196428571428571, 10.3]	[0.0, 0.0, 0.0, 0.0, 0.0]
2945495369	[0.0001544960684587431, 0.00015377932662240276, 0.0001520864335306037, 0.5538885486834048, 0.006110144731731207]	[0.0, 0.0, 0.0, 0.0, 0.0]
438821961	[1.5057648283847516e-05, 1.504812105220089e-05, 1.9230692969161424e-05, 0.6559668651307274, 0.007242772947356988]	[0.0, 0.0, 0.0, 0.0, 0.0]
1590583719194234880	[1.5057648283847516e-05, 1.504812105220089e-05, 1.9230692969161424e-05, 0.6559668651307274, 0.007242772947356988]	[0.0, 0.0, 0.0, 0.0, 0.0]
1588704907149860864	[1.5057648283847516e-05, 1.504812105220089e-05, 1.9230692969161424e-05, 0.6559668651307274, 0.007242772947356988]	[0.0, 0.0, 0.0, 0.0, 0.0]
1586144310042451968	[-8.216885109411674e-07, -8.206522819341708e-07, 5.912024763052834e-07, 1.0, 0.5]	[0.0, 0.0, 0.0, 0.0, 0.0]
1435705539099611136	[1.5057648283847516e-05, 1.504812105220089e-05, 1.9230692969161424e-05, 0.6559668651307274, 0.007242772947356988]	[0.0, 0.0, 0.0, 0.0, 0.0]
1225439204	[4.656678458161375e-05, 4.6586453016175765e-05, 0.00014461939549714566, 0.428409413098951, 0.04487407935376574]	[0.0, 0.0, 0.0, 0.0, 0.0]
1586944032726474752	[1.5057648283847516e-05, 1.504812105220089e-05, 1.9230692969161424e-05, 0.6559668651307274, 0.007242772947356988]	[0.0, 0.0, 0.0, 0.0, 0.0]
1605382922348945408	[1.5057648283847516e-05, 1.504812105220089e-05, 1.9230692969161424e-05, 0.6559668651307274, 0.007242772947356988]	[0.0, 0.0, 0.0, 0.0, 0.0]
2800980736	[0.0008612962409698856, 0.0008609391597889502, 0.0007402696087341864, 0.33798566578649564, 0.08528459927660384]	[0.0, 0.0, 0.0, 0.0, 0.0]
