772588501934051328	[0.00951487980874177, 0.00948791588985446, -0.11535976262058448, 0.428409413098951, 0.04487407935376574]	[0.0, 0.0, 0.0, 0.0, 0.0]
1501738932400230400	[0.00951487980874177, 0.00948791588985446, -0.11535976262058448, 0.428409413098951, 0.04487407935376574]	[0.0, 0.0, 0.0, 0.0, 0.0]
1229891962414587904	[-3.646331950571866e-126, -3.646331950571866e-126, -3.646331950571866e-126, 0.9318181818181818, 6.833333333333333]	[0.0, 0.0, 0.0, 0.0, 0.0]
825654804	[-1.4570153030330476e-213, -1.4570153030330476e-213, -5.894367393393201e-214, 0.8823529411764706, 2.5]	[0.0, 0.0, 0.0, 0.0, 0.0]
1139230884354285568	[0.00951487980874177, 0.00948791588985446, -0.11535976262058448, 0.428409413098951, 0.04487407935376574]	[0.0, 0.0, 0.0, 0.0, 0.0]
1597567891657875456	[0.10852426691250835, 0.0572208522354798, 0.09593964335362411, 0.5538885486834048, 0.006110144731731207]	[0.0, 0.0, 0.0, 0.0, 0.0]
183347440	[0.10852426691250835, 0.0572208522354798, 0.09593964335362411, 0.5538885486834048, 0.006110144731731207]	[0.0, 0.0, 0.0, 0.0, 0.0]
1511938112712151040	[0.0, 0.0, -0.0002444139678852528, 0.75, 1.5]	[0.0, 0.0, 0.0, 0.0, 0.0]
20635049	[0.2588976252320624, 0.23085274953799198, -0.26968292165001556, 0.33798566578649564, 0.08528459927660384]	[0.0, 0.0, 0.0, 0.0, 0.0]
437210920	[-4.444578034987976e-06, -4.444578034987976e-06, -4.444578034987976e-06, 0.9196428571428571, 10.3]	[0.0, 0.0, 0.0, 0.0, 0.0]
2945495369	[0.10852426691250835, 0.0572208522354798, 0.09593964335362411, 0.5538885486834048, 0.006110144731731207]	[0.0, 0.0, 0.0, 0.0, 0.0]
438821961	[0.019191113033569292, 0.018188295650492882, -0.030041232283760447, 0.6559668651307274, 0.007242772947356988]	[0.0, 0.0, 0.0, 0.0, 0.0]
1590583719194234880	[0.019191113033569292, 0.018188295650492882, -0.030041232283760447, 0.6559668651307274, 0.007242772947356988]	[0.0, 0.0, 0.0, 0.0, 0.0]
1588704907149860864	[0.019191113033569292, 0.018188295650492882, -0.030041232283760447, 0.6559668651307274, 0.007242772947356988]	[0.0, 0.0, 0.0, 0.0, 0.0]
1586144310042451968	[0.0, 0.0, 1.2133499940823017e-102, 1.0, 0.5]	[0.0, 0.0, 0.0, 0.0, 0.0]
1435705539099611136	[0.019191113033569292, 0.018188295650492882, -0.030041232283760447, 0.6559668651307274, 0.007242772947356988]	[0.0, 0.0, 0.0, 0.0, 0.0]
1225439204	[0.00951487980874177, 0.00948791588985446, -0.11535976262058448, 0.428409413098951, 0.04487407935376574]	[0.0, 0.0, 0.0, 0.0, 0.0]
1586944032726474752	[0.019191113033569292, 0.018188295650492882, -0.030041232283760447, 0.6559668651307274, 0.007242772947356988]	[0.0, 0.0, 0.0, 0.0, 0.0]
1605382922348945408	[0.019191113033569292, 0.018188295650492882, -0.030041232283760447, 0.6559668651307274, 0.007242772947356988]	[0.0, 0.0, 0.0, 0.0, 0.0]
2800980736	[0.2588976252320624, 0.23085274953799198, -0.26968292165001556, 0.33798566578649564, 0.08528459927660384]	[0.0, 0.0, 0.0, 0.0, 0.0]
