772588501934051328	[-0.016438143317734535, -0.04543548664602542, -1.0232522212092725, 0.428409413098951, 0.04487407935376574]	[0.0, 0.0, 0.0, 0.0, 0.0]
1501738932400230400	[-0.016438143317734535, -0.04543548664602542, -1.0232522212092725, 0.428409413098951, 0.04487407935376574]	[0.0, 0.0, 0.0, 0.0, 0.0]
1229891962414587904	[-8.172806950390353e-26, -8.172806950390353e-26, -8.172806950390353e-26, 0.9318181818181818, 6.833333333333333]	[0.0, 0.0, 0.0, 0.0, 0.0]
825654804	[-4.34199790777787e-42, -4.34199790777787e-42, -1.9256256262001944e-42, 0.8823529411764706, 2.5]	[0.0, 0.0, 0.0, 0.0, 0.0]
1139230884354285568	[-0.016438143317734535, -0.04543548664602542, -1.0232522212092725, 0.428409413098951, 0.04487407935376574]	[0.0, 0.0, 0.0, 0.0, 0.0]
1597567891657875456	[0.6915174782408444, 0.2607871316473207, 0.5928085288208037, 0.5538885486834048, 0.006110144731731207]	[0.0, 0.0, 0.0, 0.0, 0.0]
183347440	[0.6915174782408444, 0.2607871316473207, 0.5928085288208037, 0.5538885486834048, 0.006110144731731207]	[0.0, 0.0, 0.0, 0.0, 0.0]
1511938112712151040	[1.873533267395064e-88, 1.873533267395064e-88, -0.10884317648810966, 0.75, 1.5]	[0.0, 0.0, 0.0, 0.0, 0.0]
20635049	[1.247716912107078, 0.867957858362352, -2.783544078417417, 0.33798566578649564, 0.08528459927660384]	[0.0, 0.0, 0.0, 0.0, 0.0]
437210920	[-0.05650502968796265, -0.05650502968796265, -0.056505029687958085, 0.9196428571428571, 10.3]	[0.0, 0.0, 0.0, 0.0, 0.0]
2945495369	[0.6915174782408444, 0.2607871316473207, 0.5928085288208037, 0.5538885486834048, 0.006110144731731207]	[0.0, 0.0, 0.0, 0.0, 0.0]
438821961	[0.10703568734113467, 0.03306587867312894, -1.113113784270591, 0.6559668651307274, 0.007242772947356988]	[0.0, 0.0, 0.0, 0.0, 0.0]
1590583719194234880	[0.10703568734113467, 0.03306587867312894, -1.113113784270591, 0.6559668651307274, 0.007242772947356988]	[0.0, 0.0, 0.0, 0.0, 0.0]
1588704907149860864	[0.10703568734113467, 0.03306587867312894, -1.113113784270591, 0.6559668651307274, 0.007242772947356988]	[0.0, 0.0, 0.0, 0.0, 0.0]
1586144310042451968	[-3.086392353601675e-76, -3.086392353599781e-76, 1.3650520936502851e-21, 1.0, 0.5]	[0.0, 0.0, 0.0, 0.0, 0.0]
1435705539099611136	[0.10703568734113467, 0.03306587867312894, -1.113113784270591, 0.6559668651307274, 0.007242772947356988]	[0.0, 0.0, 0.0, 0.0, 0.0]
1225439204	[-0.016438143317734535, -0.04543548664602542, -1.0232522212092725, 0.428409413098951, 0.04487407935376574]	[0.0, 0.0, 0.0, 0.0, 0.0]
1586944032726474752	[0.10703568734113467, 0.03306587867312894, -1.113113784270591, 0.6559668651307274, 0.007242772947356988]	[0.0, 0.0, 0.0, 0.0, 0.0]
1605382922348945408	[0.10703568734113467, 0.03306587867312894, -1.113113784270591, 0.6559668651307274, 0.007242772947356988]	[0.0, 0.0, 0.0, 0.0, 0.0]
2800980736	[1.247716912107078, 0.867957858362352, -2.783544078417417, 0.33798566578649564, 0.08528459927660384]	[0.0, 0.0, 0.0, 0.0, 0.0]
