772588501934051328	[1.563076929285121e-06, 1.5955459061332074e-08, 2.503522046658754e-06, 0.428409413098951, 0.04487407935376574]	[0.0, 0.0, 0.0, 0.0, 0.0]
1501738932400230400	[1.563076929285121e-06, 1.5955459061332074e-08, 2.503522046658754e-06, 0.428409413098951, 0.04487407935376574]	[0.0, 0.0, 0.0, 0.0, 0.0]
1229891962414587904	[-4.309152519332366e-09, -2.7600338311932923e-09, -4.265388401908598e-09, 0.9318181818181818, 6.833333333333333]	[0.0, 0.0, 0.0, 0.0, 0.0]
825654804	[-8.45631779504272e-09, -7.985820271825453e-09, -5.45423382358526e-09, 0.8823529411764706, 2.5]	[0.0, 0.0, 0.0, 0.0, 0.0]
1139230884354285568	[1.563076929285121e-06, 1.5955459061332074e-08, 2.503522046658754e-06, 0.428409413098951, 0.04487407935376574]	[0.0, 0.0, 0.0, 0.0, 0.0]
1597567891657875456	[3.7873945660782514e-06, 6.046784550776255e-07, 3.764724839942026e-06, 0.5538885486834048, 0.006110144731731207]	[0.0, 0.0, 0.0, 0.0, 0.0]
183347440	[3.7873945660782514e-06, 6.046784550776255e-07, 3.764724839942026e-06, 0.5538885486834048, 0.006110144731731207]	[0.0, 0.0, 0.0, 0.0, 0.0]
1511938112712151040	[1.7209724104276868e-10, 0.0, -2.6517111305230947e-07, 0.75, 1.5]	[0.0, 0.0, 0.0, 0.0, 0.0]
20635049	[2.385630675614351e-05, 2.887313062494375e-07, 2.2229236796540973e-05, 0.33798566578649564, 0.08528459927660384]	[0.0, 0.0, 0.0, 0.0, 0.0]
437210920	[-1.3171855289938626e-07, -7.490473312338176e-08, -1.2421834818344113e-07, 0.9196428571428571, 10.3]	[0.0, 0.0, 0.0, 0.0, 0.0]
2945495369	[3.7873945660782514e-06, 6.046784550776255e-07, 3.764724839942026e-06, 0.5538885486834048, 0.006110144731731207]	[0.0, 0.0, 0.0, 0.0, 0.0]
438821961	[4.48471124745042e-07, 1.0761763896801075e-07, 4.88084692501823e-07, 0.656055900621118, 0.007245631184510641]	[0.0, 0.0, 0.0, 0.0, 0.0]
1590583719194234880	[4.48471124745042e-07, 1.0761763896801075e-07, 4.88084692501823e-07, 0.656055900621118, 0.007245631184510641]	[0.0, 0.0, 0.0, 0.0, 0.0]
1588704907149860864	[4.48471124745042e-07, 1.0761763896801075e-07, 4.88084692501823e-07, 0.656055900621118, 0.007245631184510641]	[0.0, 0.0, 0.0, 0.0, 0.0]
1586144310042451968	[-6.098137842707034e-10, -6.097120110497016e-10, 7.919227105065604e-10, 1.0, 0.5]	[0.0, 0.0, 0.0, 0.0, 0.0]
1435705539099611136	[4.48471124745042e-07, 1.0761763896801075e-07, 4.88084692501823e-07, 0.656055900621118, 0.007245631184510641]	[0.0, 0.0, 0.0, 0.0, 0.0]
1225439204	[1.563076929285121e-06, 1.5955459061332074e-08, 2.503522046658754e-06, 0.428409413098951, 0.04487407935376574]	[0.0, 0.0, 0.0, 0.0, 0.0]
1586944032726474752	[4.48471124745042e-07, 1.0761763896801075e-07, 4.88084692501823e-07, 0.656055900621118, 0.007245631184510641]	[0.0, 0.0, 0.0, 0.0, 0.0]
1605382922348945408	[4.48471124745042e-07, 1.0761763896801075e-07, 4.88084692501823e-07, 0.656055900621118, 0.007245631184510641]	[0.0, 0.0, 0.0, 0.0, 0.0]
2800980736	[2.385630675614351e-05, 2.887313062494375e-07, 2.2229236796540973e-05, 0.33798566578649564, 0.08528459927660384]	[0.0, 0.0, 0.0, 0.0, 0.0]
