1520200806682832896	[-1.6067852171380476e-28, 0.0, 0.33814139859065556, 0.008042895442359251, 1.5]	[4.035739577255473e-43, 0.0, 8.881784197001252e-16, 1.734723475976807e-18, 0.0]
1463879060933820416	[0.0, 0.0, 0.0, 0.5925925925925926, 0.8888888888888882]	[0.0, 0.0, 0.0, 0.10475656017578476, 0.15713484026367697]
955069564055941120	[-3.8639046008828104e-196, 0.0, 1.1934272221060964e-176, 0.07547169811320803, 4.0]	[0.0, 0.0, 0.0, 4.85722573273506e-16, 0.0]
1587961913954156545	[-1.8708481887398264e-259, 0.0, 1.1934272221060964e-176, 0.03960396039603963, 2.0]	[0.0, 0.0, 0.0, 2.7755575615628914e-17, 0.0]
858012451366985730	[-1.8708481887398264e-259, 0.0, 1.1934272221060964e-176, 0.049019607843137115, 2.5]	[0.0, 0.0, 0.0, 1.3877787807814457e-16, 0.0]
772588501934051328	[-1.5733791809296519e-16, 0.0, -4.292221862303705e-14, 0.014598540145985486, 1.0]	[7.395570986446986e-31, 0.0, 2.524354896707238e-28, 8.500145032286355e-17, 0.0]
1593636437378957315	[0.0, 0.0, 0.0, 0.0, 0.0]	[0.0, 0.0, 0.0, 0.0, 0.0]
1501738932400230400	[-1.8708481887398264e-259, 0.0, -1.9047314031500577e-88, 0.019999999999999924, 1.0]	[0.0, 0.0, 8.092440026168451e-103, 7.632783294297951e-17, 0.0]
808783915355951105	[-1.8708481887398264e-259, 0.0, 1.1934272221060964e-176, 0.019801980198019816, 1.0]	[0.0, 0.0, 0.0, 1.3877787807814457e-17, 0.0]
1453068880436400146	[0.0, 0.0, 0.0, 0.0, 0.0]	[0.0, 0.0, 0.0, 0.0, 0.0]
1581206457843912704	[0.0, 0.0, 0.0, 0.0, 0.0]	[0.0, 0.0, 0.0, 0.0, 0.0]
1566095531499208704	[0.0, 0.0, 0.4735103076890645, 0.5, 1.0]	[0.0, 0.0, 1.8318679906315083e-15, 0.0, 0.0]
303742383	[0.0, 0.0, 1.37661463866191e-25, 0.0, 0.0]	[0.0, 0.0, 2.9846536251347144e-40, 0.0, 0.0]
45546362	[0.0, 0.0, 0.0, 0.0, 0.0]	[0.0, 0.0, 0.0, 0.0, 0.0]
1588771753362214912	[-1.3519833293606377e-136, 0.0, 2.9823839854506763e-32, 0.0, 0.0]	[6.300806249717935e-151, 0.0, 4.926439913641935e-47, 0.0, 0.0]
1529682349029326848	[0.0, 0.0, 0.6035280707708613, 1.0, 6.5]	[0.0, 0.0, 1.887379141862766e-15, 0.0, 0.0]
1547891496770105344	[-3.25068798435643e-251, 0.0, -3.2495221156964926e-251, 1.0, 1.5]	[0.0, 0.0, 0.0, 0.0, 0.0]
2281732880	[-1.9839603491162053e-185, 0.0, -9.744385798020442e-145, 0.3333333333333329, 2.0]	[0.0, 0.0, 3.271900879242034e-159, 3.885780586188048e-16, 0.0]
1145808668149125120	[-1.656525610158334e-290, 0.0, -1.656525610158334e-290, 0.12222222222222276, 0.4444444444444441]	[0.0, 0.0, 0.0, 0.03142696805273541, 0.07856742013183848]
4068912568	[0.0, 0.0, 0.0, 0.0, 0.0]	[0.0, 0.0, 0.0, 0.0, 0.0]
1514367527438233610	[0.0, 0.0, 0.6099587258879525, 1.0, 6.0]	[0.0, 0.0, 4.440892098500626e-16, 0.0, 0.0]
736016838052720640	[0.0, 0.0, -1.2655786088972367e-20, 0.5999999999999971, 1.5]	[0.0, 0.0, 4.513898307157584e-36, 2.886579864025407e-15, 0.0]
20775133	[0.0, 0.0, 4.234402381159574e-185, 0.0, 0.0]	[0.0, 0.0, 0.0, 0.0, 0.0]
823220596687437824	[0.0, 0.0, 0.0, 0.0, 0.0]	[0.0, 0.0, 0.0, 0.0, 0.0]
1229891962414587904	[0.0, 0.0, 0.0, 0.9390575640575611, 11.607142857142861]	[0.0, 0.0, 0.0, 0.03223096080920106, 6.424965920129852]
816968928077500416	[0.0, 0.0, 1.1826357497599517e-277, 0.0, 0.0]	[0.0, 0.0, 0.0, 0.0, 0.0]
825654804	[0.0, 0.0, 0.0, 0.5999999999999971, 1.5]	[0.0, 0.0, 0.0, 2.886579864025407e-15, 0.0]
1516569565144272902	[0.0, 0.0, 0.0, 0.0, 0.0]	[0.0, 0.0, 0.0, 0.0, 0.0]
1546248279142301698	[0.0, 0.0, 0.0, 0.4000000000000014, 2.0]	[0.0, 0.0, 0.0, 1.3877787807814457e-15, 0.0]
1586027737273184257	[0.0, 0.0, 0.0, 0.0, 0.0]	[0.0, 0.0, 0.0, 0.0, 0.0]
1139230884354285568	[0.0, 0.0, 3.198709329618081e-76, 0.0, 0.0]	[0.0, 0.0, 4.295456782135511e-91, 0.0, 0.0]
1198361171989893120	[0.0, 0.0, 0.0, 0.0, 0.0]	[0.0, 0.0, 0.0, 0.0, 0.0]
1586022285345013760	[0.0, 0.0, 1.6744391188646297e-35, 0.0, 0.0]	[0.0, 0.0, 1.870935297064537e-50, 0.0, 0.0]
398054082	[0.0, 0.0, 0.0, 0.0, 0.0]	[0.0, 0.0, 0.0, 0.0, 0.0]
1536682986371948547	[0.0, 0.0, 0.0, 0.0, 0.0]	[0.0, 0.0, 0.0, 0.0, 0.0]
1604175610036862977	[0.0, 0.0, 2.57590342868292e-161, 0.0, 0.0]	[0.0, 0.0, 0.0, 0.0, 0.0]
1595948931149697025	[0.0, 0.0, 0.0, 0.0, 0.0]	[0.0, 0.0, 0.0, 0.0, 0.0]
1565991010995474434	[0.0, 0.0, 0.0, 0.0, 0.0]	[0.0, 0.0, 0.0, 0.0, 0.0]
1512852649598599175	[0.0, 0.0, 0.0, 0.0, 0.0]	[0.0, 0.0, 0.0, 0.0, 0.0]
1586149818023518209	[9.827443765229791e-149, 0.0, 9.827443765229791e-149, 0.0, 0.0]	[0.0, 0.0, 0.0, 0.0, 0.0]
1589248003478528007	[0.0, 0.0, 0.0, 0.0, 0.0]	[0.0, 0.0, 0.0, 0.0, 0.0]
1597567891657875456	[0.0, 0.0, -1.913478802303404e-193, 0.0, 0.0]	[0.0, 0.0, 0.0, 0.0, 0.0]
1353501845981966336	[0.0, 0.0, 2.5796010015611233e-266, 0.0, 0.0]	[0.0, 0.0, 0.0, 0.0, 0.0]
1503212289343868929	[0.0016662854458990878, 0.0, 0.001664112692979076, 0.9455736224028942, 15.25]	[0.00021917220746758335, 0.0, 0.00021888641786596674, 0.0025249186737802435, 3.913118960624632]
122406464	[0.0, 0.0, 0.0, 0.0, 0.0]	[0.0, 0.0, 0.0, 0.0, 0.0]
183347440	[1.8588745907288634e-06, 0.0, 1.8588745907288634e-06, 0.04888888888888886, 1.0]	[3.286057071199362e-07, 0.0, 3.286057071199362e-07, 0.021998877636914813, 0.0]
1520249272310059015	[0.0, 0.0, 0.0, 0.0, 0.0]	[0.0, 0.0, 0.0, 0.0, 0.0]
997629108111724546	[0.0, 0.0, 3.3787995600042464e-59, 0.0, 0.0]	[0.0, 0.0, 8.843436600416711e-75, 0.0, 0.0]
1518685617001013250	[0.0, 0.0, 0.0, 0.0, 0.0]	[0.0, 0.0, 0.0, 0.0, 0.0]
1511938112712151040	[0.0, 0.0, -7.790407442572009e-34, 0.0, 0.0]	[0.0, 0.0, 4.1053665947016125e-48, 0.0, 0.0]
1368253253310443527	[0.0, 0.0, 0.0, 0.4000000000000014, 1.0]	[0.0, 0.0, 0.0, 1.3877787807814457e-15, 0.0]
1546125627081760769	[0.0, 0.0, 1.2447006401149588e-24, 0.875, 3.5]	[0.0, 0.0, 5.877471754111438e-39, 0.0, 0.0]
20635049	[0.0, 0.0, 0.0, 0.0, 0.0]	[0.0, 0.0, 0.0, 0.0, 0.0]
1593237575124549634	[0.0, 0.0, 0.0, 0.0, 0.0]	[0.0, 0.0, 0.0, 0.0, 0.0]
879523106527653889	[0.0, 0.0, 0.0, 0.0, 0.0]	[0.0, 0.0, 0.0, 0.0, 0.0]
1595898631260844032	[7.438086467138824e-254, 0.0, 0.4737071422081016, 1.0, 1.0]	[0.0, 0.0, 8.881784197001252e-16, 0.0, 0.0]
365004971	[0.0, 0.0, 0.0, 0.0, 0.0]	[0.0, 0.0, 0.0, 0.0, 0.0]
1596624149786644485	[0.0, 0.0, 6.681128783740383e-21, 0.0, 0.0]	[0.0, 0.0, 1.504632769052528e-35, 0.0, 0.0]
874160094	[0.0, 0.0, 0.0, 0.0, 0.0]	[0.0, 0.0, 0.0, 0.0, 0.0]
1343869159562686469	[0.0, 0.0, 0.0, 0.0, 0.0]	[0.0, 0.0, 0.0, 0.0, 0.0]
437210920	[0.0, 0.0, 0.0, 0.0, 0.0]	[0.0, 0.0, 0.0, 0.0, 0.0]
1562158895224741888	[0.0, 0.0, 0.0, 0.0, 0.0]	[0.0, 0.0, 0.0, 0.0, 0.0]
1596784198181863425	[0.0, 0.0, 0.0, 0.0, 0.0]	[0.0, 0.0, 0.0, 0.0, 0.0]
1583116574948466688	[0.0, 0.0, 0.547254447592748, 0.5, 0.5]	[0.0, 0.0, 5.551115123125783e-16, 0.0, 0.0]
1586067079312166914	[0.0, 0.0, 0.0, 0.0, 0.0]	[0.0, 0.0, 0.0, 0.0, 0.0]
881134810730827776	[0.0, 0.0, 0.0, 0.0, 0.0]	[0.0, 0.0, 0.0, 0.0, 0.0]
1606396329067945984	[0.0, 0.0, -1.0514160585882278e-31, 0.0, 0.0]	[0.0, 0.0, 1.313717310304516e-46, 0.0, 0.0]
766054909389201408	[1.8957354800865177e-206, 0.0, 0.5965363471272461, 1.0, 8.0]	[0.0, 0.0, 1.887379141862766e-15, 0.0, 0.0]
2945495369	[0.0, 0.0, 0.0, 0.0, 0.0]	[0.0, 0.0, 0.0, 0.0, 0.0]
1464263722260910081	[0.0, 0.0, 0.0, 0.0, 0.0]	[0.0, 0.0, 0.0, 0.0, 0.0]
143288338	[9.271561238338825e-12, 0.0, -0.211846137199499, 0.014184397163120487, 2.0]	[2.1002632740604218e-26, 0.0, 1.0547118733938987e-15, 7.979727989493313e-17, 0.0]
1162845798608117761	[-1.8708481887398264e-259, 0.0, 6.841311924096386e-72, 0.019999999999999924, 1.0]	[0.0, 0.0, 7.037676391850821e-87, 7.632783294297951e-17, 0.0]
2953744109	[-8.180414593876636e-138, 0.0, 2.0810256197927356e-63, 0.0, 0.0]	[2.0286686788864562e-152, 0.0, 1.1334971228561459e-77, 0.0, 0.0]
1585283153475866624	[0.0, 0.0, 0.0, 0.0, 0.0]	[0.0, 0.0, 0.0, 0.0, 0.0]
1601606563059453952	[0.0, 0.0, 0.0, 0.0, 0.0]	[0.0, 0.0, 0.0, 0.0, 0.0]
438821961	[0.0, 0.0, 0.0, 0.0, 0.0]	[0.0, 0.0, 0.0, 0.0, 0.0]
1598843895579922432	[-1.8708481887398264e-259, 0.0, 1.1934272221060964e-176, 0.019999999999999924, 1.0]	[0.0, 0.0, 0.0, 7.632783294297951e-17, 0.0]
1459336623229919235	[-1.5733791809296519e-16, 0.0, -4.292221862303705e-14, 0.028985507246376892, 2.0]	[7.395570986446986e-31, 0.0, 2.524354896707238e-28, 7.979727989493313e-17, 0.0]
1593060853854642183	[0.0, 0.0, 0.0, 1.0, 2.5]	[0.0, 0.0, 0.0, 0.0, 0.0]
2688511189	[0.0, 0.0, 0.0, 0.46153846153846334, 3.0]	[0.0, 0.0, 0.0, 1.7763568394002505e-15, 0.0]
1590583719194234880	[0.0, 0.0, 0.0, 0.2000000000000007, 1.0]	[0.0, 0.0, 0.0, 6.938893903907228e-16, 0.0]
1588704907149860864	[0.0, 0.0, 0.0, 0.0, 0.0]	[0.0, 0.0, 0.0, 0.0, 0.0]
1472252293282209800	[5.365429168178807e-176, 0.0, 0.6175193671649711, 0.8571428571428596, 3.0]	[0.0, 0.0, 2.220446049250313e-15, 2.55351295663786e-15, 0.0]
16453377	[0.0, 0.0, 0.0, 0.0, 0.0]	[0.0, 0.0, 0.0, 0.0, 0.0]
1586144310042451968	[0.0, 0.0, 0.0, 0.0, 0.0]	[0.0, 0.0, 0.0, 0.0, 0.0]
1435705539099611136	[-1.5733791809296519e-16, 0.0, -4.292221862303705e-14, 0.03597122302158266, 2.5]	[7.395570986446986e-31, 0.0, 2.524354896707238e-28, 6.938893903907228e-17, 0.0]
821153004992757760	[0.0, 0.0, 1.1189778528436132, 0.6666666666666659, 1.0]	[0.0, 0.0, 2.220446049250313e-15, 7.771561172376096e-16, 0.0]
1225439204	[1.31561507e-315, 0.0, 1.31561507e-315, 0.0, 0.0]	[0.0, 0.0, 0.0, 0.0, 0.0]
1586944032726474752	[-1.5733791809296519e-16, 0.0, -4.292221862303705e-14, 0.036231884057970884, 2.5]	[7.395570986446986e-31, 0.0, 2.524354896707238e-28, 1.3183898417423734e-16, 0.0]
712020000203145220	[0.0, 0.0, 0.6785751102614249, 0.32912793271359, 1.3067729083665336]	[0.0, 0.0, 0.3180126956230502, 0.05622239817470672, 0.279050415431271]
1427330037456515080	[0.0, 0.0, 0.0, 0.0, 0.0]	[0.0, 0.0, 0.0, 0.0, 0.0]
3338767810	[0.0, 0.0, -1.495477156279251e-242, 0.20000000000000068, 0.5]	[0.0, 0.0, 0.0, 6.661338147750939e-16, 0.0]
1605382922348945408	[0.0, 0.0, -1.6288423190142037e-210, 0.0, 0.0]	[0.0, 0.0, 0.0, 0.0, 0.0]
30884721	[0.0, 0.0, 0.0, 0.0, 0.0]	[0.0, 0.0, 0.0, 0.0, 0.0]
2800980736	[0.0, 0.0, 0.0, 0.0, 0.0]	[0.0, 0.0, 0.0, 0.0, 0.0]
1586346520185544704	[-1.847665495396476e-193, 0.0, -1.847665495396476e-193, 0.0, 0.0]	[0.0, 0.0, 0.0, 0.0, 0.0]
166581878	[0.0, 0.0, 0.0, 0.0, 0.0]	[0.0, 0.0, 0.0, 0.0, 0.0]
1393029204384665601	[0.0, 0.0, 0.0, 0.5999999999999971, 1.5]	[0.0, 0.0, 0.0, 2.886579864025407e-15, 0.0]
1102929069417521153	[0.0, 0.0, 0.0, 0.0, 0.0]	[0.0, 0.0, 0.0, 0.0, 0.0]
1252733774837755924	[-1.8708481887398264e-259, 0.0, 1.1934272221060964e-176, 0.019999999999999924, 1.0]	[0.0, 0.0, 0.0, 7.632783294297951e-17, 0.0]
