1520200806682832896	[-0.0007911864719116007, 0.0, 0.613400593938403, 0.008042895442359251, 1.5]	[3.469446951953614e-18, 0.0, 4.440892098500626e-16, 1.734723475976807e-18, 0.0]
1463879060933820416	[3.31245114270069e-140, 0.0, 3.312451142701221e-140, 0.5925925925925926, 0.8888888888888882]	[4.68451333070558e-140, 0.0, 4.684513330705488e-140, 0.10475656017578476, 0.15713484026367697]
955069564055941120	[-2.875430377189991e-20, 0.0, 1.3413476163918818e-18, 0.07547169811320803, 4.0]	[5.416677968589101e-35, 0.0, 4.044452883213195e-33, 4.85722573273506e-16, 0.0]
1587961913954156545	[-7.182520243243838e-27, 0.0, 1.3849449221767305e-18, 0.03960396039603963, 2.0]	[8.609577764811676e-42, 0.0, 5.7777898331617076e-33, 2.7755575615628914e-17, 0.0]
858012451366985730	[-7.182520243243838e-27, 0.0, 1.3844790575686502e-18, 0.049019607843137115, 2.5]	[8.609577764811676e-42, 0.0, 3.851859888774472e-34, 1.3877787807814457e-16, 0.0]
772588501934051328	[-0.02250198278788932, 0.0, -0.009368212446414203, 0.014598540145985486, 1.0]	[1.3183898417423734e-16, 0.0, 1.5612511283791264e-17, 8.500145032286355e-17, 0.0]
1593636437378957315	[1.2524136972231083e-136, 0.0, 1.339800184298424e-59, 0.0, 0.0]	[4.391471022530682e-151, 0.0, 5.5271478752604446e-74, 0.0, 0.0]
1501738932400230400	[-7.182520243243838e-27, 0.0, -9.058501851722551e-10, 0.019999999999999924, 1.0]	[8.609577764811676e-42, 0.0, 3.9291079096268815e-24, 7.632783294297951e-17, 0.0]
808783915355951105	[-7.182520243243838e-27, 0.0, 1.3844790575686502e-18, 0.019801980198019816, 1.0]	[8.609577764811676e-42, 0.0, 1.925929944387236e-34, 1.3877787807814457e-17, 0.0]
1453068880436400146	[0.0, 0.0, 0.0, 0.0, 0.0]	[0.0, 0.0, 0.0, 0.0, 0.0]
1581206457843912704	[-8.658057762365834e-118, 0.0, 4.278350852264733e-118, 0.0, 0.0]	[1.2327356400394468e-132, 0.0, 7.044203657368268e-133, 0.0, 0.0]
1566095531499208704	[-3.7005416915862684e-38, 0.0, 2.830362787374944, 0.5, 1.0]	[6.7863166467184655e-53, 0.0, 1.0658141036401503e-14, 0.0, 0.0]
303742383	[-2.134e-321, 0.0, 0.003264985360601277, 0.0, 0.0]	[0.0, 0.0, 1.3010426069826053e-17, 0.0, 0.0]
45546362	[-5.852696300936475e-134, 0.0, 5.689100552672343e-77, 0.0, 0.0]	[2.9327389089596205e-148, 0.0, 2.991478830415802e-91, 0.0, 0.0]
1588771753362214912	[-2.5887918557376012e-14, 0.0, 0.0007038114953281841, 0.0, 0.0]	[7.888609052210118e-29, 0.0, 2.6020852139652106e-18, 0.0, 0.0]
1529682349029326848	[-2.290268197288475e-96, 0.0, 80.03836660066733, 1.0, 6.5]	[8.732144203141715e-111, 0.0, 1.5631940186722204e-13, 0.0, 0.0]
1547891496770105344	[-1.4677691969541016e-25, 0.0, -1.2202441522498356e-25, 1.0, 1.5]	[4.821363548294539e-40, 0.0, 1.6071211827648462e-40, 0.0, 0.0]
2281732880	[-1.8147896874632397e-19, 0.0, -2.1280679363768047e-15, 0.3333333333333329, 2.0]	[4.333342374871281e-34, 0.0, 5.5220263365470826e-30, 3.885780586188048e-16, 0.0]
1145808668149125120	[-1.6139954852900235e-29, 0.0, -1.6139954852900235e-29, 0.12222222222222276, 0.4444444444444441]	[2.8531678811326114e-30, 0.0, 2.8531678811326114e-30, 0.03142696805273541, 0.07856742013183848]
4068912568	[0.0, 0.0, 0.0, 0.0, 0.0]	[0.0, 0.0, 0.0, 0.0, 0.0]
1514367527438233610	[-4.2740563782300725e-36, 0.0, 83.15460602969803, 1.0, 6.0]	[2.1382117680737565e-50, 0.0, 2.842170943040401e-14, 0.0, 0.0]
736016838052720640	[-3.6898450441455195e-48, 0.0, -0.005597755345598825, 0.5999999999999971, 1.5]	[6.077163357286271e-64, 0.0, 2.0816681711721685e-17, 2.886579864025407e-15, 0.0]
20775133	[-2.336408401390093e-160, 0.0, 3.653248488940857e-19, 0.0, 0.0]	[0.0, 0.0, 2.407412430484045e-34, 0.0, 0.0]
823220596687437824	[0.0, 0.0, 0.0, 0.0, 0.0]	[0.0, 0.0, 0.0, 0.0, 0.0]
1229891962414587904	[-1.3022614109185212e-126, -9.806876046480168e-307, -1.3022614109185212e-126, 0.9390575640575611, 11.607142857142861]	[7.211597141128769e-127, 0.0, 7.211597141128769e-127, 0.03223096080920106, 6.424965920129852]
816968928077500416	[-3.40875511000522e-292, 0.0, 3.7765759158833456e-28, 0.0, 0.0]	[0.0, 0.0, 1.793662034335766e-42, 0.0, 0.0]
825654804	[-1.4106364350913441e-249, -6.991075439860062e-307, 5.871118519240446e-214, 0.5999999999999971, 1.5]	[0.0, 0.0, 0.0, 2.886579864025407e-15, 0.0]
1516569565144272902	[0.0, 0.0, 0.0, 0.0, 0.0]	[0.0, 0.0, 0.0, 0.0, 0.0]
1546248279142301698	[-4.727642789862101e-42, 0.0, -4.727642789862101e-42, 0.4000000000000014, 2.0]	[1.1470261760153656e-56, 0.0, 1.1470261760153656e-56, 1.3877787807814457e-15, 0.0]
1586027737273184257	[0.0, 0.0, 0.0, 0.0, 0.0]	[0.0, 0.0, 0.0, 0.0, 0.0]
1139230884354285568	[1.7903367305059057e-40, 0.0, 4.270697022497545e-08, 0.0, 0.0]	[8.156630584998156e-55, 0.0, 6.617444900424222e-24, 0.0, 0.0]
1198361171989893120	[0.0, 0.0, 0.0, 0.0, 0.0]	[0.0, 0.0, 0.0, 0.0, 0.0]
1586022285345013760	[1.269964329103377e-41, 0.0, 0.0003329560695365951, 0.0, 0.0]	[4.33320999828027e-56, 0.0, 1.3010426069826053e-18, 0.0, 0.0]
398054082	[0.0, 0.0, 0.0, 0.0, 0.0]	[0.0, 0.0, 0.0, 0.0, 0.0]
1536682986371948547	[-5.729249035232994e-48, 0.0, 5.3003719057171706e-48, 0.0, 0.0]	[1.9446922743316068e-62, 0.0, 1.701605740040156e-62, 0.0, 0.0]
1604175610036862977	[0.0, 0.0, 1.0704367768593373e-16, 0.0, 0.0]	[0.0, 0.0, 4.683861624749758e-31, 0.0, 0.0]
1595948931149697025	[2.8737422588959096e-149, 0.0, 5.762925945260466e-111, 0.0, 0.0]	[0.0, 0.0, 2.3636425261531484e-125, 0.0, 0.0]
1565991010995474434	[0.0, 0.0, 0.0, 0.0, 0.0]	[0.0, 0.0, 0.0, 0.0, 0.0]
1512852649598599175	[0.0, 0.0, 0.0, 0.0, 0.0]	[0.0, 0.0, 0.0, 0.0, 0.0]
1586149818023518209	[1.5821368893663233e-15, 0.0, 1.5821368893663233e-15, 0.0, 0.0]	[8.085824278515371e-30, 0.0, 8.085824278515371e-30, 0.0, 0.0]
1589248003478528007	[-1.9368507857774066e-36, 0.0, -1.9368507857774066e-36, 0.0, 0.0]	[8.352389719038111e-51, 0.0, 8.352389719038111e-51, 0.0, 0.0]
1597567891657875456	[-3.727794377037936e-180, 0.0, -5.682328648323096e-20, 0.0, 0.0]	[0.0, 0.0, 8.425943506694157e-35, 0.0, 0.0]
1353501845981966336	[-3.658170053728076e-145, 0.0, 2.761564897338415e-27, 0.0, 0.0]	[1.920463559555107e-159, 0.0, 6.098450916741604e-42, 0.0, 0.0]
1503212289343868929	[0.5009953817771073, 0.0, 0.3113795316557979, 0.9455736224028942, 15.25]	[0.06589763118041615, 0.0, 0.04095681174025956, 0.0025249186737802435, 3.913118960624632]
122406464	[-5.985116269455364e-62, 0.0, -5.985116269455364e-62, 0.0, 0.0]	[3.454467422037778e-76, 0.0, 3.454467422037778e-76, 0.0, 0.0]
183347440	[0.23850569752314985, 0.0, 0.23850569752314985, 0.04888888888888886, 1.0]	[0.04216224901756175, 0.0, 0.04216224901756175, 0.021998877636914813, 0.0]
1520249272310059015	[-1.0615081422410934e-61, 0.0, -3.3213863164325766e-57, 0.0, 0.0]	[1.2090635977132222e-76, 0.0, 1.6979398272800086e-72, 0.0, 0.0]
997629108111724546	[-1.2975069507278245e-158, 0.0, 1.4219235362572203e-06, 0.0, 0.0]	[0.0, 0.0, 2.541098841762901e-21, 0.0, 0.0]
1518685617001013250	[0.0, 0.0, 0.0, 0.0, 0.0]	[0.0, 0.0, 0.0, 0.0, 0.0]
1511938112712151040	[0.0, 0.0, -0.0004888279357705033, 0.0, 0.0]	[0.0, 0.0, 2.2768245622195593e-18, 0.0, 0.0]
1368253253310443527	[-4.4885029603211466e-284, 0.0, -8.911198103648447e-117, 0.4000000000000014, 1.0]	[0.0, 0.0, 3.3812177555367685e-131, 1.3877787807814457e-15, 0.0]
1546125627081760769	[-3.0862129487783233e-158, 0.0, 0.0021806175105762494, 0.875, 3.5]	[0.0, 0.0, 1.734723475976807e-18, 0.0, 0.0]
20635049	[3.4902604709940405e-176, 0.0, 3.4902604709940405e-176, 0.0, 0.0]	[0.0, 0.0, 0.0, 0.0, 0.0]
1593237575124549634	[0.0, 0.0, 0.0, 0.0, 0.0]	[0.0, 0.0, 0.0, 0.0, 0.0]
879523106527653889	[4.577766243011075e-120, 0.0, 4.577766243011075e-120, 0.0, 0.0]	[7.567015647563569e-135, 0.0, 7.567015647563569e-135, 0.0, 0.0]
1595898631260844032	[4.865708892910372e-26, 0.0, 3.0241456554998742, 1.0, 1.0]	[8.035605913824231e-41, 0.0, 1.554312234475219e-14, 0.0, 0.0]
365004971	[0.0, 0.0, 0.0, 0.0, 0.0]	[0.0, 0.0, 0.0, 0.0, 0.0]
1596624149786644485	[-2.771187048119974e-62, 0.0, 0.009602684951579836, 0.0, 0.0]	[7.772551699585e-77, 0.0, 1.734723475976807e-18, 0.0, 0.0]
874160094	[0.0, 0.0, 0.0, 0.0, 0.0]	[0.0, 0.0, 0.0, 0.0, 0.0]
1343869159562686469	[0.0, 0.0, 9.041918872990515e-69, 0.0, 0.0]	[0.0, 0.0, 6.280020259150995e-83, 0.0, 0.0]
437210920	[0.0, 0.0, 0.0, 0.0, 0.0]	[0.0, 0.0, 0.0, 0.0, 0.0]
1562158895224741888	[-3.2691472032175466e-206, 0.0, 5.496235194621588e-36, 0.0, 0.0]	[0.0, 0.0, 1.9377544148168418e-50, 0.0, 0.0]
1596784198181863425	[0.0, 0.0, 0.0, 0.0, 0.0]	[0.0, 0.0, 0.0, 0.0, 0.0]
1583116574948466688	[-8.591889069414972e-39, 0.0, 3.652487126831008, 0.5, 0.5]	[2.871133965919351e-53, 0.0, 1.199040866595169e-14, 0.0, 0.0]
1586067079312166914	[-2.697992102448889e-136, 0.0, -2.6979921024488726e-136, 0.0, 0.0]	[7.637340908749012e-152, 0.0, 1.6420282953810375e-150, 0.0, 0.0]
881134810730827776	[0.0, 0.0, 0.0, 0.0, 0.0]	[0.0, 0.0, 0.0, 0.0, 0.0]
1606396329067945984	[0.0, 0.0, -0.0007982879732438622, 0.0, 0.0]	[0.0, 0.0, 2.3852447794681098e-18, 0.0, 0.0]
766054909389201408	[-1.0972529407551011e-22, 0.0, 73.76393689245175, 1.0, 8.0]	[3.291384182302405e-37, 0.0, 1.9895196601282805e-13, 0.0, 0.0]
2945495369	[0.0, 0.0, 0.0, 0.0, 0.0]	[0.0, 0.0, 0.0, 0.0, 0.0]
1464263722260910081	[0.0, 0.0, 0.0, 0.0, 0.0]	[0.0, 0.0, 0.0, 0.0, 0.0]
143288338	[0.084637860226851, 0.0, 0.05310581212495801, 0.014184397163120487, 2.0]	[1.8041124150158794e-16, 0.0, 1.734723475976807e-16, 7.979727989493313e-17, 0.0]
1162845798608117761	[-7.182520243243838e-27, 0.0, 4.098141439212488e-08, 0.019999999999999924, 1.0]	[8.609577764811676e-42, 0.0, 1.9852334701272664e-23, 7.632783294297951e-17, 0.0]
2953744109	[-1.9555887557122734e-14, 0.0, 5.392981850786016e-07, 0.0, 0.0]	[1.262177448353619e-29, 0.0, 1.5881867761018131e-21, 0.0, 0.0]
1585283153475866624	[0.0, 0.0, 0.0, 0.0, 0.0]	[0.0, 0.0, 0.0, 0.0, 0.0]
1601606563059453952	[0.0, 0.0, 0.0, 0.0, 0.0]	[0.0, 0.0, 0.0, 0.0, 0.0]
438821961	[0.0, 0.0, 0.0, 0.0, 0.0]	[0.0, 0.0, 0.0, 0.0, 0.0]
1598843895579922432	[-7.182520243243838e-27, 0.0, 1.3844790575686502e-18, 0.019999999999999924, 1.0]	[1.0044507392280289e-41, 0.0, 1.925929944387236e-34, 7.632783294297951e-17, 0.0]
1459336623229919235	[-0.022500177000249148, 0.0, -0.009366077144835356, 0.028985507246376892, 2.0]	[7.28583859910259e-17, 0.0, 3.8163916471489756e-17, 7.979727989493313e-17, 0.0]
1593060853854642183	[6.405252726691078e-131, 0.0, -2.878619465727967e-44, 1.0, 2.5]	[9.009373928323954e-146, 0.0, 3.982729777831131e-59, 0.0, 0.0]
2688511189	[0.0, 0.0, 0.0, 0.46153846153846334, 3.0]	[0.0, 0.0, 0.0, 1.7763568394002505e-15, 0.0]
1590583719194234880	[-3.538988680713269e-88, 0.0, 1.3012659051548226e-86, 0.2000000000000007, 1.0]	[4.464794497196387e-103, 0.0, 6.607895855850652e-101, 6.938893903907228e-16, 0.0]
1588704907149860864	[0.0, 0.0, 0.0, 0.0, 0.0]	[0.0, 0.0, 0.0, 0.0, 0.0]
1472252293282209800	[2.971395399300858e-18, 0.0, 100.27608640009201, 0.8571428571428596, 3.0]	[8.474091755303838e-33, 0.0, 0.0, 2.55351295663786e-15, 0.0]
16453377	[0.0, 0.0, 0.0, 0.0, 0.0]	[0.0, 0.0, 0.0, 0.0, 0.0]
1586144310042451968	[0.0, 0.0, 0.0, 0.0, 0.0]	[0.0, 0.0, 0.0, 0.0, 0.0]
1435705539099611136	[-0.02250198278788932, 0.0, -0.009368069906985169, 0.03597122302158266, 2.5]	[1.3183898417423734e-16, 0.0, 1.214306433183765e-17, 6.938893903907228e-17, 0.0]
821153004992757760	[1.3349026148393179e-251, 0.0, 114.27097819013208, 0.6666666666666659, 1.0]	[0.0, 0.0, 2.984279490192421e-13, 7.771561172376096e-16, 0.0]
1225439204	[3.2502209407800164e-32, 0.0, 3.2502209407800164e-32, 0.0, 0.0]	[2.1895288505075267e-47, 0.0, 2.1895288505075267e-47, 0.0, 0.0]
1586944032726474752	[-0.02250198278788932, 0.0, -0.009368212446414203, 0.036231884057970884, 2.5]	[1.3183898417423734e-16, 0.0, 1.5612511283791264e-17, 1.3183898417423734e-16, 0.0]
712020000203145220	[2.545477478518101e-76, 0.0, 86.61878800216358, 0.32912793271359, 1.3067729083665336]	[6.384838964907856e-77, 0.0, 40.593699721107306, 0.05622239817470672, 0.279050415431271]
1427330037456515080	[0.0, 0.0, 0.0, 0.0, 0.0]	[0.0, 0.0, 0.0, 0.0, 0.0]
3338767810	[2.0318706868330897e-271, 0.0, -3.520067425123534e-25, 0.20000000000000068, 0.5]	[0.0, 0.0, 1.1479437019748901e-39, 6.661338147750939e-16, 0.0]
1605382922348945408	[-9.848488557667762e-86, 0.0, -1.0839178974880257e-21, 0.0, 0.0]	[2.1431013586542656e-100, 0.0, 5.64237288394698e-37, 0.0, 0.0]
30884721	[0.0, 0.0, 0.0, 0.0, 0.0]	[0.0, 0.0, 0.0, 0.0, 0.0]
2800980736	[-8.234629838411192e-198, 0.0, -8.234629838411192e-198, 0.0, 0.0]	[0.0, 0.0, 0.0, 0.0, 0.0]
1586346520185544704	[-5.3292038731413303e-20, 0.0, -5.3292038731413303e-20, 0.0, 0.0]	[1.925929944387236e-34, 0.0, 1.925929944387236e-34, 0.0, 0.0]
166581878	[0.0, 0.0, 0.0, 0.0, 0.0]	[0.0, 0.0, 0.0, 0.0, 0.0]
1393029204384665601	[3.10340532852005e-131, 0.0, 3.49224044679316e-61, 0.5999999999999971, 1.5]	[6.006249285549303e-146, 0.0, 1.2436082719336e-75, 2.886579864025407e-15, 0.0]
1102929069417521153	[0.0, 0.0, 0.0, 0.0, 0.0]	[0.0, 0.0, 0.0, 0.0, 0.0]
1252733774837755924	[-7.182520243243838e-27, 0.0, 1.3844790575686502e-18, 0.019999999999999924, 1.0]	[8.609577764811676e-42, 0.0, 1.925929944387236e-34, 7.632783294297951e-17, 0.0]
