1520200806682832896	[-5.55118365364244e-09, -5.5511836531199096e-09, 1.7682824232598095e-05, 0.008042895442359251, 1.5]	[3.474158572722716e-23, 2.9778502051908996e-23, 2.0328790734103208e-20, 1.734723475976807e-18, 0.0]
1463879060933820416	[-4.95936066668217e-12, -4.9588922972242284e-12, 4.616361605511822e-13, 0.5925925925925926, 0.8888888888888882]	[5.826247061766028e-13, 5.827012727118343e-13, 1.8858791092938632e-12, 0.10475656017578476, 0.15713484026367697]
955069564055941120	[-2.624518168606021e-10, -2.62451816278113e-10, 9.852515056938007e-10, 0.07547169811320803, 4.0]	[1.0339757656912846e-25, 5.686866711302065e-25, 2.481541837659083e-24, 4.85722573273506e-16, 0.0]
1587961913954156545	[-1.2061329996239562e-10, -1.2061329996312595e-10, 1.1988826763400917e-09, 0.03960396039603963, 2.0]	[4.1359030627651384e-25, 4.3943970041879595e-25, 4.756288522179909e-24, 2.7755575615628914e-17, 0.0]
858012451366985730	[-1.2441970905669682e-10, -1.244197089461151e-10, 1.1332897723897816e-09, 0.049019607843137115, 2.5]	[2.8434333556510326e-25, 3.101927297073854e-25, 7.237830359838992e-24, 1.3877787807814457e-16, 0.0]
772588501934051328	[-4.580785296595343e-08, -4.580785296595343e-08, -3.4583932579834676e-08, 0.014598540145985486, 1.0]	[2.6469779601696886e-22, 2.6469779601696886e-22, 5.955700410381799e-23, 8.500145032286355e-17, 0.0]
1593636437378957315	[7.659055034570763e-12, 7.659055034570763e-12, 2.4646327222970476e-11, 0.0, 0.0]	[2.4233807008389483e-26, 2.4233807008389483e-26, 1.0339757656912846e-25, 0.0, 0.0]
1501738932400230400	[-1.2183797250527734e-10, -1.2183797208650573e-10, 8.290177782555883e-10, 0.019999999999999924, 1.0]	[5.945360652724886e-25, 3.618915179919496e-25, 0.0, 7.632783294297951e-17, 0.0]
808783915355951105	[-1.3077385133024688e-10, -1.307738513238418e-10, 1.1272006847736412e-09, 0.019801980198019816, 1.0]	[3.101927297073854e-25, 3.101927297073854e-25, 3.5155176033503676e-24, 1.3877787807814457e-17, 0.0]
1453068880436400146	[0.0, 0.0, -1.8035116817907984e-11, 0.0, 0.0]	[0.0, 0.0, 2.908056841006738e-26, 0.0, 0.0]
1581206457843912704	[9.3645881345163e-12, 9.3645881345163e-12, 1.2815790051480137e-11, 0.0, 0.0]	[5.331437541845686e-26, 5.331437541845686e-26, 5.492996255234949e-26, 0.0, 0.0]
1566095531499208704	[-1.9088149497513382e-10, -1.908814607592518e-10, 0.00015849875820244785, 0.5, 1.0]	[1.111523948118131e-24, 4.911384887033602e-25, 2.981555974335137e-19, 0.0, 0.0]
303742383	[-1.3756572348445435e-12, -1.3756572348445435e-12, 7.891686762550231e-09, 0.0, 0.0]	[1.0097419586828951e-27, 1.0097419586828951e-27, 3.3087224502121107e-23, 0.0, 0.0]
45546362	[-7.969061476744591e-12, -7.969061476744591e-12, 2.8367087019883855e-12, 0.0, 0.0]	[2.261821987449685e-26, 2.261821987449685e-26, 1.1309109937248425e-26, 0.0, 0.0]
1588771753362214912	[-7.662580728056094e-10, -7.662580728056094e-10, 4.137692855569511e-09, 0.0, 0.0]	[1.6543612251060553e-24, 1.6543612251060553e-24, 1.5716431638507526e-23, 0.0, 0.0]
1529682349029326848	[-4.186964411501396e-12, -4.186964411501396e-12, 0.49954254704358975, 1.0, 6.5]	[1.6155871338926322e-27, 1.6155871338926322e-27, 1.7763568394002505e-15, 0.0, 0.0]
1547891496770105344	[-2.1318203619397765e-10, -2.1318203619397765e-10, -9.934876252840006e-11, 1.0, 1.5]	[2.5849394142282115e-25, 2.5849394142282115e-25, 6.591595506281939e-25, 0.0, 0.0]
2281732880	[-2.532738590282822e-10, -2.532738590282822e-10, -1.8295293736944986e-10, 0.3333333333333329, 2.0]	[2.0679515313825692e-25, 2.0679515313825692e-25, 6.72084247699335e-25, 3.885780586188048e-16, 0.0]
1145808668149125120	[-1.435097399675821e-10, -1.4350963230727717e-10, -1.4224321134789636e-10, 0.12222222222222276, 0.4444444444444441]	[2.5151222832210138e-11, 2.515120380689214e-11, 2.4883643967342692e-11, 0.03142696805273541, 0.07856742013183848]
4068912568	[0.0, 0.0, 9.794713101355689e-10, 0.0, 0.0]	[0.0, 0.0, 6.203854594147708e-25, 0.0, 0.0]
1514367527438233610	[-2.2349216020721645e-11, -2.2349216020721645e-11, 0.49954254703653755, 1.0, 6.0]	[8.077935669463161e-26, 8.077935669463161e-26, 1.7208456881689926e-15, 0.0, 0.0]
736016838052720640	[-2.4505316516704572e-11, -2.4505184815176913e-11, -3.718242286774297e-09, 0.5999999999999971, 1.5]	[5.816113682013476e-26, 1.0985992510469899e-25, 9.098986738083304e-24, 2.886579864025407e-15, 0.0]
20775133	[-5.551262711045446e-12, -5.551262711045446e-12, 2.7543700107719177e-10, 0.0, 0.0]	[2.1002632740604218e-26, 2.1002632740604218e-26, 1.2924697071141057e-24, 0.0, 0.0]
823220596687437824	[0.0, 0.0, 2.728401923055383e-09, 0.0, 0.0]	[0.0, 0.0, 1.2821299494571929e-23, 0.0, 0.0]
1229891962414587904	[-7.0046360571380485e-12, -7.004585595582136e-12, -6.470690758283171e-12, 0.9390575640575611, 11.607142857142861]	[4.1423974356405605e-12, 4.142401769287475e-12, 4.97962644881536e-12, 0.03223096080920106, 6.424965920129852]
816968928077500416	[-1.6651342449494404e-12, -1.6651342449494404e-12, 1.3876945934214153e-10, 0.0, 0.0]	[6.26040014383395e-27, 6.26040014383395e-27, 1.2924697071141057e-25, 0.0, 0.0]
825654804	[-3.3967772731410602e-12, -3.3967590834543877e-12, 3.214864931037916e-12, 0.5999999999999971, 1.5]	[1.0097419586828951e-26, 1.4944180988506848e-26, 1.6155871338926322e-26, 2.886579864025407e-15, 0.0]
1516569565144272902	[0.0, 0.0, 4.250443876211782e-13, 0.0, 0.0]	[0.0, 0.0, 8.582806648804608e-28, 0.0, 0.0]
1546248279142301698	[-1.0527674142368098e-10, -1.0527671963994422e-10, -1.4117361012714975e-10, 0.4000000000000014, 2.0]	[4.652890945610781e-25, 3.877409121342317e-25, 4.1359030627651384e-25, 1.3877787807814457e-15, 0.0]
1586027737273184257	[0.0, 0.0, 3.450324143002962e-11, 0.0, 0.0]	[0.0, 0.0, 6.462348535570529e-27, 0.0, 0.0]
1139230884354285568	[8.95395700286134e-11, 8.95395700286134e-11, 2.1146909091594116e-09, 0.0, 0.0]	[2.8434333556510326e-25, 2.8434333556510326e-25, 6.617444900424222e-24, 0.0, 0.0]
1198361171989893120	[3.133003134152613e-16, 3.133003134152613e-16, 5.313423979460806e-13, 0.0, 0.0]	[1.4791141972893971e-31, 1.4791141972893971e-31, 2.2214323091023692e-27, 0.0, 0.0]
1586022285345013760	[8.457834483589029e-11, 8.457834483589029e-11, 3.99848301587887e-09, 0.0, 0.0]	[4.3943970041879595e-25, 4.3943970041879595e-25, 1.075334796318936e-23, 0.0, 0.0]
398054082	[-3.3118128473219707e-12, -3.3118128473219707e-12, -3.838724426789545e-12, 0.0, 0.0]	[1.0501316370302109e-26, 1.0501316370302109e-26, 8.077935669463161e-27, 0.0, 0.0]
1536682986371948547	[-8.769302888329051e-11, -8.769302888329051e-11, 3.039952453883096e-12, 0.0, 0.0]	[3.7481621506309067e-25, 3.7481621506309067e-25, 0.0, 0.0, 0.0]
1604175610036862977	[0.0, 0.0, 3.782808798853243e-10, 0.0, 0.0]	[0.0, 0.0, 1.4992648602523627e-24, 0.0, 0.0]
1595948931149697025	[6.421585046694135e-12, 6.421585046694135e-12, 1.4560333352188742e-11, 0.0, 0.0]	[1.454028420503369e-26, 1.454028420503369e-26, 9.693522803355793e-27, 0.0, 0.0]
1565991010995474434	[0.0, 0.0, 4.189946515657626e-12, 0.0, 0.0]	[0.0, 0.0, 1.6155871338926322e-27, 0.0, 0.0]
1512852649598599175	[0.0, 0.0, -4.3735332951213117e-11, 0.0, 0.0]	[0.0, 0.0, 7.108583389127582e-26, 0.0, 0.0]
1586149818023518209	[6.457275974526653e-10, 6.457275974526653e-10, 6.703074765708545e-10, 0.0, 0.0]	[3.101927297073854e-25, 3.101927297073854e-25, 1.9645539548134407e-24, 0.0, 0.0]
1589248003478528007	[-1.057588765100181e-10, -1.057588765100181e-10, -1.0373278405145873e-10, 0.0, 0.0]	[1.4217166778255163e-25, 1.4217166778255163e-25, 5.428372769879244e-25, 0.0, 0.0]
1597567891657875456	[-6.194613106161227e-12, -6.194613106161227e-12, -2.462632148251334e-10, 0.0, 0.0]	[1.5348077771980006e-26, 1.5348077771980006e-26, 6.203854594147708e-25, 0.0, 0.0]
1353501845981966336	[-1.3490904850573022e-11, -1.3490904850573022e-11, 4.815327141751212e-11, 0.0, 0.0]	[6.785465962349055e-26, 6.785465962349055e-26, 6.462348535570529e-26, 0.0, 0.0]
1503212289343868929	[5.875263075217669e-07, 5.875263070605996e-07, 5.030127046584998e-07, 0.9455736224028942, 15.25]	[7.727935559450118e-08, 7.72793555341587e-08, 6.615860721201589e-08, 0.0025249186737802435, 3.913118960624632]
122406464	[-4.2381938525853735e-11, -4.2381938525853735e-11, -2.3128728640186452e-11, 0.0, 0.0]	[8.401053096241687e-26, 8.401053096241687e-26, 5.492996255234949e-26, 0.0, 0.0]
183347440	[2.9609081625415287e-07, 2.9609081625411533e-07, 2.960908904829829e-07, 0.04888888888888886, 1.0]	[5.2323297190282726e-08, 5.232329719028733e-08, 5.2323284286771715e-08, 0.021998877636914813, 0.0]
1520249272310059015	[-3.80483937781477e-11, -3.80483937781477e-11, -6.048189868737184e-11, 0.0, 0.0]	[7.754818242684634e-26, 7.754818242684634e-26, 9.04728794979874e-26, 0.0, 0.0]
997629108111724546	[-5.6746169273310436e-12, -5.6746169273310436e-12, 1.412870316923194e-09, 0.0, 0.0]	[3.069615554396001e-26, 3.069615554396001e-26, 4.1359030627651384e-24, 0.0, 0.0]
1518685617001013250	[0.0, 0.0, 1.3614295805835813e-10, 0.0, 0.0]	[0.0, 0.0, 2.5849394142282115e-26, 0.0, 0.0]
1511938112712151040	[2.4121549651561323e-12, 2.4121549651561323e-12, -4.297978325325219e-09, 0.0, 0.0]	[0.0, 0.0, 9.926167350636332e-24, 0.0, 0.0]
1368253253310443527	[-5.379012007696329e-13, -5.379012007696329e-13, -2.995342278546243e-12, 0.4000000000000014, 1.0]	[3.4331226595218434e-27, 3.4331226595218434e-27, 7.674038885990003e-27, 1.3877787807814457e-15, 0.0]
1546125627081760769	[-1.0453838109055438e-11, -1.0453838109055438e-11, 4.228176043224007e-09, 0.875, 3.5]	[1.9387045606711586e-26, 1.9387045606711586e-26, 9.098986738083304e-24, 0.0, 0.0]
20635049	[7.129731082687433e-12, 7.129731082687433e-12, -6.362428080037646e-13, 0.0, 0.0]	[2.8272774843121063e-26, 2.8272774843121063e-26, 1.6155871338926322e-27, 0.0, 0.0]
1593237575124549634	[0.0, 0.0, -6.049430345850971e-12, 0.0, 0.0]	[0.0, 0.0, 2.0194839173657902e-26, 0.0, 0.0]
879523106527653889	[1.1699757636469863e-11, 1.1699757636469863e-11, 1.1699757636469863e-11, 0.0, 0.0]	[5.977672395402739e-26, 5.977672395402739e-26, 5.977672395402739e-26, 0.0, 0.0]
1595898631260844032	[1.0836043204632513e-10, 1.0836043204632513e-10, 0.0001586868767210251, 1.0, 1.0]	[5.686866711302065e-25, 5.686866711302065e-25, 5.421010862427522e-20, 0.0, 0.0]
365004971	[0.0, 0.0, 1.5128190459599506e-12, 0.0, 0.0]	[0.0, 0.0, 7.674038885990003e-27, 0.0, 0.0]
1596624149786644485	[-7.100978209675052e-11, -7.100978209675052e-11, 1.0042847618701513e-08, 0.0, 0.0]	[1.9387045606711586e-25, 1.9387045606711586e-25, 3.143286327701505e-23, 0.0, 0.0]
874160094	[0.0, 0.0, 1.523914459045281e-11, 0.0, 0.0]	[0.0, 0.0, 1.9387045606711586e-26, 0.0, 0.0]
1343869159562686469	[-5.746819221019859e-13, -5.746819221019859e-13, 2.0666588700333703e-11, 0.0, 0.0]	[5.048709793414476e-28, 5.048709793414476e-28, 1.0339757656912846e-25, 0.0, 0.0]
437210920	[0.0, 0.0, 3.027218422284586e-11, 0.0, 0.0]	[0.0, 0.0, 0.0, 0.0, 0.0]
1562158895224741888	[-1.0491505667065845e-12, -1.0491505667065845e-12, 2.9557772317659404e-11, 0.0, 0.0]	[4.0389678347315804e-28, 4.0389678347315804e-28, 0.0, 0.0, 0.0]
1596784198181863425	[0.0, 0.0, -1.6170508297703996e-10, 0.0, 0.0]	[0.0, 0.0, 2.0679515313825692e-25, 0.0, 0.0]
1583116574948466688	[-3.254102383313896e-11, -3.254102383313896e-11, 0.0001584989088558613, 0.5, 0.5]	[6.462348535570529e-26, 6.462348535570529e-26, 6.2341624917916505e-19, 0.0, 0.0]
1586067079312166914	[-1.5270411028748075e-11, -1.5270411028748075e-11, -3.4448497910301206e-12, 0.0, 0.0]	[3.877409121342317e-26, 3.877409121342317e-26, 1.0905213153775267e-26, 0.0, 0.0]
881134810730827776	[0.0, 0.0, 1.1802531636777142e-10, 0.0, 0.0]	[0.0, 0.0, 7.754818242684634e-26, 0.0, 0.0]
1606396329067945984	[0.0, 0.0, -4.833854908824579e-09, 0.0, 0.0]	[0.0, 0.0, 3.226004388956808e-23, 0.0, 0.0]
766054909389201408	[-2.171956896997355e-11, -2.171956896997355e-11, 0.4995425470209539, 1.0, 8.0]	[1.9387045606711586e-26, 1.9387045606711586e-26, 1.6653345369377348e-15, 0.0, 0.0]
2945495369	[0.0, 0.0, -7.236633003192072e-12, 0.0, 0.0]	[0.0, 0.0, 8.077935669463161e-28, 0.0, 0.0]
1464263722260910081	[0.0, 0.0, -2.830511595474953e-10, 0.0, 0.0]	[0.0, 0.0, 6.72084247699335e-25, 0.0, 0.0]
143288338	[9.21146525481012e-08, 9.211465254850431e-08, -1.7488395047003684e-05, 0.014184397163120487, 2.0]	[1.0587911840678754e-22, 3.3087224502121107e-22, 1.3552527156068805e-20, 7.979727989493313e-17, 0.0]
1162845798608117761	[-1.292739284865281e-10, -1.2927392848212434e-10, 1.6113114482286913e-09, 0.019999999999999924, 1.0]	[2.0679515313825692e-25, 6.203854594147708e-25, 7.651420666115506e-24, 7.632783294297951e-17, 0.0]
2953744109	[-7.539503788365054e-10, -7.539503788365054e-10, 8.869717479194507e-10, 0.0, 0.0]	[3.825710333057753e-24, 3.825710333057753e-24, 3.2053248736429822e-24, 0.0, 0.0]
1585283153475866624	[0.0, 0.0, -7.365043310746648e-09, 0.0, 0.0]	[0.0, 0.0, 4.3840572465310467e-23, 0.0, 0.0]
1601606563059453952	[0.0, 0.0, 6.951665215112728e-11, 0.0, 0.0]	[0.0, 0.0, 9.04728794979874e-26, 0.0, 0.0]
438821961	[0.0, 0.0, -7.403761722209918e-13, 0.0, 0.0]	[0.0, 0.0, 3.0292258760486853e-27, 0.0, 0.0]
1598843895579922432	[-8.08084306960981e-11, -8.080842996856689e-11, 1.1821134267741324e-09, 0.019999999999999924, 1.0]	[5.040631857745012e-25, 5.169878828456423e-26, 8.271806125530277e-25, 7.632783294297951e-17, 0.0]
1459336623229919235	[-4.280714475485181e-08, -4.280714822274699e-08, -3.105559521329685e-08, 0.028985507246376892, 2.0]	[8.602678370551488e-23, 1.4558378780933287e-22, 4.632211430296955e-23, 7.979727989493313e-17, 0.0]
1593060853854642183	[5.625408485610553e-12, 5.625408485610553e-12, -8.168742408304016e-12, 1.0, 2.5]	[1.6155871338926322e-26, 1.6155871338926322e-26, 1.2924697071141057e-26, 0.0, 0.0]
2688511189	[1.708584044299809e-13, 1.708584044299809e-13, 2.5860359476125666e-13, 0.46153846153846334, 3.0]	[2.7767903863779616e-28, 2.7767903863779616e-28, 9.592548607487504e-28, 1.7763568394002505e-15, 0.0]
1590583719194234880	[-9.754282812107091e-12, -9.75428294025545e-12, -3.950920998186999e-12, 0.2000000000000007, 1.0]	[4.2005265481208437e-26, 2.7464981276174747e-26, 4.0389678347315804e-27, 6.938893903907228e-16, 0.0]
1588704907149860864	[0.0, 0.0, 3.4131147535903788e-12, 0.0, 0.0]	[0.0, 0.0, 1.4136387421560532e-26, 0.0, 0.0]
1472252293282209800	[1.4420026020022723e-10, 1.4420026020022723e-10, 0.49954254726978237, 0.8571428571428596, 3.0]	[3.877409121342317e-25, 3.877409121342317e-25, 1.887379141862766e-15, 2.55351295663786e-15, 0.0]
16453377	[0.0, 0.0, 1.943913730399934e-11, 0.0, 0.0]	[0.0, 0.0, 2.5849394142282115e-26, 0.0, 0.0]
1586144310042451968	[0.0, 0.0, 3.059200476992168e-12, 0.0, 0.0]	[0.0, 0.0, 6.058451752097371e-27, 0.0, 0.0]
1435705539099611136	[-4.580760305396298e-08, -4.580760305094585e-08, -3.4031651280989596e-08, 0.03597122302158266, 2.5]	[3.970466940254533e-23, 0.0, 0.0, 6.938893903907228e-17, 0.0]
821153004992757760	[4.3133743932542897e-13, 4.3133743932615286e-13, 0.49954254704712747, 0.6666666666666659, 1.0]	[1.4136387421560532e-27, 1.8175355256292112e-27, 3.3306690738754696e-16, 7.771561172376096e-16, 0.0]
1225439204	[1.426695657967672e-10, 1.426695657967672e-10, 1.2120278968914046e-10, 0.0, 0.0]	[2.5849394142282115e-25, 2.5849394142282115e-25, 4.911384887033602e-25, 0.0, 0.0]
1586944032726474752	[-4.580744826380456e-08, -4.580744826381769e-08, -3.4581331736871866e-08, 0.036231884057970884, 2.5]	[6.617444900424221e-23, 7.279189390466644e-23, 0.0, 1.3183898417423734e-16, 0.0]
712020000203145220	[3.33925901153033e-11, 3.338731757256515e-11, 0.3900810327760137, 0.32912793271359, 1.3067729083665336]	[5.0741625892620136e-12, 5.079583966243279e-12, 0.18281059659147075, 0.05622239817470672, 0.279050415431271]
1427330037456515080	[0.0, 0.0, -7.09561935728282e-13, 0.0, 0.0]	[0.0, 0.0, 5.048709793414476e-28, 0.0, 0.0]
3338767810	[3.842231838485781e-12, 3.8422317152717676e-12, -3.6668473604629955e-11, 0.20000000000000068, 0.5]	[1.2924697071141057e-26, 8.885729236409477e-27, 5.169878828456423e-26, 6.661338147750939e-16, 0.0]
1605382922348945408	[-1.9575914712754733e-11, -1.9575914712754733e-11, -1.8456313673963777e-10, 0.0, 0.0]	[1.0662875083691372e-25, 1.0662875083691372e-25, 8.530300066953098e-25, 0.0, 0.0]
30884721	[0.0, 0.0, 1.1679070929112903e-09, 0.0, 0.0]	[0.0, 0.0, 2.274746684520826e-24, 0.0, 0.0]
2800980736	[-2.332742867679701e-12, -2.332742867679701e-12, -3.0400280241746264e-12, 0.0, 0.0]	[1.4136387421560532e-26, 1.4136387421560532e-26, 6.058451752097371e-27, 0.0, 0.0]
1586346520185544704	[-1.3484302407799282e-09, -1.3484302407799282e-09, -1.3690695280927214e-09, 0.0, 0.0]	[8.68539643180679e-24, 8.68539643180679e-24, 5.790264287871194e-24, 0.0, 0.0]
166581878	[-3.957558039792513e-13, -3.957558039792513e-13, -5.350269799122741e-13, 0.0, 0.0]	[9.087677628146056e-28, 9.087677628146056e-28, 4.0389678347315804e-28, 0.0, 0.0]
1393029204384665601	[3.033716121031202e-12, 3.0337161211190583e-12, 8.37249212078595e-12, 0.5999999999999971, 1.5]	[1.6963664905872638e-26, 5.2506581851510546e-27, 3.2311742677852644e-27, 2.886579864025407e-15, 0.0]
1102929069417521153	[0.0, 0.0, -5.905615014546706e-10, 0.0, 0.0]	[0.0, 0.0, 3.101927297073854e-25, 0.0, 0.0]
1252733774837755924	[-1.229641325450546e-10, -1.2296413255078107e-10, 1.1340363733277483e-09, 0.019999999999999924, 1.0]	[1.2924697071141057e-25, 6.72084247699335e-25, 5.169878828456423e-24, 7.632783294297951e-17, 0.0]
