1520200806682832896	[-4.724133974700261e-06, -4.724133974700261e-06, -0.35861810568472635, 0.008042895442359251, 1.5]	[5.929230630780102e-21, 5.929230630780102e-21, 7.771561172376096e-16, 1.734723475976807e-18, 0.0]
1463879060933820416	[2.96252979465036e-278, 2.96252979465036e-278, 2.96252979465036e-278, 0.5925925925925926, 0.8888888888888882]	[0.0, 0.0, 0.0, 0.10475656017578476, 0.15713484026367697]
955069564055941120	[-8.26809159293951e-40, -8.26809159293743e-40, 3.7539403479875386e-36, 0.07547169811320803, 4.0]	[3.4257848456992254e-54, 1.9575913403995574e-54, 9.354676485322685e-51, 4.85722573273506e-16, 0.0]
1587961913954156545	[-3.095315822676433e-52, -3.095315822676433e-52, 3.7551809957861386e-36, 0.03960396039603963, 2.0]	[1.0756697836993522e-66, 1.0756697836993522e-66, 2.0045735325691467e-51, 2.7755575615628914e-17, 0.0]
858012451366985730	[-3.095315822676433e-52, -3.095315822676433e-52, 3.7551805617264716e-36, 0.049019607843137115, 2.5]	[1.0756697836993522e-66, 1.0756697836993522e-66, 1.3363823550460978e-51, 1.3877787807814457e-16, 0.0]
772588501934051328	[-0.0014382793761071873, -0.0014382793761071873, 0.003315244840599941, 0.014598540145985486, 1.0]	[2.168404344971009e-18, 2.168404344971009e-18, 1.7780915628762273e-17, 8.500145032286355e-17, 0.0]
1593636437378957315	[4.705620206976186e-272, 4.705620206976186e-272, 1.79506453384611e-118, 0.0, 0.0]	[0.0, 0.0, 3.9623645572696506e-133, 0.0, 0.0]
1501738932400230400	[-3.095315822676433e-52, -3.095315822676433e-52, -1.641129120969733e-18, 0.019999999999999924, 1.0]	[1.0756697836993522e-66, 1.0756697836993522e-66, 7.125940794232773e-33, 7.632783294297951e-17, 0.0]
808783915355951105	[-3.095315822676433e-52, -3.095315822676433e-52, 3.7551805617264716e-36, 0.019801980198019816, 1.0]	[1.0756697836993522e-66, 1.0756697836993522e-66, 1.3363823550460978e-51, 1.3877787807814457e-17, 0.0]
1453068880436400146	[0.0, 0.0, -4.3151695816254345e-125, 0.0, 0.0]	[0.0, 0.0, 1.9943694694339795e-139, 0.0, 0.0]
1581206457843912704	[-2.2830459091701746e-234, -2.2830459091701746e-234, 9.15839556437209e-235, 0.0, 0.0]	[0.0, 0.0, 0.0, 0.0, 0.0]
1566095531499208704	[-1.3818920263988254e-74, -1.268587027542603e-74, 2.5085907641133525, 0.5, 1.0]	[6.087275896969181e-89, 4.5163659880739084e-89, 1.554312234475219e-14, 0.0, 0.0]
303742383	[0.0, 0.0, 1.0660129404940757e-05, 0.0, 0.0]	[0.0, 0.0, 2.371692252312041e-20, 0.0, 0.0]
45546362	[-1.027621619729856e-266, -1.027621619729856e-266, 3.236586509841652e-153, 0.0, 0.0]	[0.0, 0.0, 0.0, 0.0, 0.0]
1588771753362214912	[-2.0105529816999886e-27, -2.0105529816999886e-27, 4.953506209351727e-07, 0.0, 0.0]	[7.174648137343064e-43, 7.174648137343064e-43, 2.117582368135751e-22, 0.0, 0.0]
1529682349029326848	[-5.2453284155109554e-192, -5.2453284155109554e-192, 36.46835565443127, 1.0, 6.5]	[0.0, 0.0, 1.7053025658242404e-13, 0.0, 0.0]
1547891496770105344	[-9.33818254308729e-51, -9.33818254308729e-51, -7.085252553931716e-51, 1.0, 1.5]	[4.154310888769912e-65, 4.154310888769912e-65, 1.1869459682199748e-66, 0.0, 0.0]
2281732880	[-1.9760769658337404e-37, -1.9760769658337404e-37, -9.055801631165567e-30, 0.3333333333333329, 2.0]	[4.176194859519056e-52, 4.176194859519056e-52, 1.5414283107572988e-44, 3.885780586188048e-16, 0.0]
1145808668149125120	[-2.2668878330972365e-58, -1.7601936477004832e-58, -2.2668878330972365e-58, 0.12222222222222276, 0.4444444444444441]	[4.007329397430842e-59, 3.1116121612262365e-59, 4.007329397430842e-59, 0.03142696805273541, 0.07856742013183848]
4068912568	[0.0, 0.0, 2.5198296547488224e-14, 0.0, 0.0]	[0.0, 0.0, 1.072850831100576e-28, 0.0, 0.0]
1514367527438233610	[-1.8267557924289463e-71, -1.8267557924289463e-71, 36.46835565443127, 1.0, 6.0]	[1.1662435163638503e-85, 1.1662435163638503e-85, 1.7053025658242404e-13, 0.0, 0.0]
736016838052720640	[-1.3614956449805277e-95, -1.3614956449805277e-95, -1.9489209275429003e-05, 0.5999999999999971, 1.5]	[3.326531125006368e-110, 3.326531125006368e-110, 4.0657581468206416e-20, 2.886579864025407e-15, 0.0]
20775133	[-1.6377e-319, -1.6377e-319, 1.3346224472163098e-37, 0.0, 0.0]	[0.0, 0.0, 4.176194859519056e-53, 0.0, 0.0]
823220596687437824	[0.0, 0.0, 4.895252397425341e-09, 0.0, 0.0]	[0.0, 0.0, 3.308722450212111e-24, 0.0, 0.0]
1229891962414587904	[-1.424543217188704e-251, -1.424543217188704e-251, -1.424543217188704e-251, 0.9390575640575611, 11.607142857142861]	[0.0, 0.0, 0.0, 0.03223096080920106, 6.424965920129852]
816968928077500416	[0.0, 0.0, 1.0531935827701392e-55, 0.0, 0.0]	[0.0, 0.0, 3.9844987946837534e-70, 0.0, 0.0]
825654804	[0.0, 0.0, 0.0, 0.5999999999999971, 1.5]	[0.0, 0.0, 0.0, 2.886579864025407e-15, 0.0]
1516569565144272902	[0.0, 0.0, 0.0, 0.0, 0.0]	[0.0, 0.0, 0.0, 0.0, 0.0]
1546248279142301698	[-1.341036380912102e-82, -1.341036380912102e-82, -1.341036380912102e-82, 0.4000000000000014, 2.0]	[3.511257266019149e-97, 3.511257266019149e-97, 3.511257266019149e-97, 1.3877787807814457e-15, 0.0]
1586027737273184257	[0.0, 0.0, 9.412627704164563e-77, 0.0, 0.0]	[0.0, 0.0, 3.528410928182741e-91, 0.0, 0.0]
1139230884354285568	[9.615916825795665e-80, 9.615916825795665e-80, 1.2161244402179941e-15, 0.0, 0.0]	[2.3970182936024055e-94, 2.3970182936024055e-94, 1.9721522630525295e-31, 0.0, 0.0]
1198361171989893120	[0.0, 0.0, 0.0, 0.0, 0.0]	[0.0, 0.0, 0.0, 0.0, 0.0]
1586022285345013760	[4.838428191585011e-82, 4.838428191585011e-82, 1.1085974424125834e-07, 0.0, 0.0]	[8.192933620711347e-97, 8.192933620711347e-97, 4.764560328305439e-22, 0.0, 0.0]
398054082	[0.0, 0.0, 0.0, 0.0, 0.0]	[0.0, 0.0, 0.0, 0.0, 0.0]
1536682986371948547	[-9.84728835231547e-95, -9.84728835231547e-95, 8.882824291863384e-95, 0.0, 0.0]	[5.455511045010443e-109, 5.455511045010443e-109, 2.26204116500433e-109, 0.0, 0.0]
1604175610036862977	[0.0, 0.0, 8.40242927085653e-33, 0.0, 0.0]	[0.0, 0.0, 1.0947644252537633e-47, 0.0, 0.0]
1595948931149697025	[3.480456896891458e-297, 3.480456896891458e-297, 3.3211315450555774e-221, 0.0, 0.0]	[0.0, 0.0, 0.0, 0.0, 0.0]
1565991010995474434	[0.0, 0.0, 3.13344834925e-313, 0.0, 0.0]	[0.0, 0.0, 0.0, 0.0, 0.0]
1512852649598599175	[0.0, 0.0, -3.4016297319398886e-50, 0.0, 0.0]	[0.0, 0.0, 2.8486703237279396e-65, 0.0, 0.0]
1586149818023518209	[7.509471410081193e-30, 7.509471410081193e-30, 7.509471410081193e-30, 0.0, 0.0]	[3.363116314379561e-44, 3.363116314379561e-44, 3.363116314379561e-44, 0.0, 0.0]
1589248003478528007	[-1.1254172899099585e-71, -1.1254172899099585e-71, -1.1254172899099585e-71, 0.0, 0.0]	[1.0053823416929744e-86, 1.0053823416929744e-86, 1.0053823416929744e-86, 0.0, 0.0]
1597567891657875456	[0.0, 0.0, -2.8823614325026407e-39, 0.0, 0.0]	[0.0, 0.0, 3.5889174573991885e-54, 0.0, 0.0]
1353501845981966336	[-1.485904090985889e-289, -1.485904090985889e-289, 7.626240682211731e-54, 0.0, 0.0]	[0.0, 0.0, 3.3614680740604756e-68, 0.0, 0.0]
1503212289343868929	[0.2657608555564871, 0.2657608555564871, 0.1541393745768499, 0.9455736224028942, 15.25]	[0.03495643169310629, 0.034956431693106325, 0.020274477621361187, 0.0025249186737802435, 3.913118960624632]
122406464	[-1.0746485027669972e-122, -1.0746485027669972e-122, -1.0746485027669972e-122, 0.0, 0.0]	[6.180446018961722e-137, 6.180446018961722e-137, 6.180446018961722e-137, 0.0, 0.0]
183347440	[0.15935108615710492, 0.15935108615710492, 0.15935108615710492, 0.04888888888888886, 1.0]	[0.028169558402782683, 0.028169558402782683, 0.028169558402782683, 0.021998877636914813, 0.0]
1520249272310059015	[-3.3803986081324114e-122, -3.3803986081324114e-122, -1.1030901949797909e-113, 0.0, 0.0]	[8.598881417685874e-137, 8.598881417685874e-137, 3.0295711089609446e-128, 0.0, 0.0]
997629108111724546	[-5.05057287e-316, -5.05057287e-316, 2.0218665429622332e-12, 0.0, 0.0]	[0.0, 0.0, 1.2924697071141057e-26, 0.0, 0.0]
1518685617001013250	[0.0, 0.0, 6.611553353387449e-39, 0.0, 0.0]	[0.0, 0.0, 1.6965791616796164e-53, 0.0, 0.0]
1511938112712151040	[0.0, 0.0, -2.38952750789653e-07, 0.0, 0.0]	[0.0, 0.0, 6.352747104407253e-22, 0.0, 0.0]
1368253253310443527	[0.0, 0.0, -1.5881890328493353e-232, 0.4000000000000014, 1.0]	[0.0, 0.0, 0.0, 1.3877787807814457e-15, 0.0]
1546125627081760769	[-9.5247092e-316, -9.5247092e-316, 9.51018545486356e-06, 0.875, 3.5]	[0.0, 0.0, 5.929230630780102e-20, 0.0, 0.0]
20635049	[0.0, 0.0, 0.0, 0.0, 0.0]	[0.0, 0.0, 0.0, 0.0, 0.0]
1593237575124549634	[0.0, 0.0, -1.458739173625239e-202, 0.0, 0.0]	[0.0, 0.0, 0.0, 0.0, 0.0]
879523106527653889	[6.286783132695524e-239, 6.286783132695524e-239, 6.286783132695524e-239, 0.0, 0.0]	[0.0, 0.0, 0.0, 0.0, 0.0]
1595898631260844032	[2.3675123030256062e-51, 2.3675123030256062e-51, 2.608011508152985, 1.0, 1.0]	[1.127598669808976e-65, 1.127598669808976e-65, 2.6645352591003757e-15, 0.0, 0.0]
365004971	[0.0, 0.0, 0.0, 0.0, 0.0]	[0.0, 0.0, 0.0, 0.0, 0.0]
1596624149786644485	[-2.30384329670037e-123, -2.30384329670037e-123, 9.225075504339443e-05, 0.0, 0.0]	[1.444343363126924e-137, 1.444343363126924e-137, 1.2197274440461925e-19, 0.0, 0.0]
874160094	[0.0, 0.0, 1.0284480331321679e-171, 0.0, 0.0]	[0.0, 0.0, 0.0, 0.0, 0.0]
1343869159562686469	[0.0, 0.0, 8.175629690552738e-137, 0.0, 0.0]	[0.0, 0.0, 3.24586988621833e-151, 0.0, 0.0]
437210920	[0.0, 0.0, 1.1408107307298952e-294, 0.0, 0.0]	[0.0, 0.0, 0.0, 0.0, 0.0]
1562158895224741888	[0.0, 0.0, 3.0208601314596635e-71, 0.0, 0.0]	[0.0, 0.0, 1.56839645304104e-85, 0.0, 0.0]
1596784198181863425	[0.0, 0.0, -1.9278467774461404e-40, 0.0, 0.0]	[0.0, 0.0, 2.4469891754994467e-55, 0.0, 0.0]
1583116574948466688	[-7.382055778113332e-77, -7.382055778113332e-77, 2.5085907641133525, 0.5, 0.5]	[3.528410928182741e-91, 3.528410928182741e-91, 1.554312234475219e-14, 0.0, 0.0]
1586067079312166914	[-1.4454749378391302e-271, -1.4454749378391302e-271, -1.4454749378391302e-271, 0.0, 0.0]	[0.0, 0.0, 0.0, 0.0, 0.0]
881134810730827776	[0.0, 0.0, 2.8834538029011513e-41, 0.0, 0.0]	[0.0, 0.0, 6.6272623503110015e-56, 0.0, 0.0]
1606396329067945984	[0.0, 0.0, -6.373161428567503e-07, 0.0, 0.0]	[0.0, 0.0, 3.0704944337968387e-21, 0.0, 0.0]
766054909389201408	[3.2874686387379355e-42, 3.2874686387379355e-42, 36.46835565443127, 1.0, 8.0]	[2.5489470578119236e-57, 2.5489470578119236e-57, 1.7053025658242404e-13, 0.0, 0.0]
2945495369	[0.0, 0.0, -8.309783086466393e-199, 0.0, 0.0]	[0.0, 0.0, 0.0, 0.0, 0.0]
1464263722260910081	[0.0, 0.0, -3.742327998290916e-45, 0.0, 0.0]	[0.0, 0.0, 1.1201427500150055e-59, 0.0, 0.0]
143288338	[0.0261409109951336, 0.0261409109951336, 0.028336875388650165, 0.014184397163120487, 2.0]	[1.0408340855860843e-16, 1.0755285551056204e-16, 1.457167719820518e-16, 7.979727989493313e-17, 0.0]
1162845798608117761	[-3.095315822676433e-52, -3.095315822676433e-52, 3.3589526509311767e-15, 0.019999999999999924, 1.0]	[1.0756697836993522e-66, 1.0756697836993522e-66, 1.1832913578315177e-29, 7.632783294297951e-17, 0.0]
2953744109	[-1.1472982144404802e-27, -1.1472982144404802e-27, 2.9084090368343256e-13, 0.0, 0.0]	[1.4349296274686127e-42, 1.4349296274686127e-42, 0.0, 0.0, 0.0]
1585283153475866624	[0.0, 0.0, -3.8978418550858e-05, 0.0, 0.0]	[0.0, 0.0, 8.809142651444724e-20, 0.0, 0.0]
1601606563059453952	[0.0, 0.0, 1.4098481983977168e-125, 0.0, 0.0]	[0.0, 0.0, 3.936255531777591e-140, 0.0, 0.0]
438821961	[0.0, 0.0, 0.0, 0.0, 0.0]	[0.0, 0.0, 0.0, 0.0, 0.0]
1598843895579922432	[-3.095315822676433e-52, -3.095315822676433e-52, 3.7551805617264716e-36, 0.019999999999999924, 1.0]	[1.0756697836993522e-66, 1.0756697836993522e-66, 1.3363823550460978e-51, 7.632783294297951e-17, 0.0]
1459336623229919235	[-0.0014382793742095342, -0.001438279375316043, 0.003315244843583367, 0.028985507246376892, 2.0]	[8.456776945386935e-18, 6.505213034913027e-19, 1.0408340855860843e-17, 7.979727989493313e-17, 0.0]
1593060853854642183	[3.7405252690758528e-261, 3.7405252690758528e-261, -1.0217892315736338e-86, 1.0, 2.5]	[0.0, 0.0, 2.8574684782056875e-101, 0.0, 0.0]
2688511189	[0.0, 0.0, 0.0, 0.46153846153846334, 3.0]	[0.0, 0.0, 0.0, 1.7763568394002505e-15, 0.0]
1590583719194234880	[-7.514664529329944e-175, -7.514664529329944e-175, 3.5707925241944845e-172, 0.2000000000000007, 1.0]	[0.0, 0.0, 0.0, 6.938893903907228e-16, 0.0]
1588704907149860864	[0.0, 0.0, 1.1121257216900273e-250, 0.0, 0.0]	[0.0, 0.0, 0.0, 0.0, 0.0]
1472252293282209800	[8.829190618986328e-36, 8.829190618986328e-36, 36.46835565443127, 0.8571428571428596, 3.0]	[2.8064029455968054e-50, 2.8064029455968054e-50, 1.7053025658242404e-13, 2.55351295663786e-15, 0.0]
16453377	[0.0, 0.0, 3.104259300459127e-109, 0.0, 0.0]	[0.0, 0.0, 1.560004067261078e-123, 0.0, 0.0]
1586144310042451968	[0.0, 0.0, 0.0, 0.0, 0.0]	[0.0, 0.0, 0.0, 0.0, 0.0]
1435705539099611136	[-0.0014382793761071873, -0.0014382793761071873, 0.003315244840640575, 0.03597122302158266, 2.5]	[2.168404344971009e-18, 2.168404344971009e-18, 1.691355389077387e-17, 6.938893903907228e-17, 0.0]
821153004992757760	[0.0, 0.0, 36.46835565443127, 0.6666666666666659, 1.0]	[0.0, 0.0, 1.7053025658242404e-13, 7.771561172376096e-16, 0.0]
1225439204	[3.169180849165469e-63, 3.169180849165469e-63, 3.169180849165469e-63, 0.0, 0.0]	[1.565305550610868e-77, 1.565305550610868e-77, 1.565305550610868e-77, 0.0, 0.0]
1586944032726474752	[-0.0014382793761071873, -0.0014382793761071873, 0.003315244840599941, 0.036231884057970884, 2.5]	[2.168404344971009e-18, 2.168404344971009e-18, 1.7780915628762273e-17, 1.3183898417423734e-16, 0.0]
712020000203145220	[5.78185962775659e-152, 5.37464802992691e-152, 28.477281706249062, 0.32912793271359, 1.3067729083665336]	[7.946116406338468e-153, 6.292645225686838e-153, 13.345813871558441, 0.05622239817470672, 0.279050415431271]
1427330037456515080	[0.0, 0.0, 0.0, 0.0, 0.0]	[0.0, 0.0, 0.0, 0.0, 0.0]
3338767810	[0.0, 0.0, -2.478174935483197e-49, 0.20000000000000068, 0.5]	[0.0, 0.0, 1.5192908393215678e-63, 6.661338147750939e-16, 0.0]
1605382922348945408	[-2.9097818061154106e-170, -2.9097818061154106e-170, -1.104794224145943e-42, 0.0, 0.0]	[0.0, 0.0, 1.5930919111324523e-57, 0.0, 0.0]
30884721	[0.0, 0.0, 1.176664963556939e-18, 0.0, 0.0]	[0.0, 0.0, 1.3481509610710651e-33, 0.0, 0.0]
2800980736	[0.0, 0.0, 0.0, 0.0, 0.0]	[0.0, 0.0, 0.0, 0.0, 0.0]
1586346520185544704	[-2.8400413921504673e-38, -2.8400413921504673e-38, -2.8400413921504673e-38, 0.0, 0.0]	[9.396438433917875e-53, 9.396438433917875e-53, 9.396438433917875e-53, 0.0, 0.0]
166581878	[0.0, 0.0, 0.0, 0.0, 0.0]	[0.0, 0.0, 0.0, 0.0, 0.0]
1393029204384665601	[5.778674779851955e-261, 5.778674779851955e-261, 2.4391486676436064e-121, 0.5999999999999971, 1.5]	[0.0, 0.0, 5.589272921495818e-136, 2.886579864025407e-15, 0.0]
1102929069417521153	[0.0, 0.0, -4.0266975797478e-17, 0.0, 0.0]	[0.0, 0.0, 1.2942249226282225e-31, 0.0, 0.0]
1252733774837755924	[-3.095315822676433e-52, -3.095315822676433e-52, 3.7551805617264716e-36, 0.019999999999999924, 1.0]	[1.0756697836993522e-66, 1.0756697836993522e-66, 1.3363823550460978e-51, 7.632783294297951e-17, 0.0]
