1586144310042451968	[-1.8731969470807686e-06, -1.873160484185429e-06, 0.7488798203138795, 0.5051398747765576, 0.543950833881944]	[1.5379298966069221e-06, 1.5379062359350284e-06, 0.10626272391856434, 0.20677024930614205, 0.8691699064039033]
1586027737273184257	[-1.095325539811347e-06, -1.095338135462221e-06, 0.8265624597377376, 0.47350471145356887, 0.4331233315417814]	[6.376254890411617e-07, 6.376132952413705e-07, 0.048977361308798255, 0.13218072545846002, 0.2692854389944232]
1586067079312166914	[-2.9498076311186235e-06, -2.9497609671949375e-06, 0.7843234920258335, 0.40126142221224587, 0.30894266087151534]	[1.4026387775074412e-06, 1.4026134804536936e-06, 0.05912900028158476, 0.12549706649425707, 0.20849896960820677]
1586022285345013760	[-2.618690898323363e-06, -2.618643825380477e-06, 0.7795388738391132, 0.40394043318558515, 0.5588971090602048]	[1.5531045140868807e-06, 1.5530775944401366e-06, 0.17170969475690026, 0.1584231852036766, 0.8070606375204029]
1586149818023518209	[-2.548328435988454e-06, -2.5482823100215343e-06, 0.779158878783514, 0.40272389212686, 0.5586414629795383]	[1.6157795795123507e-06, 1.615752403950939e-06, 0.17152283813609293, 0.1575482599464691, 0.8071976480273949]
1586346520185544704	[-2.5824233397845313e-06, -2.5823771030872974e-06, 0.7795385562771409, 0.408725552668483, 0.7095236453205842]	[1.5847046524902067e-06, 1.5846775176180583e-06, 0.17171020720475763, 0.15378969549964797, 1.1883086414709374]
1162845798608117761	[-1.0649205852807783e-06, -1.0649021195185266e-06, 0.8265448139806993, 0.4789452045152724, 0.441878556847276]	[6.888131826264997e-07, 6.888126706271291e-07, 0.048934291004112895, 0.13445099111591877, 0.26987786321890245]
1586944032726474752	[-4.559924346410958e-07, -4.5592979898453026e-07, 0.8756315724257674, 0.46693085986129484, 0.5123050467793793]	[2.0072512560951215e-07, 2.0069682750590443e-07, 0.14064774534569305, 0.13305868460552747, 0.3228964807352744]
1587961913954156545	[-2.5618411273143682e-06, -2.5617949114833717e-06, 0.7806054013927375, 0.4081946168052915, 0.6248745225135666]	[1.6032963246872965e-06, 1.603269245841799e-06, 0.1692745551781382, 0.1570669672495039, 0.9696732493155018]
1588771753362214912	[-2.64665284603997e-06, -2.6466047762453462e-06, 0.7795394012734548, 0.40150430954829996, 0.4943428792343282]	[1.529850572294807e-06, 1.5298244142849495e-06, 0.17170884399740793, 0.16040166726123808, 0.6446929296578771]
1588704907149860864	[-3.4307984902396375e-06, -3.430796194464062e-06, 0.8773723682924709, 0.5072539287000359, 0.5178167259827393]	[2.598357097381648e-06, 2.5983424913683753e-06, 0.07271610750382047, 0.1437289441501524, 0.39869252220098494]
1593237575124549634	[1.2838509507236792e-08, 1.2844661851021613e-08, 0.9165574079252145, 0.21365843893230166, 0.23808436405026462]	[5.241406800559497e-07, 5.241426039647005e-07, 0.04367850478761563, 0.1195735174362814, 0.1339180775804226]
1590583719194234880	[-2.1633795096176353e-07, -2.1621680110568092e-07, 0.8223282695979133, 0.6302117247664611, 0.4575257419593369]	[2.0123604514330127e-07, 2.0117678734090347e-07, 0.05449643254826596, 0.17954957797512672, 0.5898940139592539]
1589248003478528007	[-2.5599429364198862e-06, -2.5598964763072216e-06, 0.7795383730549658, 0.3990836082529952, 0.451306726017077]	[1.6050700189710205e-06, 1.605043112773895e-06, 0.1717105031748105, 0.16154612289995096, 0.5372028183135007]
1593060853854642183	[-2.8307753137948826e-06, -2.8307197522749786e-06, 0.8082913278211554, 0.42256294551461965, 0.35407254765669627]	[1.3680523165779976e-06, 1.3680320886899128e-06, 0.08351802545148673, 0.11896818805348792, 0.2867626755706234]
1593636437378957315	[-2.5579603428356952e-06, -2.5579073580344517e-06, 0.7795390831029329, 0.40150430954829996, 0.4943428792343282]	[1.6068936033393438e-06, 1.6068727840554523e-06, 0.17170935708629093, 0.16040166726123808, 0.6446929296578771]
1595898631260844032	[-3.7896980249827843e-06, -3.7895644735432885e-06, 0.8174145349289487, 0.4225396280060623, 0.35543458800713496]	[1.3907628075079908e-06, 1.3907549866675925e-06, 0.07587867071788, 0.11833181673216414, 0.290351701154267]
1595948931149697025	[-8.489713530343794e-07, -8.489527632427213e-07, 0.8807575552181177, 0.488655312915262, 0.430544953850527]	[4.516920383424709e-07, 4.5170541610610534e-07, 0.11916659724013233, 0.1449811839048521, 0.23401409052808875]
1597567891657875456	[2.6459834995849538e-05, 2.6459782077080006e-05, 0.9780884624426144, 0.3355283541714149, 0.39398823377490627]	[2.0673092783098635e-05, 2.0673109453793075e-05, 0.056661660077858084, 0.08909033278860383, 0.3122677998725493]
1596624149786644485	[-9.096129619070016e-07, -9.095944140352764e-07, 0.8807978537199157, 0.4872466400373287, 0.42847132168634583]	[4.422561798979481e-07, 4.422673331617204e-07, 0.1191372296833186, 0.1454972321660688, 0.23089217615176913]
1596784198181863425	[-2.5516174072186658e-06, -2.551571124853107e-06, 0.7795370785169895, 0.4051454017953599, 0.5804151856688307]	[1.6127575341651807e-06, 1.6127305968121086e-06, 0.1717125919055715, 0.1578569544138217, 0.8613714470926431]
1198361171989893120	[8.890084780463586e-08, 8.87865781635385e-08, 0.8761663160740161, 0.5404537839531854, 0.21735998405742823]	[2.1486281397340147e-07, 2.1486149122936682e-07, 0.02703211905292523, 0.09534677924247874, 0.12317127840726455]
1598843895579922432	[-2.5553799001312427e-06, -2.555333570433023e-06, 0.7802479208134123, 0.40547217605497354, 0.581126777482573]	[1.6092913688257093e-06, 1.6092643466804034e-06, 0.1701199832828032, 0.15802558216733914, 0.8611198115800356]
1601606563059453952	[-8.486721491868817e-07, -8.486478604269414e-07, 0.8846684243456756, 0.46463747159860197, 0.37615700397379725]	[3.5730400537508644e-07, 3.57322494869348e-07, 0.08133043590672928, 0.14963319349905968, 0.19048439554085964]
1604175610036862977	[-8.565687841763547e-07, -8.565487255859596e-07, 0.8807638142938962, 0.49451846499071994, 0.44713401116397616]	[4.50228009702883e-07, 4.5024138677968963e-07, 0.11916203589080655, 0.1410655271959633, 0.2593376835035072]
166581878	[6.194308312423078e-06, 6.194310389345216e-06, 0.916733557321923, 0.3362224002706074, 0.12227657835746113]	[6.382506310617572e-06, 6.382512435334527e-06, 0.05031039943053244, 0.07996347738951814, 0.06166793977794983]
1605382922348945408	[-8.462882627697223e-07, -8.462700181161518e-07, 0.8807547877161325, 0.49508834300034776, 0.44920764332815727]	[4.5222789304940145e-07, 4.5224129608323313e-07, 0.11916861406731892, 0.14059127096192486, 0.26254141846039364]
183347440	[5.002517849279856e-05, 5.0025131466422346e-05, 0.9687505510106018, 0.3023271239765093, 0.3242434791864383]	[3.551739910858416e-05, 3.551738276677226e-05, 0.07801677132834699, 0.10209277655037839, 0.21045791184442733]
20635049	[5.901112098259213e-05, 5.9011046715213506e-05, 0.9566245355673154, 0.29420338946018093, 0.5619383334132902]	[7.7811852557716e-05, 7.781184427256958e-05, 0.03177590945585906, 0.10716075029834617, 0.8057653855002225]
1606396329067945984	[-8.085942127593073e-07, -8.085774697327e-07, 0.8807233340665236, 0.4979138381402085, 0.4595758041490631]	[4.6077154697602644e-07, 4.6078600407812947e-07, 0.11919153720572574, 0.1382520291076238, 0.278667213642753]
2688511189	[-2.176719102502799e-07, -2.1766464282336262e-07, 0.8497592971144292, 0.37962768430424293, 0.3643236957489922]	[2.6986232606075585e-07, 2.6986262549683967e-07, 0.05522562652900199, 0.09302814166552907, 0.2626897343980806]
16453377	[-3.740459634908133e-05, -3.7404592756294776e-05, 0.850284800486705, 0.41450466094153354, 0.3120527055230112]	[3.8150328906865284e-05, 3.8150290718978065e-05, 0.04028833717071428, 0.15344491101954483, 0.14012731848435322]
2800980736	[5.898294809693672e-05, 5.898288077517959e-05, 0.9395415738697434, 0.3047673914689613, 0.7540082879997101]	[7.782467188514534e-05, 7.78246618757519e-05, 0.05914004140091683, 0.09858956500433813, 1.2973411946073181]
20775133	[-3.7410784864278e-05, -3.741078117933495e-05, 0.8504418161143883, 0.41625276786559556, 0.31827360201555455]	[3.81472008126515e-05, 3.8147162670422636e-05, 0.040203479690020145, 0.15186334213420946, 0.1504351792688703]
2281732880	[-1.0973200918295207e-06, -1.0973327201058168e-06, 0.8234666324823822, 0.46132676944022577, 0.4020188490790641]	[6.392264746094071e-07, 6.392142945266981e-07, 0.05068793048690832, 0.13946947402357815, 0.220163576907145]
2945495369	[4.9614914796593785e-05, 4.961482445654449e-05, 0.9445715231666404, 0.30969665426571114, 0.38428817458497316]	[3.5499730338065e-05, 3.549966776735158e-05, 0.07438310254392201, 0.09333102957334635, 0.3241953163577534]
122406464	[-2.9433804741711165e-06, -2.9433350620368347e-06, 0.7972594742045581, 0.4032551626801083, 0.3099631625322661]	[1.4038785899193524e-06, 1.4038525284409209e-06, 0.07531074637855183, 0.12461575077487705, 0.21321788962180568]
2953744109	[-3.7431934428481336e-05, -3.74319258161921e-05, 0.8503052889065356, 0.4148258715726769, 0.31619996985137344]	[3.81365134157315e-05, 3.813647775876656e-05, 0.04027725184274493, 0.15238068916076614, 0.14699617922553393]
303742383	[-3.746550963650362e-05, -3.746550598955036e-05, 0.85034458595299, 0.4169522415877667, 0.32034723417973576]	[3.811955664475572e-05, 3.811951847531493e-05, 0.0402560005853736, 0.15134227996063473, 0.1538769534806309]
1225439204	[-8.460408556845891e-07, -8.460224280293489e-07, 0.8805116912929295, 0.48931606768304514, 0.42847132168634583]	[4.5227780476451124e-07, 4.5229124507840693e-07, 0.11934581007466752, 0.14543304641111598, 0.23089217615176913]
1229891962414587904	[-2.0472776015927755e-06, -2.0472310897605925e-06, 0.8552193183970906, 0.5119017112718611, 1.1861385000773357]	[1.5610750171736444e-06, 1.5610527500820134e-06, 0.05015627387999436, 0.16380651520220002, 2.149196209866456]
3338767810	[1.2191261649091121e-06, 1.219118953772924e-06, 0.9388674311590663, 0.6041020300905424, 0.7781336389576065]	[5.669575970191429e-07, 5.669583083377058e-07, 0.05670960420160089, 0.07365703315885767, 0.9262872800022992]
30884721	[-3.742102110615804e-05, -3.742101697952214e-05, 0.8503009366991612, 0.42216163979599375, 0.33486265932900383]	[3.814202760620395e-05, 3.814198968178842e-05, 0.04027960631107441, 0.1477516500939278, 0.1780335189177513]
398054082	[1.4021891835205052e-07, 1.4022583669578554e-07, 0.9348765626195249, 0.19495856981780846, 0.18098227892344287]	[7.499339503229907e-07, 7.499333024338621e-07, 0.05023742448770607, 0.12289047123199326, 0.04242765998660689]
365004971	[-3.740393132590617e-05, -3.7403927738926366e-05, 0.8502841471620826, 0.42216163979599375, 0.33486265932900383]	[3.815066507832257e-05, 3.8150626887658854e-05, 0.04028869071608778, 0.1477516500939278, 0.1780335189177513]
437210920	[-2.2933009636406075e-07, -2.2923371952587907e-07, 0.8320296577178671, 0.6818080419957059, 0.806715812290525]	[1.1033647423996282e-07, 1.102831858479367e-07, 0.10301732185423755, 0.15756141795983433, 1.226548382249682]
438821961	[6.866789941041457e-07, 6.870760691367419e-07, 0.9537289943488932, 0.4028555835314525, 0.3995962246960703]	[3.6459291116679956e-07, 3.644301668456918e-07, 0.030563870945334887, 0.11705734693785523, 0.25950842936785584]
4068912568	[-2.577978167986563e-06, -2.577916380554588e-06, 0.7795568918841843, 0.4043378857202134, 0.558897109060205]	[1.5887114217035684e-06, 1.58867230613329e-06, 0.17168067255960695, 0.15851062636130714, 0.8070606375204029]
736016838052720640	[-2.0351559227122335e-07, -2.0363674666397615e-07, 0.9306237478561464, 0.4117575006177319, 0.4463800060588639]	[9.199380945121045e-08, 9.198142486226849e-08, 0.030001638437606854, 0.1143922972237483, 0.2588557524936982]
45546362	[-1.0949882896829977e-06, -1.0950009033603463e-06, 0.8265624594619261, 0.4677399147241658, 0.414460642064151]	[6.373548159246623e-07, 6.373426142662784e-07, 0.04897736145813585, 0.13641011598555178, 0.2396400741231998]
712020000203145220	[-2.829962468314455e-06, -2.8299065504113912e-06, 0.8073961693123503, 0.4213607720716853, 0.3595818523354973]	[1.3682256747285384e-06, 1.368205516673821e-06, 0.08366166903188035, 0.11750819384543919, 0.29714213617800783]
1252733774837755924	[-3.4307333836525806e-06, -3.4307310914159413e-06, 1.1125902054296288, 0.500156462186107, 0.49085950784838434]	[2.598391583549786e-06, 2.5983769783103415e-06, 0.12291075736638707, 0.14864350309015575, 0.3536781816115905]
766054909389201408	[-2.8325294020107786e-06, -2.8324721568506017e-06, 0.8167700975236016, 0.4294943748131106, 0.3761709096489465]	[1.3676994631794574e-06, 1.3676791234358476e-06, 0.07637731425012055, 0.11434674983096005, 0.3243934214072352]
772588501934051328	[-2.831494593475529e-06, -2.8314387660237922e-06, 0.8174398151461209, 0.41912580869296334, 0.34921369151459153]	[1.367910960947215e-06, 1.367890793077214e-06, 0.07585911599517688, 0.11954897862096571, 0.28018548541962646]
808783915355951105	[-1.0520913583913013e-06, -1.0520732758655764e-06, 0.8240220836312275, 0.46787884721596407, 0.4045531778920153]	[6.786264670233814e-07, 6.786259738828544e-07, 0.05185143577954317, 0.14304443409154002, 0.21110638847107735]
816968928077500416	[-3.740768596578979e-05, -3.7407682238345864e-05, 0.850287771388949, 0.41414207332514114, 0.3120527055230112]	[3.814876715573157e-05, 3.8148729035260086e-05, 0.040286729520731236, 0.15344028843481194, 0.14012731848435322]
821153004992757760	[-2.8316002124561353e-06, -2.831544246403862e-06, 0.783232737559178, 0.4182320693104927, 0.3419865505784805]	[1.3678866065812706e-06, 1.3678664691328098e-06, 0.10350842819141673, 0.12157574539646866, 0.26638522154027733]
823220596687437824	[-1.1197226036671566e-06, -1.1197259082015928e-06, 0.8265624719918484, 0.46753627888071686, 0.41238700989996985]	[6.571988471626394e-07, 6.571928348784325e-07, 0.04897735468502354, 0.13685631449256608, 0.23637583713384036]
825654804	[-3.7368831166511585e-05, -3.736881955507528e-05, 0.8415225286189845, 0.409418225919118, 0.2857887222264182]	[3.815534822406493e-05, 3.815532780650566e-05, 0.04801444445086126, 0.1599627319938722, 0.1174829556659803]
879523106527653889	[1.7272796681297196e-05, 1.7272800351055185e-05, 0.9399143377533488, 0.2247701237296428, 0.2538436712476702]	[1.1660444730936988e-05, 1.1660444585367973e-05, 0.02532567602808364, 0.10118469767230147, 0.12309184379291223]
874160094	[-3.740459027958353e-05, -3.740458668367997e-05, 0.8502847945270902, 0.41521092341318694, 0.31412633768719234]	[3.8150331974937603e-05, 3.8150293788685856e-05, 0.040288340395593196, 0.15291594582780732, 0.1435601527173355]
858012451366985730	[-3.4308097330538517e-06, -3.4308074396430837e-06, 0.8774157550891122, 0.5021247536753721, 0.49708040434092776]	[2.598351139641997e-06, 2.5983365345379514e-06, 0.0726826519635552, 0.14747880195328888, 0.3640552409502906]
881134810730827776	[-3.740641203988708e-05, -3.740640842750146e-05, 0.8502865842413254, 0.41450466094153354, 0.3120527055230112]	[3.814941109237214e-05, 3.8149372914163616e-05, 0.04028737191431538, 0.15344491101954483, 0.14012731848435322]
955069564055941120	[-1.056342663541281e-06, -1.056324475922454e-06, 0.8187174313730332, 0.469848713200145, 0.40668795333324254]	[6.805419423693949e-07, 6.805414748264818e-07, 0.05943378184118621, 0.14351167910827825, 0.21062028761169072]
1343869159562686469	[-3.7404733686773224e-05, -3.740473009549706e-05, 0.8502849064024257, 0.4120127552039332, 0.3058318090304677]	[3.81502594827166e-05, 3.815022129409126e-05, 0.040288279854854794, 0.15503816789099462, 0.12985050009227886]
997629108111724546	[-8.657339771153065e-07, -8.657155130353113e-07, 0.8807714071171122, 0.4927991297534755, 0.4409131146714327]	[4.4856758515410655e-07, 4.485803027299452e-07, 0.11915650176323328, 0.14250135611030262, 0.24977427868918378]
1368253253310443527	[1.719559236726825e-05, 1.7195597104966898e-05, 0.960236059472567, 0.251241036392029, 0.3161765938831035]	[1.1143541408337396e-05, 1.1143540277114053e-05, 0.047369054657239514, 0.10569274874043505, 0.19453915324931184]
1353501845981966336	[-2.5602798874702285e-06, -2.560233751718657e-06, 0.7795376111171602, 0.40153049596603557, 0.5158609558429539]	[1.604760440152801e-06, 1.6047333140540356e-06, 0.17171173231374715, 0.1595558652297299, 0.6986994879610479]
1393029204384665601	[-1.0943811867384787e-06, -1.0943938054554178e-06, 0.7874162021448262, 0.46613120320619134, 0.41031337773578874]	[6.368675292335768e-07, 6.368553286908668e-07, 0.07401219608195232, 0.13739364732908688, 0.2331184566518623]
1427330037456515080	[7.838336479373686e-09, 7.83634179084065e-09, 0.8947527932700393, 0.5036319470952062, 0.678268853253867]	[2.467276780013538e-07, 2.4672053216302515e-07, 0.06108381804243421, 0.13812163751266524, 0.591315677858376]
143288338	[-2.8322922739006194e-06, -2.8322368236425067e-06, 0.8088119178248507, 0.4315439702315357, 0.38239180614149]	[1.3677475275086411e-06, 1.3677272847448095e-06, 0.08255807269476345, 0.11318738960820757, 0.33464470206835234]
1435705539099611136	[-1.1071957625093133e-06, -1.1072082371813272e-06, 0.8266264984015461, 0.4606060507417589, 0.39165068825815824]	[6.471542493572427e-07, 6.471420064481828e-07, 0.04894269869780098, 0.14179142346538448, 0.20416450405042097]
1453068880436400146	[8.554052372358736e-09, 8.552058779575863e-09, 0.8947544547603646, 0.5032372033958166, 0.6761952210896859]	[2.4719898743975555e-07, 2.471918332161637e-07, 0.061082488065242836, 0.13837773057930414, 0.5878699257852954]
1459336623229919235	[-1.0741361931624037e-06, -1.0741488085023308e-06, 0.8162555675790372, 0.4618461532418095, 0.3957979525865206]	[6.206213675615196e-07, 6.2060913043076e-07, 0.05490899555633082, 0.14079837849195803, 0.2105354257100172]
1463879060933820416	[-1.0916770560037924e-06, -1.0916426941183501e-06, 0.8226625565808369, 0.4725662239060483, 0.4457203099367528]	[6.507749352503397e-07, 6.507596257824671e-07, 0.06182404488906773, 0.13194482158229942, 0.3118623274731667]
1503212289343868929	[1.7635604869048893e-06, 1.763554469594533e-06, 0.9619097968632837, 0.5893955843048917, 0.8653018286787874]	[1.139169207004945e-06, 1.139172429015412e-06, 0.026253158433675573, 0.0572133528659079, 1.1582157495194079]
1464263722260910081	[1.4320211531402835e-08, 1.4318174011711258e-08, 0.8947678406631707, 0.5048119554508419, 0.6844897497464104]	[2.5101251037187957e-07, 2.5100525620258844e-07, 0.06107177304691049, 0.1373576735995124, 0.6016567275219685]
1472252293282209800	[-7.156961949220385e-05, -7.156957163737214e-05, 0.857748437830529, 0.4726252453507972, 0.4067235324231171]	[4.949700018216716e-05, 4.9496989189606686e-05, 0.048023831269286145, 0.15209626321198644, 0.19721684933919587]
1511938112712151040	[-2.4523523149215935e-06, -2.4523069988355544e-06, 0.8210308855186501, 0.5091249778413325, 0.46952998660500256]	[1.7304812495146651e-06, 1.7304538923569634e-06, 0.06676614143033772, 0.1757485418503445, 0.5916696271793779]
1501738932400230400	[-2.5415219578942373e-06, -2.541476215897711e-06, 0.7797809522955832, 0.4046669653968177, 0.5596087008739473]	[1.6222075362756164e-06, 1.6221798867617441e-06, 0.17117197692702713, 0.1586780325064664, 0.8068104074959084]
1516569565144272902	[1.1975636307053368e-06, 1.197533338372011e-06, 1.0758259832763923, 0.5164146608922696, 0.2618085826718818]	[1.1221925709024742e-06, 1.122176740620547e-06, 0.07596489947587179, 0.18640887040173768, 0.06065064639556101]
1512852649598599175	[-2.555833959130141e-06, -2.5557882499833152e-06, 0.779536490611211, 0.4059502087341996, 0.6019332622774561]	[1.6088544666943237e-06, 1.6088269037612844e-06, 0.17171354069087538, 0.15720710016930078, 0.9157484912354095]
1514367527438233610	[-2.8373928450177973e-06, -2.837345580682971e-06, 0.8003725550190195, 0.4251950584190883, 0.3498282716368122]	[1.366654030460679e-06, 1.3666318364667105e-06, 0.11543065640769878, 0.12161536911700828, 0.26512270208775895]
1518685617001013250	[-2.521702726808602e-06, -2.5216564345265047e-06, 0.787433069031034, 0.5206465420865566, 0.4299175497642127]	[1.6615842388890357e-06, 1.6615568757226972e-06, 0.15508873791506755, 0.19780554365458353, 0.4842722988532243]
1102929069417521153	[2.205272319896927e-08, 2.2050064534550406e-08, 0.8948998984160038, 0.5050444788458879, 0.6862344345421706]	[2.5871191334679146e-07, 2.5870421015582593e-07, 0.060964915980136, 0.13729961519331396, 0.6049723884514653]
1520200806682832896	[-2.5596246469103367e-06, -2.55957816105493e-06, 0.7699018547655913, 0.4029940699155907, 0.49541026695494184]	[1.6055473716492492e-06, 1.6055200346660535e-06, 0.1936569117447425, 0.16088011665895155, 0.6443266307523308]
1520249272310059015	[-2.5569111769763803e-06, -2.556865014379712e-06, 0.7795367635016763, 0.40153049596603557, 0.5158609558429538]	[1.6078604377858732e-06, 1.6078333456336268e-06, 0.1717131002275675, 0.1595558652297299, 0.698699487961048]
1546248279142301698	[-2.5963008710352373e-06, -2.596411065658814e-06, 0.8026633365624124, 0.47381778523194357, 0.5556326897590417]	[1.6996221915492745e-06, 1.6995997739841434e-06, 0.05054979578354945, 0.09439224032333943, 0.8072067991547909]
1529682349029326848	[-1.0943730431240903e-06, -1.0943856645747332e-06, 0.8331778978919167, 0.46814068250250823, 0.414460642064151]	[6.36860997366453e-07, 6.368487944731477e-07, 0.04556869867003118, 0.1363791738933976, 0.2396400741231998]
1536682986371948547	[-2.5662494892477507e-06, -2.5662036150385575e-06, 0.7795428229863496, 0.4039528247843311, 0.5804151856688305]	[1.5992983514595231e-06, 1.599271049866027e-06, 0.1717033219712266, 0.15760025378826753, 0.8613714470926431]
1546125627081760769	[-1.1543170290191234e-06, -1.1542711221805776e-06, 0.8262162865006943, 0.46448843215800956, 0.4020188490790641]	[6.849201941890941e-07, 6.849415762660211e-07, 0.04916525844587855, 0.13927498167062174, 0.220163576907145]
1547891496770105344	[-3.737364076908782e-05, -3.7373628962066405e-05, 0.8246292680640783, 0.39898016234093625, 0.28116833353512577]	[3.814422410334458e-05, 3.814420337824791e-05, 0.056820672742096796, 0.15496663613201564, 0.1065112006653402]
1565991010995474434	[-3.74037797840817e-05, -3.740377619432658e-05, 0.8168235404182465, 0.40732617918763203, 0.2913163838811996]	[3.815074168388605e-05, 3.815070349464781e-05, 0.06176323247984552, 0.1588653544110207, 0.10604263549837534]
1562158895224741888	[-8.568431585582266e-07, -8.567899180486596e-07, 0.8989987893332403, 0.49394299652658047, 0.45395646091808517]	[4.901234607690727e-07, 4.901258174324574e-07, 0.11978627919189587, 0.1434251178569154, 0.24930962942327867]
1566095531499208704	[-7.157888096025284e-05, -7.15788327187095e-05, 0.8552051523843445, 0.47000060599224336, 0.3998178926552814]	[4.949266413121881e-05, 4.949265319856792e-05, 0.05060240477833522, 0.15377209097707192, 0.18719052187300192]
1145808668149125120	[-3.740464139459177e-05, -3.740463780474663e-05, 0.8341856634629848, 0.40450073835472483, 0.2913163838811996]	[3.815030613629553e-05, 3.815026794699015e-05, 0.0499469389838396, 0.1587376803909967, 0.10604263549837534]
1139230884354285568	[-2.6872800350989294e-06, -2.6872943445732926e-06, 0.7847747512540678, 0.40611096862810536, 0.48311034137266845]	[1.5112932549129337e-06, 1.5111798616479719e-06, 0.11758760183636399, 0.15324742451342874, 0.5149037242447297]
1585283153475866624	[-2.1283002795373224e-06, -2.1282537413790344e-06, 0.855392998898617, 0.36019214035009683, 0.42889470732790597]	[1.4228836825398453e-06, 1.4228634664918943e-06, 0.053716895993506784, 0.08187958964710944, 0.45262151322031347]
1581206457843912704	[-3.736626820856307e-05, -3.736625407104904e-05, 0.8439648882596578, 0.3973842185544219, 0.27479826087359344]	[3.8151964512322116e-05, 3.8151940208616875e-05, 0.046669878924565956, 0.15977716653650742, 0.08803243563534614]
1583116574948466688	[-2.833605099181933e-06, -2.83354924039308e-06, 0.8066095302107763, 0.4207372521129156, 0.3485632429778952]	[1.3674787925629474e-06, 1.367458645183344e-06, 0.08426159032085893, 0.12043364639578975, 0.27641523352533054]
