1586022285345013760	[-0.002786719915126288, -5.1700746269344114e-05, 1.4140790909815122, 0.3350876728969397, 0.05696612933287834]	[0.0035557481559213237, 3.642491004184811e-05, 2.425989087078355, 0.14354361016761502, 0.04436814462877887]
1586027737273184257	[-0.0009714844676603146, -7.2926859107198e-05, 0.6425042949363146, 0.47377784446431487, 0.09185145748814232]	[0.0009860518673349195, 4.781001345706947e-05, 0.7162756437988846, 0.15206144413565068, 0.02701976628896489]
1586067079312166914	[-0.0019909937788189624, -0.00019707504018245175, 0.7346538638258538, 0.3595914811605832, 0.04094283932002175]	[0.0007801229786834815, 0.0001395546627713524, 0.6646647185588286, 0.16514506938671883, 0.02201732315999625]
1586144310042451968	[-0.0023712172068504687, -0.00035121289742196747, 0.49902273026019606, 0.497884675052258, 0.33128069332712684]	[0.0018018519639039841, 0.00038819505254690826, 0.30960582022207267, 0.19882746640215077, 0.7569000617430864]
1586149818023518209	[-0.00337517754665735, -5.1700746269344114e-05, 1.3842455461121501, 0.35863008028605836, 0.18591636113653065]	[0.00468999026033498, 3.642491004184811e-05, 2.357871656498075, 0.11980673837369836, 0.3712137109140301]
1586346520185544704	[-0.002986381593705345, -5.1700746269344114e-05, 1.3944515074180766, 0.34904923098904184, 0.12152035915875511]	[0.003959316096976282, 3.642491004184811e-05, 2.3797975551642163, 0.1321396994294165, 0.20679762224788972]
1162845798608117761	[-0.0014418813511188234, -7.2926859107198e-05, 0.6368557932516798, 0.49364338412979575, 0.10336843012236997]	[0.001248738067489094, 4.781001345706947e-05, 0.7088288111588539, 0.14211834706251775, 0.0321115693625118]
1586944032726474752	[-0.002130189947987055, 0.0001239381453867891, 0.6309866584160179, 0.4334433560869925, 0.139470010927191]	[0.0015369113022737206, 0.00017437173543844188, 0.7000526570140911, 0.12383478439462423, 0.07927983434667164]
1587961913954156545	[-0.0025462754299749217, -5.1700746269344114e-05, 1.4148993320595438, 0.34448389633209103, 0.10000228255012954]	[0.003134698988255022, 3.642491004184811e-05, 2.428309577034893, 0.13580939467290443, 0.15213716298908433]
1588704907149860864	[-0.0004459671028008627, -0.0003060292976270342, 0.6131243417463267, 0.5416321658810271, 0.2053748847345696]	[0.0010221960430007316, 0.00024753015086659166, 0.6396098479860742, 0.1131810955406939, 0.21082241894160747]
1588771753362214912	[-0.0025674999784540743, -5.1700746269344114e-05, 1.4064376626752095, 0.3350876728969397, 0.05696612933287834]	[0.0031148073047568042, 3.642491004184811e-05, 2.406505871615309, 0.14354361016761502, 0.04436814462877887]
1589248003478528007	[-0.002567499978454074, -5.1700746269344114e-05, 1.41007614697812, 0.3350876728969397, 0.05696612933287834]	[0.003114807304756804, 3.642491004184811e-05, 2.4153450499474847, 0.14354361016761502, 0.04436814462877887]
1590583719194234880	[-0.007136450888684497, -0.0004422332370768758, 7.52555393751463, 0.6081184214302239, 0.12329117383689742]	[0.000896624645955455, 0.0001802687489906731, 12.756223594454012, 0.21024125493993698, 0.09166067565707113]
1593060853854642183	[-0.0016069395037419823, -5.1700746269344114e-05, 0.729638733908646, 0.34538869465521993, 0.04169579775524636]	[0.0009679123486323012, 3.642491004184811e-05, 0.6561037244828734, 0.13708693584223394, 0.017049426482664002]
1593237575124549634	[-0.0017241361622855594, -3.755000437744152e-05, 0.3246296298058957, 0.17193344136089173, 0.08162648383609576]	[0.0003346063726971841, 3.1429133600657427e-05, 0.24194110832370397, 0.08911959980726955, 0.05200566795033855]
1593636437378957315	[-0.0026493292681600477, -5.1700746269344114e-05, 1.4137749207023238, 0.3398310920954912, 0.07848420594150395]	[0.003279560715470693, 3.642491004184811e-05, 2.425231562265691, 0.13960879944707089, 0.09770776969705972]
1595898631260844032	[-0.0016053251867321507, -5.1700746269344114e-05, 0.7301921170487218, 0.33211599495709504, 0.03683694161314163]	[0.0007638539963132836, 3.642491004184811e-05, 0.6572674356075654, 0.14347025707133726, 0.01805338282826181]
1595948931149697025	[-0.0020156491372534577, -7.2926859107198e-05, 0.6769200940714504, 0.47595917286801975, 0.08667943447253704]	[0.0012379907193446889, 4.781001345706947e-05, 0.6888727964706253, 0.16124545368390145, 0.03036101230674864]
1596624149786644485	[-0.0020156491372534577, -7.2926859107198e-05, 0.6769200940714503, 0.47595917286801975, 0.08667943447253704]	[0.0012379907193446889, 4.781001345706947e-05, 0.6888727964706252, 0.16124545368390145, 0.03036101230674864]
1596784198181863425	[-0.0025674999784540743, -5.1700746269344114e-05, 1.4166743310982637, 0.330250323315304, 0.03544805272425274]	[0.0031148073047568047, 3.642491004184811e-05, 2.4318749584664983, 0.1476198729006162, 0.02027038130492245]
1597567891657875456	[0.00469473969312222, 0.0035898615191303765, 0.4010110355723589, 0.31527136872027595, 0.14706225975265294]	[0.001312728005480958, 0.0006026215216554189, 0.7167709280002348, 0.07332118409602136, 0.12523607667884992]
1598843895579922432	[-0.0027473121480692656, -5.1700746269344114e-05, 1.4106169835747129, 0.33701222863291797, 0.05732192523974955]	[0.00347765984141675, 3.642491004184811e-05, 2.4168337470906707, 0.14424319164742988, 0.0443105344812731]
1601606563059453952	[-0.001608932914083977, -5.1700746269344114e-05, 0.6823978590312532, 0.41854434230642734, 0.06088578276193913]	[0.0008236562685444905, 3.642491004184811e-05, 0.6988093871606131, 0.18290885521022082, 0.023450034996604963]
1198361171989893120	[-0.00426214149671903, -5.306528209463472e-06, 4.148179520506236, 0.5806493799602148, 0.10753693822037115]	[0.0006608063654137868, 1.4039753967389214e-05, 3.31726737953102, 0.1046592205918288, 0.06645321666507781]
1604175610036862977	[-0.0020156491372534577, -7.2926859107198e-05, 0.6769200940714505, 0.47595917286801975, 0.08667943447253704]	[0.0012379907193446886, 4.781001345706947e-05, 0.6888727964706252, 0.16124545368390145, 0.03036101230674864]
1605382922348945408	[-0.0020156491372534577, -7.2926859107198e-05, 0.6769200940714504, 0.47595917286801975, 0.08667943447253704]	[0.0012379907193446889, 4.781001345706947e-05, 0.6888727964706253, 0.16124545368390145, 0.03036101230674864]
1606396329067945984	[-0.0020156491372534577, -7.2926859107198e-05, 0.6769200940714505, 0.47595917286801975, 0.08667943447253704]	[0.0012379907193446889, 4.781001345706947e-05, 0.6888727964706252, 0.16124545368390145, 0.03036101230674864]
16453377	[-0.0028938072455111947, -5.1700746269344114e-05, 4.504115936031391, 0.38235982278621644, 0.07276494698306743]	[0.0020437603595787526, 3.642491004184811e-05, 3.3855483619263356, 0.13451540453025207, 0.036605328736752867]
166581878	[0.0022224383206482434, 0.0007342073352309069, -0.0008870462459877951, 0.4165323416809148, 0.08806317318377267]	[0.0015946037959078919, 0.0008321112931756326, 0.0016276354514106195, 0.09998199363668478, 0.06895585064066476]
183347440	[0.0047826004716806595, 0.0031893475874345944, -0.00997202089519504, 0.2829745100610692, 0.1381658351796028]	[0.0012789230548338954, 0.0006285993230422343, 0.010446921013065139, 0.08088947642436857, 0.11057678558103305]
20635049	[0.00574096484898405, 0.0031106744423314205, -0.011912457477568304, 0.2526254078325278, 0.1200314554463828]	[0.002514247035997278, 0.0010576984225003229, 0.018816427229131273, 0.09493517506405987, 0.09544490692892703]
20775133	[-0.004273566005531309, -5.1700746269344114e-05, 4.503078493273756, 0.37591996620019485, 0.06861768265470514]	[0.003050348721413897, 3.642491004184811e-05, 3.3848099321397864, 0.13935348240480214, 0.029866084607191413]
2281732880	[-0.0008984270236206452, -7.2926859107198e-05, 0.6455716977707402, 0.4547655673382748, 0.0794096645030554]	[0.0009727951606533833, 4.781001345706947e-05, 0.7207622805473395, 0.17478876381142175, 0.03130140992048067]
2688511189	[-0.0021576679656854134, 3.622431970803679e-05, 0.18350255439173993, 0.36940280904612566, 0.12620796786484856]	[0.0010092733247272587, 6.066518174316526e-05, 0.18026910106292976, 0.07991407124261486, 0.11575776567470393]
2800980736	[0.005825989006757247, 0.004149203503010415, -0.012009802823497518, 0.2756341209372485, 0.3114576054497414]	[0.0031661957176325997, 0.0016326485612700146, 0.0188313458642348, 0.0599091066081707, 0.5782064869054249]
122406464	[-0.0019203372920364717, -0.00023688553973165262, 0.7317426140906196, 0.36734277919611386, 0.042476662458790074]	[0.0006895812384290612, 0.00015557218848897327, 0.6650210223221769, 0.16400145548838707, 0.023968251153941737]
1225439204	[-0.0020156491372534577, -7.2926859107198e-05, 0.6768513187101649, 0.47595917286801975, 0.08667943447253704]	[0.0012379907193446889, 4.781001345706947e-05, 0.6888174989048736, 0.16124545368390145, 0.03036101230674864]
2945495369	[0.007330257553653807, 0.003151345754682105, -0.010275039037088743, 0.2794093096364083, 0.13858959712176488]	[0.0029184704300578607, 0.0007254494687839093, 0.010708288139895775, 0.0804437883935335, 0.12239086013728086]
2953744109	[-0.003579173034291388, -5.1700746269344114e-05, 4.497492142753129, 0.3795159392437069, 0.07276494698306743]	[0.002600170414221175, 3.642491004184811e-05, 3.3801603402520826, 0.1346400428135806, 0.036605328736752867]
303742383	[-0.0032781299722427076, -5.1700746269344114e-05, 4.514142179643082, 0.3693042934144949, 0.06447041832634284]	[0.002275304299837512, 3.642491004184811e-05, 3.393723927024248, 0.14439513019618186, 0.023281853703842514]
30884721	[-0.0032566259787787538, -5.1700746269344114e-05, 4.486542781139205, 0.38863161414196673, 0.07691221131142975]	[0.0022589256432211835, 3.642491004184811e-05, 3.3713690381403096, 0.12987087290564586, 0.043427479300238145]
1229891962414587904	[-0.0011540868485102778, -2.4652431720364652e-06, 0.3251261790754469, 0.4002509493906669, 0.1040167891167113]	[0.0005044660408639184, 4.375048182230885e-05, 0.24205905249214354, 0.15466321929271135, 0.10562575881337129]
3338767810	[-0.0005844769216771867, 0.0, 0.005993662807611109, 0.7093739692953049, 0.3767205114847386]	[0.0020283849534465837, 0.0, 0.0034606144460861, 0.054140388186258, 0.4534006495411186]
365004971	[-0.0018743516369737548, -5.1700746269344114e-05, 4.440674874348039, 0.4283886331437058, 0.10594306160996587]	[0.0012944048673966934, 3.642491004184811e-05, 3.33393772511602, 0.10206954142135322, 0.09193869143881571]
398054082	[-0.0016112617976521454, -3.755000437744152e-05, 0.32501778394113695, 0.15790030206778255, 0.07908402567137687]	[0.00042203845546594915, 3.1429133600657427e-05, 0.24319325679946793, 0.08750940726694799, 0.06418478510627024]
4068912568	[-0.002869808785006594, -5.1700746269344114e-05, 1.402575762792442, 0.3398310920954912, 0.07848420594150395]	[0.003724042376402299, 3.642491004184811e-05, 2.3980220103996253, 0.13960879944707089, 0.09770776969705972]
437210920	[-0.006641499709586855, -0.0004195485585426625, 7.567820456728877, 0.5752866327263514, 0.07413805237002866]	[0.0012306655188467888, 0.0001785187254259416, 12.776074063015836, 0.2229314537699198, 0.047452935228344144]
438821961	[-0.0014555166350029437, -6.144314153440129e-05, 0.3789097729188254, 0.3508593123738486, 0.10933641326172043]	[0.0011257622585852368, 6.029514498468618e-05, 0.39273525890193334, 0.11292584685825598, 0.08387753714669352]
45546362	[-0.0010353504530163456, -7.2926859107198e-05, 0.6412666262469838, 0.4645438300513422, 0.08563056099559886]	[0.0010888798596396662, 4.781001345706947e-05, 0.7136778356924767, 0.16290822321401832, 0.027288104264302723]
712020000203145220	[-0.0016053251867321505, -5.1700746269344114e-05, 0.7301921170487218, 0.33211599495709504, 0.03683694161314163]	[0.0007638539963132835, 3.642491004184811e-05, 0.6572674356075654, 0.14347025707133726, 0.01805338282826181]
736016838052720640	[-0.0032295553961657667, -2.9154683071812155e-05, 0.21464037031496194, 0.35838825204133495, 0.1269154811974125]	[0.0034063505351662475, 2.6690353884009838e-05, 0.35791964031087925, 0.12480215054908637, 0.06609166109037533]
1252733774837755924	[-0.0003912704016258472, -0.00011537908478290576, 0.6119767746321773, 0.5222280094031363, 0.18049129876439576]	[0.000982912155371692, 9.332375195648261e-05, 0.6384388441920291, 0.12520993992457313, 0.1689017595011542]
766054909389201408	[-0.0015581143911557855, -5.1700746269344114e-05, 0.7201346116181745, 0.3721107582426366, 0.05549963109077201]	[0.000726513820323976, 3.642491004184811e-05, 0.642393431498053, 0.11244089183990619, 0.029617091980484997]
772588501934051328	[-0.0016053251867321505, -5.1700746269344114e-05, 0.7288191003973289, 0.33525389029523006, 0.038910573777322786]	[0.0007638539963132835, 3.642491004184811e-05, 0.6547397423260964, 0.139228551655985, 0.017004280935384707]
808783915355951105	[-0.0008834752753122847, -7.2926859107198e-05, 0.6461254627167139, 0.4626696025839791, 0.08227631257368724]	[0.0008633450549016024, 4.781001345706947e-05, 0.7219291216818233, 0.17790760685009577, 0.03222069991155189]
816968928077500416	[-0.0037174555140911214, -5.1700746269344114e-05, 4.507512519943033, 0.37591996620019485, 0.06861768265470514]	[0.002682236594596445, 3.642491004184811e-05, 3.388279281832117, 0.13935348240480214, 0.029866084607191413]
821153004992757760	[-0.0016970849070864563, -5.1700746269344114e-05, 0.7301917675969675, 0.3362726426076983, 0.03790432933375527]	[0.0007815693936375134, 3.642491004184811e-05, 0.6571812954360852, 0.14524233333257933, 0.018783237405282666]
823220596687437824	[0.0013319186989456222, -7.2926859107198e-05, 0.6449021260010147, 0.4613478061844104, 0.08355692883141771]	[0.0010416112494268433, 4.781001345706947e-05, 0.7170176392171279, 0.16674709766313167, 0.028257966094979898]
825654804	[-0.003024271126685316, -5.1700746269344114e-05, 4.56849404732634, 0.3532363792877064, 0.04932920875438606]	[0.0015226593617062793, 3.642491004184811e-05, 3.3978933224174632, 0.16701234015888652, 0.010417879007317072]
858012451366985730	[-0.0006335500833859909, -0.00011537908478290576, 0.6115648155020154, 0.5267475599722381, 0.18463856309275806]	[0.0011596358006670823, 9.332375195648261e-05, 0.6381228863353329, 0.12297500021708184, 0.1758857026485494]
874160094	[-0.0034377743289158063, -5.1700746269344114e-05, 4.498622378445571, 0.38235982278621644, 0.07276494698306743]	[0.0023979021321516836, 3.642491004184811e-05, 3.381169699773798, 0.13451540453025207, 0.036605328736752867]
879523106527653889	[-0.006883624249650096, -0.0026693310757421565, 0.09485880411865093, 0.21080200081227254, 0.08439378851970501]	[0.013367475372433638, 0.0016054523754288673, 0.16594030782463975, 0.1088852678124072, 0.022353335385928725]
881134810730827776	[-0.00328565308935557, -5.1700746269344114e-05, 4.499507839075733, 0.37916137554702944, 0.0706913148188863]	[0.0022809749299958376, 3.642491004184811e-05, 3.381902488206645, 0.13690964071065273, 0.033222175618240306]
955069564055941120	[-0.000980965199984187, -7.2926859107198e-05, 0.648303445467134, 0.4639857935058438, 0.08198165994386214]	[0.0009158867691761235, 4.781001345706947e-05, 0.7260142392148679, 0.18354952481776893, 0.03516868411050564]
997629108111724546	[-0.0020156491372534577, -7.2926859107198e-05, 0.6769200940714504, 0.47595917286801975, 0.08667943447253704]	[0.0012379907193446886, 4.781001345706947e-05, 0.6888727964706252, 0.16124545368390145, 0.03036101230674864]
1343869159562686469	[-0.003183552655774049, -5.1700746269344114e-05, 4.521866204962681, 0.36457385299883904, 0.06239678616216168]	[0.002202890025412842, 3.642491004184811e-05, 3.3999662337329792, 0.14695906661724012, 0.020095680059545616]
1353501845981966336	[-0.0026883452278009083, -5.1700746269344114e-05, 1.4059802832420476, 0.3334689371835506, 0.05696612933287834]	[0.003357796435588942, 3.642491004184811e-05, 2.405582356654267, 0.14317905365717332, 0.04436814462877887]
1368253253310443527	[0.0012356865828548613, -0.0026315979797626164, 0.1339591569866486, 0.24578308947019978, 0.16287632116129805]	[0.005328511757778874, 0.0014153025887123256, 0.19365217084729824, 0.09357833659663307, 0.14467404465336992]
1393029204384665601	[-0.0007968900097953042, -7.2926859107198e-05, 0.6402630015189436, 0.4691283757380365, 0.08977782532396117]	[0.0009067867660019003, 4.781001345706947e-05, 0.7115370738121161, 0.15566287144835828, 0.026653671334022293]
1427330037456515080	[0.00537615604643745, -3.755000437744152e-05, 0.23307023465209953, 0.5278170224072358, 0.27561645409644026]	[0.004297997439121802, 3.1429133600657427e-05, 0.24761007459022624, 0.11112947619906374, 0.28773241078507034]
143288338	[-0.001828992858230573, -5.1700746269344114e-05, 0.7159840089871432, 0.39175537031027435, 0.06586779191167776]	[0.0009802137667491175, 3.642491004184811e-05, 0.6373402676297474, 0.09884852647541975, 0.04517933835536255]
1435705539099611136	[-0.0009025262400715583, -7.2926859107198e-05, 0.6462929658743104, 0.451747569483557, 0.0794096645030554]	[0.0009757929432476554, 4.781001345706947e-05, 0.7219974834317325, 0.17445685210082193, 0.03130140992048067]
1453068880436400146	[0.005260920106192691, -3.755000437744152e-05, 0.23161174888478353, 0.523470610422796, 0.2673219254397156]	[0.004190313617825165, 3.1429133600657427e-05, 0.24645032530162506, 0.11368481786876151, 0.2738358836859768]
1459336623229919235	[-0.001034995806204321, -7.2926859107198e-05, 0.6450705357872237, 0.4613478061844104, 0.08355692883141771]	[0.0010651911231921956, 4.781001345706947e-05, 0.7205440574046483, 0.16674709766313167, 0.028257966094979898]
1463879060933820416	[-0.0013538245408817714, -5.1700746269344114e-05, 0.6374172114311418, 0.4552225614148661, 0.08831787832121878]	[0.0017433605250065586, 3.642491004184811e-05, 0.6984758041833928, 0.14918406434975331, 0.030157535925158824]
1464263722260910081	[0.0056049546344338515, -3.755000437744152e-05, 0.23465577583009675, 0.5299566718454727, 0.2797637184248026]	[0.004482865936928886, 3.1429133600657427e-05, 0.24889668817768637, 0.10988523180738025, 0.29468442087031066]
1472252293282209800	[-0.0005436722959486647, -3.755000437744152e-05, 0.6233829255642193, 0.4092047128069584, 0.06703105831298843]	[0.0012039898036740864, 3.1429133600657427e-05, 0.7517125870911533, 0.19689322501101983, 0.024159976280727323]
1501738932400230400	[-0.002607699488869322, -5.1700746269344114e-05, 1.416813333524845, 0.3341163372109071, 0.03615964453799517]	[0.003098634766516614, 3.642491004184811e-05, 2.432157465378874, 0.14904747190202672, 0.02074922095507046]
1503212289343868929	[-0.00011726422082135288, 0.0, 0.006455074869822365, 0.7082929774969977, 0.43626492846051307]	[0.0005734844117457476, 0.0, 0.005233291641444196, 0.03614441623456978, 0.6149580382975365]
1511938112712151040	[-0.001132356463463879, -5.1700746269344114e-05, 1.4024854415001866, 0.45554727553172414, 0.20662042276497905]	[0.0009122506539029921, 3.642491004184811e-05, 2.3964706059216203, 0.17613996069096996, 0.42635978653689344]
1512852649598599175	[-0.002879797076655337, -5.1700746269344114e-05, 1.3867213687778048, 0.35792928943439084, 0.16455651237600633]	[0.003743227063724974, 3.642491004184811e-05, 2.3627200295905895, 0.12516825556683456, 0.3163324726974274]
1514367527438233610	[-0.0017262452984360642, -5.1700746269344114e-05, 0.7212790970114779, 0.36830569121388534, 0.05239290594457317]	[0.000918122394539714, 3.642491004184811e-05, 0.6442757322648854, 0.11926022766401125, 0.024576499559102682]
1516569565144272902	[-0.001192035495993877, -5.1700746269344114e-05, 0.43327185419846864, 0.527011776488886, 0.07477514264733258]	[0.0007155466826985459, 3.642491004184811e-05, 0.3488523054058453, 0.2119315003316929, 0.03633732706688796]
1518685617001013250	[-0.0012461467897620703, -5.1700746269344114e-05, 1.419053730234478, 0.4509114129247457, 0.05599388650459986]	[0.0007125763436899462, 3.642491004184811e-05, 2.4362672998770276, 0.22037078948583333, 0.0448743721304878]
1102929069417521153	[0.0052615933903405465, -3.755000437744152e-05, 0.2297398705103323, 0.5185835400324786, 0.25836950204614895]	[0.004205440065701067, 3.1429133600657427e-05, 0.2451224302799365, 0.11700040971586186, 0.25976616776837336]
1520200806682832896	[-0.002708401198013377, -5.1700746269344114e-05, 1.4082626188877425, 0.3398310920954912, 0.07848420594150395]	[0.0033985732895670836, 3.642491004184811e-05, 2.411210965299256, 0.13960879944707089, 0.09770776969705972]
1520249272310059015	[-0.0027940405630207934, -5.1700746269344114e-05, 1.4144149333436649, 0.3350876728969397, 0.05696612933287834]	[0.0035712132038912226, 3.642491004184811e-05, 2.426838997311988, 0.14354361016761502, 0.04436814462877887]
1529682349029326848	[-0.0001602371434783642, -7.2926859107198e-05, 0.6449006616728108, 0.47075679416304406, 0.08977782532396117]	[0.000598167379387158, 4.781001345706947e-05, 0.7191448218346549, 0.1555698975876952, 0.026653671334022293]
1536682986371948547	[-0.0025674999784540747, -5.1700746269344114e-05, 1.4102744969173413, 0.3350876728969397, 0.05696612933287834]	[0.0031148073047568047, 3.642491004184811e-05, 2.4158268965726712, 0.14354361016761502, 0.04436814462877887]
1546125627081760769	[-0.0008525926205166346, -7.2926859107198e-05, 0.6482699559066833, 0.4513745433368862, 0.07733603233887425]	[0.0009427408208487261, 4.781001345706947e-05, 0.7259904046830322, 0.1790022305694571, 0.0332741921721523]
1546248279142301698	[-0.0012543137066734814, -5.1700746269344114e-05, 0.4431555543667474, 0.30713900334702005, 0.03052492399974295]	[0.0006727199677957227, 3.642491004184811e-05, 0.31894351331096665, 0.15436203399325352, 0.019106608999456754]
1547891496770105344	[-0.0029035349236694653, -5.1700746269344114e-05, 4.531535873835644, 0.35662109091129013, 0.0584348071243793]	[0.001746606839898307, 3.642491004184811e-05, 3.418099878232705, 0.14657584837643045, 0.01527308771839364]
1562158895224741888	[-0.0016764809779534243, -7.2926859107198e-05, 0.6360879730132551, 0.46080773700409183, 0.09794083601891837]	[0.0013306663065387806, 4.781001345706947e-05, 0.703242018978516, 0.16321582498133555, 0.043535450460701314]
1565991010995474434	[-0.003138316091582672, -5.1700746269344114e-05, 4.520928065326257, 0.3659279646364061, 0.06239678616216168]	[0.0021682996304029705, 3.642491004184811e-05, 3.3991939727673492, 0.14699563061563697, 0.020095680059545616]
1566095531499208704	[-0.0003638984110559365, -3.755000437744152e-05, 0.6210878030545604, 0.40466241867367286, 0.0656615717624039]	[0.0010450509990617871, 3.1429133600657427e-05, 0.7466772345931451, 0.19921708249626366, 0.024439839291874987]
1139230884354285568	[-0.0022638266523349335, -8.01086266087275e-05, 1.214384787509574, 0.37303753702935605, 0.07388443552865231]	[0.002421332412752291, 5.695137293042916e-05, 1.7562884455564494, 0.13700605378223635, 0.055718482569121874]
1145808668149125120	[-0.0030647016576966168, -5.1700746269344114e-05, 4.524498941898293, 0.35594998360882346, 0.060323153997980536]	[0.002112144021867586, 3.642491004184811e-05, 3.40218584015292, 0.14933490201106114, 0.017033355462015492]
1581206457843912704	[-0.002927131088490084, -5.1700746269344114e-05, 4.5269317240115665, 0.35204603196447903, 0.054576090441992346]	[0.0017959492250015584, 3.642491004184811e-05, 3.411609166516562, 0.15445413634680902, 0.01039859287365062]
1583116574948466688	[-0.0016292109828535363, -5.1700746269344114e-05, 0.7277074787094586, 0.3491229956657448, 0.042407389568988776]	[0.0008723865799447536, 3.642491004184811e-05, 0.6526616127984531, 0.1384591777907607, 0.01747929762302432]
1585283153475866624	[-0.005126052354112977, -0.00019900881533835467, 0.45335213511978567, 0.2710086521746856, 0.08972416926899081]	[0.003350926350085615, 0.00013826691952615252, 0.328678266000369, 0.09407323069632098, 0.10265406707022001]
