1586144310042451968	[-7.364514076457224e-05, -7.358235221929949e-05, 0.7121769495482886, 0.5051398747765576, 0.5439508338819442]	[4.390749705733576e-05, 4.3882185921054354e-05, 0.10606911028746524, 0.20677024930614205, 0.8691699064039035]
1586067079312166914	[-0.00011707148005449017, -0.00011699624706469096, 0.8214491067443742, 0.40126142221224587, 0.30894266087151534]	[3.5118913452387316e-05, 3.5120174974401446e-05, 0.07166662688719522, 0.12549706649425707, 0.20849896960820677]
1586022285345013760	[-9.66167461324723e-05, -9.653489122975397e-05, 0.796492207105009, 0.4039404331855851, 0.5588971090602051]	[4.378590670248739e-05, 4.3770573829639285e-05, 0.17984706736443604, 0.15842318520367657, 0.8070606375204029]
1586027737273184257	[-7.759028858394645e-05, -7.758368726629267e-05, 0.832618270134687, 0.47350471145356887, 0.4331233315417814]	[3.4004391117833435e-05, 3.3995156787580303e-05, 0.03923776139466455, 0.13218072545846002, 0.2692854389944232]
1586149818023518209	[-8.686980217978509e-05, -8.679218851787783e-05, 0.7960015000982463, 0.40272389212686, 0.5586414629795382]	[5.602767718732109e-05, 5.600651006736219e-05, 0.17955003246271123, 0.15754825994646912, 0.8071976480273949]
1586346520185544704	[-9.646044862556788e-05, -9.638405234942515e-05, 0.7964816883153171, 0.408725552668483, 0.7095236453205842]	[4.3961053013465554e-05, 4.394334221797227e-05, 0.1798640167325396, 0.15378969549964797, 1.1883086414709374]
1162845798608117761	[-7.734548808331125e-05, -7.730232901904695e-05, 0.8326111125895351, 0.4789452045152724, 0.441878556847276]	[3.829098943253486e-05, 3.829454214792158e-05, 0.03917436657621026, 0.13445099111591874, 0.26987786321890245]
1586944032726474752	[-5.005581756233369e-05, -4.9960610493404686e-05, 0.8251320877840661, 0.4669308598612948, 0.5123050467793792]	[2.156335469411049e-05, 2.1536006529478352e-05, 0.10491701173115202, 0.13305868460552747, 0.3228964807352744]
1587961913954156545	[-8.971887307317154e-05, -8.964180804159245e-05, 0.8005878292061279, 0.40819461680529157, 0.6248745225135666]	[5.2238111387130324e-05, 5.22170729658307e-05, 0.1706730074445601, 0.1570669672495039, 0.9696732493155018]
1588771753362214912	[-0.00010185227035981995, -0.00010176575509424731, 0.7964987649051115, 0.40150430954829996, 0.4943428792343282]	[3.8280395913138224e-05, 3.827423351874698e-05, 0.17983656094347725, 0.16040166726123808, 0.6446929296578771]
1588704907149860864	[-8.680988306725975e-05, -8.680467429913545e-05, 0.7986819171228643, 0.5072539287000358, 0.5178167259827392]	[5.538553744581924e-05, 5.534757564709299e-05, 0.1487557912476065, 0.1437289441501524, 0.3986925222009849]
1593237575124549634	[1.5943277433575604e-05, 1.5970327992398122e-05, 0.9027898594745143, 0.21365843893230166, 0.23808436405026462]	[5.4306465579776736e-05, 5.430000381757923e-05, 0.02703517229444245, 0.1195735174362814, 0.1339180775804226]
1590583719194234880	[-5.1037652085959996e-05, -5.083609515326721e-05, 0.8832911190968313, 0.6302117247664613, 0.4575257419593369]	[4.4698033218060584e-05, 4.460198734679352e-05, 0.052248496927105946, 0.17954957797512672, 0.5898940139592539]
1589248003478528007	[-8.955408638045386e-05, -8.947277246238393e-05, 0.7964796954400469, 0.3990836082529952, 0.451306726017077]	[5.250099745965274e-05, 5.24849570850412e-05, 0.17986729121582407, 0.16154612289995096, 0.5372028183135008]
1593060853854642183	[-0.00010984150916315125, -0.00010975692725090426, 0.8212840467107928, 0.42256294551461965, 0.35407254765669627]	[3.319245326950597e-05, 3.319873984924391e-05, 0.09566297504228509, 0.11896818805348792, 0.2867626755706234]
1593636437378957315	[-8.883749056572078e-05, -8.873942819808477e-05, 0.7964891331442063, 0.40150430954829996, 0.4943428792343282]	[5.344393907513498e-05, 5.3450155553232904e-05, 0.17985203515591955, 0.16040166726123808, 0.6446929296578771]
1595898631260844032	[-0.00014560489972086202, -0.00014545459246101267, 0.8354962379099018, 0.4225396280060624, 0.35543458800713496]	[5.138990712391827e-05, 5.141987713985084e-05, 0.08337792755999392, 0.11833181673216414, 0.290351701154267]
1597567891657875456	[0.0005137230662321077, 0.0005135432600892261, 0.9528237399482243, 0.3355283541714149, 0.39398823377490627]	[0.0003326449354889894, 0.0003326749130156398, 0.04461810057801554, 0.08909033278860383, 0.3122677998725493]
1595948931149697025	[-7.013936852224432e-05, -7.008193067530402e-05, 0.8426201002272975, 0.488655312915262, 0.430544953850527]	[3.5173059791335494e-05, 3.51827404758564e-05, 0.06267721996960512, 0.1449811839048521, 0.23401409052808875]
1596624149786644485	[-7.538295267662939e-05, -7.532951673650592e-05, 0.8426868185492188, 0.4872466400373287, 0.42847132168634583]	[3.3448197710373805e-05, 3.34548812567297e-05, 0.06262757735932774, 0.1454972321660688, 0.23089217615176913]
1596784198181863425	[-8.727979078075441e-05, -8.720343468271548e-05, 0.7964708036250228, 0.40514540179535996, 0.5804151856688305]	[5.552278596741497e-05, 5.5500570686435595e-05, 0.17988158936654616, 0.1578569544138217, 0.8613714470926431]
1198361171989893120	[1.6400927525289577e-05, 1.6303640073318447e-05, 0.8709044052172219, 0.5404537839531853, 0.21735998405742823]	[1.9114399790734135e-05, 1.9107192326093882e-05, 0.019891571709483025, 0.09534677924247874, 0.12317127840726455]
1598843895579922432	[-8.766619242880443e-05, -8.758879950877504e-05, 0.7979216278344149, 0.4054721760549736, 0.581126777482573]	[5.5025058097828675e-05, 5.500334900637864e-05, 0.176673684237379, 0.15802558216733917, 0.8611198115800356]
1601606563059453952	[-7.075418997947091e-05, -7.069112960914729e-05, 0.8606691287708067, 0.46463747159860197, 0.3761570039737973]	[2.7688941614604346e-05, 2.7708572300684954e-05, 0.03086791190056185, 0.14963319349905968, 0.19048439554085964]
1604175610036862977	[-7.268605665745264e-05, -7.261626556331209e-05, 0.8426799872252763, 0.49451846499071994, 0.44713401116397616]	[3.428064380622534e-05, 3.4293589035725244e-05, 0.0626326649986216, 0.1410655271959633, 0.2593376835035072]
1605382922348945408	[-6.973709755544446e-05, -6.968361851654258e-05, 0.8425998438427305, 0.49508834300034776, 0.44920764332815727]	[3.5323095734499965e-05, 3.533126641710073e-05, 0.06269232565003308, 0.14059127096192486, 0.26254141846039364]
166581878	[0.00011724030012565546, 0.0001172293142153961, 0.9147034467029626, 0.3362224002706074, 0.12227657835746113]	[0.00012125510582625693, 0.00012125223779957698, 0.046473250571395314, 0.07996347738951814, 0.06166793977794983]
183347440	[0.0008132428339735353, 0.0008130920080990814, 0.9376846035110215, 0.3023271239765093, 0.3242434791864383]	[0.00042979743419268137, 0.0004298024708209415, 0.06434327444130294, 0.10209277655037839, 0.21045791184442733]
20635049	[0.0009728981935085678, 0.0009727451892301093, 0.9391960434856278, 0.29420338946018093, 0.5619383334132902]	[0.001257610104138682, 0.0012576261579745676, 0.014680892329639211, 0.10716075029834617, 0.8057653855002225]
1606396329067945984	[-6.47278126795052e-05, -6.468180340333354e-05, 0.8424816895653078, 0.49791383814020845, 0.4595758041490631]	[3.7377973709670664e-05, 3.7382969119664024e-05, 0.06278041267451748, 0.13825202910762383, 0.278667213642753]
2688511189	[-3.6473606118498085e-05, -3.6429555172031976e-05, 0.9614386071344553, 0.3796276843042429, 0.3643236957489922]	[1.5478596731561903e-05, 1.5475933777782456e-05, 0.03137194955826887, 0.09302814166552907, 0.2626897343980806]
16453377	[-0.0003260186367716592, -0.000325972087016434, 0.8534102723521773, 0.41450466094153354, 0.3120527055230112]	[0.00029987110173554783, 0.0002998125985121588, 0.03923091247326862, 0.15344491101954483, 0.14012731848435322]
2800980736	[0.0009663667922280941, 0.00096623132783703, 0.9223678723072811, 0.3047673914689613, 0.7540082879997101]	[0.0012580617667288811, 0.0012580882254495309, 0.06913282632800939, 0.09858956500433813, 1.2973411946073181]
20775133	[-0.00032832260242935855, -0.0003282744147508367, 0.8539101966363917, 0.4162527678655956, 0.31827360201555455]	[0.0002986370747772221, 0.0002985794058100073, 0.038921187841176895, 0.1518633421342095, 0.1504351792688703]
2281732880	[-7.857601023827388e-05, -7.856982894145466e-05, 0.8293243510318448, 0.4613267694402257, 0.4020188490790641]	[3.479007421878312e-05, 3.4780919035601015e-05, 0.04129992685096426, 0.13946947402357812, 0.220163576907145]
2945495369	[0.0007962125868362068, 0.0007960188183507662, 0.9347869176098866, 0.30969665426571114, 0.38428817458497316]	[0.0004228891304556099, 0.0004228610675742787, 0.05172860937759327, 0.09333102957334635, 0.3241953163577534]
122406464	[-0.0001171969164406889, -0.00011712952451476285, 0.8062933535469, 0.4032551626801083, 0.3099631625322661]	[3.4104875927694164e-05, 3.411024166079402e-05, 0.08553568126615209, 0.12461575077487705, 0.21321788962180568]
2953744109	[-0.00033179901206323574, -0.0003317432855532061, 0.8534801923022776, 0.4148258715726769, 0.31619996985137344]	[0.00029678752559237715, 0.0002967337707334643, 0.0391874918928024, 0.15238068916076614, 0.14699617922553393]
303742383	[-0.000333859408001482, -0.0003338117850508112, 0.8535434063409091, 0.4169522415877667, 0.32034723417973576]	[0.0002956984774301184, 0.0002956404020046893, 0.03914826305477626, 0.15134227996063473, 0.1538769534806309]
1225439204	[-6.874442487382112e-05, -6.869048354635735e-05, 0.8416845321816674, 0.48931606768304514, 0.42847132168634583]	[3.570293755194112e-05, 3.571156399278576e-05, 0.06337487591263531, 0.14543304641111598, 0.23089217615176913]
1229891962414587904	[-9.861903351177155e-05, -9.853716347787456e-05, 0.9224811228764451, 0.5119017112718611, 1.1861385000773357]	[4.354993829234047e-05, 4.352647673874555e-05, 0.07974280846173087, 0.16380651520220002, 2.149196209866456]
3338767810	[4.338200629332198e-05, 4.338065447897858e-05, 0.970441524149248, 0.6041020300905424, 0.7781336389576065]	[2.4246388544235144e-05, 2.4241383234999162e-05, 0.08025736752862996, 0.07365703315885767, 0.9262872800022992]
30884721	[-0.0003297276777864377, -0.00032967671416141896, 0.853473881197578, 0.42216163979599375, 0.33486265932900383]	[0.00029788777635382545, 0.00029783149771737776, 0.03919141146485718, 0.1477516500939278, 0.1780335189177513]
398054082	[2.6678023786666522e-05, 2.6704803271814323e-05, 0.9219686949485132, 0.19495856981780846, 0.18098227892344287]	[7.460576994395703e-05, 7.459416080401959e-05, 0.040568701661139524, 0.12289047123199326, 0.04242765998660689]
365004971	[-0.0003256521403727518, -0.0003256059541479297, 0.8534039883020803, 0.42216163979599375, 0.33486265932900383]	[0.0003000679941572001, 0.00030000930789426516, 0.03923481637846009, 0.1477516500939278, 0.1780335189177513]
437210920	[-5.637260931538411e-05, -5.619991290038667e-05, 0.8530102173140977, 0.6818080419957059, 0.806715812290525]	[2.8954231569168054e-05, 2.8864212274974484e-05, 0.1412547844400902, 0.15756141795983433, 1.226548382249682]
438821961	[3.4181227731935486e-05, 3.433765603342249e-05, 0.9808474328240215, 0.4028555835314525, 0.3995962246960702]	[3.6975113589527335e-05, 3.6887560866272595e-05, 0.04392804487581884, 0.11705734693785523, 0.25950842936785584]
4068912568	[-9.183923915195341e-05, -9.174670117928546e-05, 0.7965669925613329, 0.4043378857202134, 0.558897109060205]	[4.958245123391898e-05, 4.955540971096853e-05, 0.17972794938795766, 0.15851062636130714, 0.8070606375204029]
736016838052720640	[-4.3351606964845964e-05, -4.3346574084548116e-05, 0.8979551484800029, 0.4117575006177319, 0.4463800060588639]	[1.596612595311736e-05, 1.5915973211160307e-05, 0.024975104869580128, 0.1143922972237483, 0.2588557524936982]
45546362	[-7.761496023838511e-05, -7.760862295844437e-05, 0.8326182027600517, 0.4677399147241658, 0.414460642064151]	[3.402436729258485e-05, 3.4015018851372597e-05, 0.03923780258080809, 0.13641011598555178, 0.2396400741231998]
712020000203145220	[-0.00010918001283279123, -0.00010909256630055021, 0.8238572957815813, 0.4213607720716853, 0.3595818523354973]	[3.299394347459363e-05, 3.2998945113921584e-05, 0.09253565303239528, 0.11750819384543919, 0.29714213617800783]
1252733774837755924	[-8.678845227557684e-05, -8.678337468535205e-05, 0.8410969450831263, 0.500156462186107, 0.49085950784838434]	[5.5397776332496774e-05, 5.5359797151296744e-05, 0.11507922745876405, 0.14864350309015575, 0.3536781816115905]
766054909389201408	[-0.0001106360686124771, -0.00011054278290805997, 0.8325094298206887, 0.4294943748131106, 0.3761709096489465]	[3.342901954143972e-05, 3.3433927366606985e-05, 0.0857227874020671, 0.11434674983096005, 0.3243934214072352]
772588501934051328	[-0.0001101543688303183, -0.0001100671125239305, 0.8347307613113217, 0.41912580869296334, 0.34921369151459153]	[3.3281682352935753e-05, 3.328732461972279e-05, 0.08397839097365246, 0.11954897862096571, 0.28018548541962646]
808783915355951105	[-7.411529836660733e-05, -7.407543082935767e-05, 0.8291036302243049, 0.46787884721596407, 0.4045531778920153]	[3.5707687024288055e-05, 3.571166405878514e-05, 0.043697650528797094, 0.14304443409154002, 0.21110638847107735]
816968928077500416	[-0.0003272688246141794, -0.0003272201414550631, 0.8534304058185456, 0.41414207332514114, 0.3120527055230112]	[0.00029920068409166765, 0.0002991432969366821, 0.03921840599645826, 0.15344028843481194, 0.14012731848435322]
821153004992757760	[-0.00011020805348776509, -0.00011011933667609365, 0.7969099189004324, 0.4182320693104927, 0.3419865505784805]	[3.330106656559562e-05, 3.330629827865671e-05, 0.11598531886181834, 0.12157574539646866, 0.26638522154027733]
823220596687437824	[-8.035305019649555e-05, -8.03364405295348e-05, 0.8326195885849035, 0.46753627888071686, 0.41238700989996985]	[3.6193804676924205e-05, 3.6189862221607116e-05, 0.039236961647522155, 0.13685631449256608, 0.23637583713384036]
825654804	[-0.00032229577972624055, -0.0003222428450541013, 0.8460872150253458, 0.409418225919118, 0.28578872222641816]	[0.00030309439305538567, 0.00030305884404696783, 0.04901100744204064, 0.1599627319938722, 0.11748295566598028]
879523106527653889	[0.00013543956572674884, 0.0001354557768654659, 0.9390306167588667, 0.2247701237296428, 0.2538436712476702]	[0.00014306114953595173, 0.00014306280886462608, 0.013470646892053868, 0.10118469767230147, 0.12309184379291223]
874160094	[-0.000326099609413707, -0.0003260529628557506, 0.8534116610142022, 0.41521092341318694, 0.31412633768719234]	[0.00029982761668277805, 0.00029976916901823416, 0.03923004955663532, 0.15291594582780732, 0.1435601527173355]
858012451366985730	[-8.684948064108475e-05, -8.68442857793724e-05, 0.7986679408892288, 0.5021247536753721, 0.49708040434092776]	[5.5362801721662714e-05, 5.5324854064750645e-05, 0.14876691184537802, 0.14747880195328888, 0.3640552409502906]
881134810730827776	[-0.000326446281524441, -0.00032639945112336393, 0.8534176024104035, 0.41450466094153354, 0.3120527055230112]	[0.000299641554939495, 0.00029958319880279597, 0.039226358637764226, 0.15344491101954483, 0.14012731848435322]
955069564055941120	[-7.577958916628998e-05, -7.573836367120742e-05, 0.8258492209030247, 0.46984871320014504, 0.4066879533332425]	[3.654557877295712e-05, 3.654970760567192e-05, 0.04874411744140457, 0.14351167910827825, 0.21062028761169072]
1343869159562686469	[-0.0003260974403452617, -0.0003260509956244457, 0.8534108517407745, 0.4120127552039332, 0.3058318090304677]	[0.00029982878173950844, 0.00029977022530648184, 0.039230552343310986, 0.15503816789099462, 0.12985050009227886]
997629108111724546	[-7.347215600465339e-05, -7.341289029186431e-05, 0.8426957523424838, 0.4927991297534755, 0.4409131146714327]	[3.4025495472029846e-05, 3.403481097262287e-05, 0.0626208545610367, 0.14250135611030262, 0.24977427868918378]
1368253253310443527	[0.00013936619374928163, 0.00013938444986938048, 0.9681211227731767, 0.251241036392029, 0.3161765938831035]	[0.00010668378019930724, 0.00010668241567056879, 0.07900349438378848, 0.10569274874043505, 0.19453915324931184]
1353501845981966336	[-8.967292178174576e-05, -8.959759183700893e-05, 0.7964610827327179, 0.4015304959660355, 0.5158609558429538]	[5.2344918158327524e-05, 5.232161342307321e-05, 0.17989721592378013, 0.15955586522972987, 0.698699487961048]
1393029204384665601	[-7.700432019570446e-05, -7.699834756838606e-05, 0.44204357191345856, 0.46613120320619134, 0.41031337773578874]	[3.353829227113111e-05, 3.352902059149294e-05, 0.34668836314429907, 0.13739364732908688, 0.2331184566518623]
1427330037456515080	[2.3619640551986702e-05, 2.3572542544724127e-05, 0.8897360548466844, 0.5036319470952062, 0.6782688532538669]	[5.2022867558248715e-05, 5.1962750536326497e-05, 0.06600221859299084, 0.13812163751266524, 0.591315677858376]
143288338	[-0.00011084501288504553, -0.00011075824013026902, 0.8235235003717817, 0.4315439702315357, 0.38239180614149]	[3.349517628457993e-05, 3.350157468171865e-05, 0.09279904312848657, 0.11318738960820757, 0.33464470206835234]
1435705539099611136	[-7.92182709263339e-05, -7.921085046240639e-05, 0.8331539764221056, 0.4606060507417589, 0.39165068825815824]	[3.530172746160682e-05, 3.529197362625169e-05, 0.03890929660365946, 0.14179142346538445, 0.20416450405042097]
1453068880436400146	[2.4059677743264862e-05, 2.4012443997552076e-05, 0.8897459983943835, 0.5032372033958167, 0.6761952210896859]	[5.2371052567830206e-05, 5.231081532788999e-05, 0.06599426773892678, 0.1383777305793041, 0.5878699257852954]
1459336623229919235	[-7.38368796897702e-05, -7.383080963134037e-05, 0.8210111423783087, 0.4618461532418095, 0.3957979525865206]	[3.1019841751540035e-05, 3.101039063455239e-05, 0.046775750591310804, 0.14079837849195803, 0.2105354257100172]
1463879060933820416	[-7.671316482755412e-05, -7.663230458595033e-05, 0.8251376865260727, 0.4725662239060483, 0.4457203099367528]	[3.63151661182674e-05, 3.628029134502776e-05, 0.05620418013794703, 0.13194482158229942, 0.3118623274731667]
1503212289343868929	[6.334580299065986e-05, 6.334532734780587e-05, 1.005849179484482, 0.5893955843048917, 0.8653018286787874]	[3.712680603262019e-05, 3.713167886494286e-05, 0.026924361374907283, 0.0572133528659079, 1.1582157495194079]
1464263722260910081	[2.599801648992681e-05, 2.5948692210818473e-05, 0.8897898328735152, 0.5048119554508419, 0.6844897497464104]	[5.3905952050068426e-05, 5.3844043813423906e-05, 0.06595921971936375, 0.1373576735995124, 0.6016567275219685]
1472252293282209800	[-0.0005978439439729283, -0.0005977306604095658, 0.853048803683774, 0.4726252453507972, 0.4067235324231171]	[0.0003631644047409219, 0.00036313886470871386, 0.05597613114082683, 0.15209626321198644, 0.19721684933919587]
1501738932400230400	[-8.525958904447763e-05, -8.51874203360922e-05, 0.7982937381911398, 0.4046669653968177, 0.5596087008739473]	[5.8326212786080446e-05, 5.829621462092385e-05, 0.1758163861195924, 0.1586780325064664, 0.8068104074959084]
1511938112712151040	[-8.321246924582079e-05, -8.313916537163959e-05, 0.8379283709495735, 0.5091249778413325, 0.46952998660500256]	[5.743722209941201e-05, 5.7415100629399085e-05, 0.07523351516291378, 0.1757485418503445, 0.5916696271793779]
1516569565144272902	[3.0330738618437554e-05, 3.032240914999576e-05, 1.0704237271058337, 0.5164146608922696, 0.26180858267188184]	[5.734098478647578e-05, 5.731549375148416e-05, 0.1142415322007081, 0.18640887040173768, 0.06065064639556102]
1512852649598599175	[-8.834079232011175e-05, -8.82689790542827e-05, 0.7964594733999055, 0.4059502087341996, 0.6019332622774561]	[5.410327913975375e-05, 5.4074143807105687e-05, 0.17989986472544836, 0.15720710016930078, 0.9157484912354095]
1514367527438233610	[-0.00011135505688521905, -0.00011127306674611087, 0.8154923323983033, 0.42519505841908833, 0.3498282716368121]	[3.409819333247133e-05, 3.411351235340995e-05, 0.12894023373480684, 0.12161536911700828, 0.26512270208775895]
1518685617001013250	[-9.271722624254607e-05, -9.26396759810193e-05, 1.214989073492783, 0.5206465420865566, 0.4299175497642127]	[4.596271591374499e-05, 4.594502960642962e-05, 0.5145235431578774, 0.19780554365458353, 0.4842722988532243]
1102929069417521153	[2.6582036601268793e-05, 2.6526202218119992e-05, 0.8900868887166974, 0.5050444788458879, 0.6862344345421706]	[5.448393443127151e-05, 5.4417106987092794e-05, 0.06572908542318538, 0.13729961519331396, 0.6049723884514653]
1520200806682832896	[-8.95814859304175e-05, -8.950380567695115e-05, 0.7878286161773681, 0.4029940699155908, 0.49541026695494184]	[5.257675263692588e-05, 5.255419275825524e-05, 0.19930762403698948, 0.16088011665895158, 0.6443266307523308]
1520249272310059015	[-8.833057049728929e-05, -8.825462412472819e-05, 0.7964503798428697, 0.40153049596603557, 0.5158609558429538]	[5.411586982358865e-05, 5.409324096267063e-05, 0.17991448646089803, 0.1595558652297299, 0.698699487961048]
1546248279142301698	[-9.238581062112356e-05, -9.239912479726416e-05, 0.8472130738056527, 0.47381778523194357, 0.5556326897590417]	[4.839528073440956e-05, 4.839325558077653e-05, 0.03826369196228753, 0.09439224032333943, 0.8072067991547909]
1529682349029326848	[-7.703413890463132e-05, -7.702816468337248e-05, 0.8676188782180341, 0.46814068250250823, 0.414460642064151]	[3.356207386803726e-05, 3.355276054826797e-05, 0.025528959658338044, 0.1363791738933976, 0.2396400741231998]
1536682986371948547	[-9.346667513002577e-05, -9.338791299852425e-05, 0.7965477682814117, 0.4039528247843311, 0.5804151856688307]	[4.75247437618274e-05, 4.750796460191988e-05, 0.17975751325702508, 0.15760025378826753, 0.8613714470926431]
1546125627081760769	[-8.336391251965269e-05, -8.331842663306147e-05, 0.8299674674006744, 0.46448843215800956, 0.4020188490790641]	[3.8561592704141855e-05, 3.857144857497511e-05, 0.04089187632233763, 0.13927498167062174, 0.220163576907145]
1547891496770105344	[-0.0003230468920577637, -0.000322993676377536, 0.829942194245131, 0.39898016234093625, 0.2811683335351257]	[0.00030043332806977855, 0.00030039697339983857, 0.05674920333697669, 0.15496663613201564, 0.10651120066534021]
1565991010995474434	[-0.00032541932167225857, -0.0003253730236152659, 0.8198352300820009, 0.40732617918763203, 0.2913163838811996]	[0.00030019315890426185, 0.0003001345376682985, 0.06255562528684624, 0.1588653544110207, 0.10604263549837534]
1562158895224741888	[-6.881119423939306e-05, -6.87245731302346e-05, 0.8509078947771964, 0.49394299652658047, 0.45395646091808517]	[3.866334206559129e-05, 3.8656283960109126e-05, 0.07043457151466534, 0.1434251178569154, 0.24930962942327867]
1566095531499208704	[-0.0006012546970786898, -0.0006011391383471918, 0.8394611605921146, 0.47000060599224336, 0.3998178926552814]	[0.00036173572069901985, 0.0003617106905774889, 0.06213605404922408, 0.15377209097707192, 0.18719052187300192]
1145808668149125120	[-0.00032586631765217004, -0.0003258199955096928, 0.8391343985760972, 0.40450073835472483, 0.2913163838811996]	[0.0002999529063818714, 0.0002998942917008286, 0.04866502400556744, 0.1587376803909967, 0.10604263549837534]
1139230884354285568	[-0.00010226938356586595, -0.0001022517535657147, 0.8143609722398587, 0.40611096862810536, 0.48311034137266845]	[4.111882573472452e-05, 4.10067231834487e-05, 0.1252644778666631, 0.15324742451342874, 0.5149037242447297]
1585283153475866624	[-0.00011092387966954293, -0.00011080092337795226, 0.8453588285145898, 0.36019214035009683, 0.42889470732790597]	[2.2537140865413397e-05, 2.2544293255482628e-05, 0.0290573549713032, 0.08187958964710944, 0.45262151322031347]
1581206457843912704	[-0.00032095650474409917, -0.0003209000103810136, 0.8478213021639115, 0.3973842185544219, 0.27479826087359344]	[0.0003024178732659033, 0.0003023751170922084, 0.047240081231898524, 0.15977716653650742, 0.08803243563534614]
1583116574948466688	[-0.00011118300218872135, -0.00011109397758539657, 0.8249377493488488, 0.4207372521129157, 0.3485632429778952]	[3.360278145786807e-05, 3.360875913155559e-05, 0.09166021532483036, 0.12043364639578975, 0.27641523352533054]
