1586022285345013760	[7.241366970681875e-42, 0.0, -0.00886840049922518, 0.3350876728969397, 0.05696612933287834]	[1.9158856156581394e-41, 0.0, 0.023463582247870894, 0.14354361016761502, 0.04436814462877887]
1586027737273184257	[2.1724100912045627e-42, 0.0, -0.0028308391791471987, 0.47377784446431487, 0.09185145748814232]	[5.747656846974419e-42, 0.0, 0.00748969646964171, 0.15206144413565068, 0.02701976628896489]
1586067079312166914	[2.1724100912045627e-42, 0.0, -0.0017638932872322051, 0.3595914811605832, 0.04094283932002175]	[5.747656846974419e-42, 0.0, 0.004666822977272636, 0.16514506938671883, 0.02201732315999625]
1586144310042451968	[0.0, 0.0, 2.638418549607066e-38, 0.497884675052258, 0.33128069332712684]	[0.0, 0.0, 6.98059933676003e-38, 0.19882746640215077, 0.7569000617430864]
1586149818023518209	[7.241366970681875e-42, 0.0, -0.009436130634777197, 0.35863008028605836, 0.18591636113653065]	[1.9158856156581394e-41, 0.0, 0.024965654998338513, 0.11980673837369836, 0.3712137109140301]
1586346520185544704	[7.241366970681875e-42, 0.0, -0.00943613100226321, 0.34904923098904184, 0.12152035915875511]	[1.9158856156581394e-41, 0.0, 0.024965655970615123, 0.1321396994294165, 0.20679762224788972]
1162845798608117761	[0.0, 0.0, 0.0, 0.49364338412979575, 0.10336843012236997]	[0.0, 0.0, 0.0, 0.14211834706251775, 0.0321115693625118]
1586944032726474752	[0.0, 8.054538507830062e-260, 0.0, 0.4334433560869925, 0.139470010927191]	[0.0, 0.0, 0.0, 0.12383478439462423, 0.07927983434667164]
1587961913954156545	[7.241366970681875e-42, 0.0, -0.009436799714984697, 0.34448389633209103, 0.10000228255012954]	[1.9158856156581394e-41, 0.0, 0.024967425218174726, 0.13580939467290443, 0.15213716298908433]
1588704907149860864	[0.0, 0.0, 0.0, 0.5416321658810271, 0.2053748847345696]	[0.0, 0.0, 0.0, 0.1131810955406939, 0.21082241894160747]
1588771753362214912	[7.241366970681875e-42, 0.0, -0.00886840049922518, 0.3350876728969397, 0.05696612933287834]	[1.9158856156581394e-41, 0.0, 0.023463582247870894, 0.14354361016761502, 0.04436814462877887]
1589248003478528007	[7.241366970681875e-42, 0.0, -0.00886840049922518, 0.3350876728969397, 0.05696612933287834]	[1.9158856156581394e-41, 0.0, 0.023463582247870894, 0.14354361016761502, 0.04436814462877887]
1590583719194234880	[0.0, -4.209924488311983e-86, 0.0, 0.6081184214302239, 0.12329117383689742]	[0.0, 4.347311424281971e-86, 0.0, 0.21024125493993698, 0.09166067565707113]
1593060853854642183	[2.1724100912045627e-42, 0.0, -0.002831039914495409, 0.34538869465521993, 0.04169579775524636]	[5.747656846974419e-42, 0.0, 0.007490227565452416, 0.13708693584223394, 0.017049426482664002]
1593237575124549634	[-2.1226385402845693e-15, 0.0, -2.1226385402845693e-15, 0.17193344136089173, 0.08162648383609576]	[5.615973700874129e-15, 0.0, 5.615973700874129e-15, 0.08911959980726955, 0.05200566795033855]
1593636437378957315	[7.241366970681875e-42, 0.0, -0.009272218887158583, 0.3398310920954912, 0.07848420594150395]	[1.9158856156581394e-41, 0.0, 0.02453198527717768, 0.13960879944707089, 0.09770776969705972]
1595898631260844032	[2.1724100912045627e-42, 0.0, -0.0026605201497675542, 0.33211599495709504, 0.03683694161314163]	[5.747656846974419e-42, 0.0, 0.007039074674361266, 0.14347025707133726, 0.01805338282826181]
1595948931149697025	[0.0, 0.0, 0.0, 0.47595917286801975, 0.08667943447253704]	[0.0, 0.0, 0.0, 0.16124545368390145, 0.03036101230674864]
1596624149786644485	[0.0, 0.0, 0.0, 0.47595917286801975, 0.08667943447253704]	[0.0, 0.0, 0.0, 0.16124545368390145, 0.03036101230674864]
1596784198181863425	[7.241366970681875e-42, 0.0, -0.005879644290774017, 0.330250323315304, 0.03544805272425274]	[1.9158856156581394e-41, 0.0, 0.015556076590908786, 0.1476198729006162, 0.02027038130492245]
1597567891657875456	[0.0, 0.0, 0.0, 0.31527136872027595, 0.14706225975265294]	[0.0, 0.0, 0.0, 0.07332118409602136, 0.12523607667884992]
1598843895579922432	[7.241366970681875e-42, 0.0, -0.00886840049922518, 0.33701222863291797, 0.05732192523974955]	[1.9158856156581394e-41, 0.0, 0.023463582247870894, 0.14424319164742988, 0.0443105344812731]
1601606563059453952	[2.1724100912045627e-42, 0.0, -0.0026605201497675542, 0.41854434230642734, 0.06088578276193913]	[5.747656846974419e-42, 0.0, 0.007039074674361266, 0.18290885521022082, 0.023450034996604963]
1198361171989893120	[0.0, 0.0, 0.0, 0.5806493799602148, 0.10753693822037115]	[0.0, 0.0, 0.0, 0.1046592205918288, 0.06645321666507781]
1604175610036862977	[0.0, 0.0, 0.0, 0.47595917286801975, 0.08667943447253704]	[0.0, 0.0, 0.0, 0.16124545368390145, 0.03036101230674864]
1605382922348945408	[0.0, 0.0, 0.0, 0.47595917286801975, 0.08667943447253704]	[0.0, 0.0, 0.0, 0.16124545368390145, 0.03036101230674864]
1606396329067945984	[0.0, 0.0, 0.0, 0.47595917286801975, 0.08667943447253704]	[0.0, 0.0, 0.0, 0.16124545368390145, 0.03036101230674864]
16453377	[0.0, 0.0, 0.0, 0.38235982278621644, 0.07276494698306743]	[0.0, 0.0, 0.0, 0.13451540453025207, 0.036605328736752867]
166581878	[0.0, 0.0, 0.0, 0.4165323416809148, 0.08806317318377267]	[0.0, 0.0, 0.0, 0.09998199363668478, 0.06895585064066476]
183347440	[0.0, 0.0, 0.0, 0.2829745100610692, 0.1381658351796028]	[0.0, 0.0, 0.0, 0.08088947642436857, 0.11057678558103305]
20635049	[0.0, 0.0, 0.0, 0.2526254078325278, 0.1200314554463828]	[0.0, 0.0, 0.0, 0.09493517506405987, 0.09544490692892703]
20775133	[0.0, 0.0, 0.0, 0.37591996620019485, 0.06861768265470514]	[0.0, 0.0, 0.0, 0.13935348240480214, 0.029866084607191413]
2281732880	[2.1724100912045627e-42, 0.0, -0.002781665666147575, 0.4547655673382748, 0.0794096645030554]	[5.747656846974419e-42, 0.0, 0.0073595955831533034, 0.17478876381142175, 0.03130140992048067]
2688511189	[0.0, 0.0, 0.0, 0.36940280904612566, 0.12620796786484856]	[0.0, 0.0, 0.0, 0.07991407124261486, 0.11575776567470393]
2800980736	[0.0, 0.0, 0.0, 0.2756341209372485, 0.3114576054497414]	[0.0, 0.0, 0.0, 0.0599091066081707, 0.5782064869054249]
122406464	[2.1724100912045627e-42, 0.0, -0.0017638932872322051, 0.36734277919611386, 0.042476662458790074]	[5.747656846974419e-42, 0.0, 0.004666822977272636, 0.16400145548838707, 0.023968251153941737]
1225439204	[0.0, 0.0, 0.0, 0.47595917286801975, 0.08667943447253704]	[0.0, 0.0, 0.0, 0.16124545368390145, 0.03036101230674864]
2945495369	[0.0, 0.0, 0.0, 0.2794093096364083, 0.13858959712176488]	[0.0, 0.0, 0.0, 0.0804437883935335, 0.12239086013728086]
2953744109	[0.0, 0.0, 0.0, 0.3795159392437069, 0.07276494698306743]	[0.0, 0.0, 0.0, 0.1346400428135806, 0.036605328736752867]
303742383	[0.0, 0.0, 0.0, 0.3693042934144949, 0.06447041832634284]	[0.0, 0.0, 0.0, 0.14439513019618186, 0.023281853703842514]
30884721	[0.0, 0.0, 0.0, 0.38863161414196673, 0.07691221131142975]	[0.0, 0.0, 0.0, 0.12987087290564586, 0.043427479300238145]
1229891962414587904	[0.0, 0.0, 0.0, 0.4002509493906669, 0.1040167891167113]	[0.0, 0.0, 0.0, 0.15466321929271135, 0.10562575881337129]
3338767810	[0.0, 0.0, 0.0, 0.7093739692953049, 0.3767205114847386]	[0.0, 0.0, 0.0, 0.054140388186258, 0.4534006495411186]
365004971	[0.0, 0.0, 0.0, 0.4283886331437058, 0.10594306160996587]	[0.0, 0.0, 0.0, 0.10206954142135322, 0.09193869143881571]
398054082	[0.0, 0.0, 0.0, 0.15790030206778255, 0.07908402567137687]	[0.0, 0.0, 0.0, 0.08750940726694799, 0.06418478510627024]
4068912568	[7.241366970681875e-42, 0.0, -0.009272218887158583, 0.3398310920954912, 0.07848420594150395]	[1.9158856156581394e-41, 0.0, 0.02453198527717768, 0.13960879944707089, 0.09770776969705972]
437210920	[-6.375257130605093e-35, -2.881482789558231e-86, 0.028270255375589564, 0.5752866327263514, 0.07413805237002866]	[1.6867344911672302e-34, 3.7572381292568026e-86, 0.0747960652240969, 0.2229314537699198, 0.047452935228344144]
438821961	[0.0, 0.0, 0.0, 0.3508593123738486, 0.10933641326172043]	[0.0, 0.0, 0.0, 0.11292584685825598, 0.08387753714669352]
45546362	[0.0, 0.0, 0.0, 0.4645438300513422, 0.08563056099559886]	[0.0, 0.0, 0.0, 0.16290822321401832, 0.027288104264302723]
712020000203145220	[2.1724100912045627e-42, 0.0, -0.0026605201497675542, 0.33211599495709504, 0.03683694161314163]	[5.747656846974419e-42, 0.0, 0.007039074674361266, 0.14347025707133726, 0.01805338282826181]
736016838052720640	[0.0, 0.0, 0.0, 0.35838825204133495, 0.1269154811974125]	[0.0, 0.0, 0.0, 0.12480215054908637, 0.06609166109037533]
1252733774837755924	[0.0, 0.0, 0.0, 0.5222280094031363, 0.18049129876439576]	[0.0, 0.0, 0.0, 0.12520993992457313, 0.1689017595011542]
766054909389201408	[0.0, 0.0, 0.0, 0.3721107582426366, 0.05549963109077201]	[0.0, 0.0, 0.0, 0.11244089183990619, 0.029617091980484997]
772588501934051328	[2.1724100912045627e-42, 0.0, -0.002781665666147575, 0.33525389029523006, 0.038910573777322786]	[5.747656846974419e-42, 0.0, 0.0073595955831533034, 0.139228551655985, 0.017004280935384707]
808783915355951105	[2.1724100912045627e-42, 0.0, -0.002781665666147575, 0.4626696025839791, 0.08227631257368724]	[5.747656846974419e-42, 0.0, 0.0073595955831533034, 0.17790760685009577, 0.03222069991155189]
816968928077500416	[0.0, 0.0, 0.0, 0.37591996620019485, 0.06861768265470514]	[0.0, 0.0, 0.0, 0.13935348240480214, 0.029866084607191413]
821153004992757760	[2.1724100912045627e-42, 0.0, -0.0026605201497675542, 0.3362726426076983, 0.03790432933375527]	[5.747656846974419e-42, 0.0, 0.007039074674361266, 0.14524233333257933, 0.018783237405282666]
823220596687437824	[0.0, 0.0, 0.0, 0.4613478061844104, 0.08355692883141771]	[0.0, 0.0, 0.0, 0.16674709766313167, 0.028257966094979898]
825654804	[0.0, 0.0, 0.0, 0.3532363792877064, 0.04932920875438606]	[0.0, 0.0, 0.0, 0.16701234015888652, 0.010417879007317072]
858012451366985730	[0.0, 0.0, 0.0, 0.5267475599722381, 0.18463856309275806]	[0.0, 0.0, 0.0, 0.12297500021708184, 0.1758857026485494]
874160094	[0.0, 0.0, 0.0, 0.38235982278621644, 0.07276494698306743]	[0.0, 0.0, 0.0, 0.13451540453025207, 0.036605328736752867]
879523106527653889	[0.0, 0.0, 0.0, 0.21080200081227254, 0.08439378851970501]	[0.0, 0.0, 0.0, 0.1088852678124072, 0.022353335385928725]
881134810730827776	[0.0, 0.0, 0.0, 0.37916137554702944, 0.0706913148188863]	[0.0, 0.0, 0.0, 0.13690964071065273, 0.033222175618240306]
955069564055941120	[2.1724100912045627e-42, 0.0, -0.0026605201497675542, 0.4639857935058438, 0.08198165994386214]	[5.747656846974419e-42, 0.0, 0.007039074674361266, 0.18354952481776893, 0.03516868411050564]
997629108111724546	[0.0, 0.0, 0.0, 0.47595917286801975, 0.08667943447253704]	[0.0, 0.0, 0.0, 0.16124545368390145, 0.03036101230674864]
1343869159562686469	[0.0, 0.0, 0.0, 0.36457385299883904, 0.06239678616216168]	[0.0, 0.0, 0.0, 0.14695906661724012, 0.020095680059545616]
1353501845981966336	[7.241366970681875e-42, 0.0, -0.00886840049922518, 0.3334689371835506, 0.05696612933287834]	[1.9158856156581394e-41, 0.0, 0.023463582247870894, 0.14317905365717332, 0.04436814462877887]
1368253253310443527	[0.0, 0.0, 0.0, 0.24578308947019978, 0.16287632116129805]	[0.0, 0.0, 0.0, 0.09357833659663307, 0.14467404465336992]
1393029204384665601	[0.0, 0.0, 0.0, 0.4691283757380365, 0.08977782532396117]	[0.0, 0.0, 0.0, 0.15566287144835828, 0.026653671334022293]
1427330037456515080	[0.0, 0.0, 0.0, 0.5278170224072358, 0.27561645409644026]	[0.0, 0.0, 0.0, 0.11112947619906374, 0.28773241078507034]
143288338	[0.0, 0.0, 0.0, 0.39175537031027435, 0.06586779191167776]	[0.0, 0.0, 0.0, 0.09884852647541975, 0.04517933835536255]
1435705539099611136	[2.1724100912045627e-42, 0.0, -0.002781665666147575, 0.451747569483557, 0.0794096645030554]	[5.747656846974419e-42, 0.0, 0.0073595955831533034, 0.17445685210082193, 0.03130140992048067]
1453068880436400146	[0.0, 0.0, 0.0, 0.523470610422796, 0.2673219254397156]	[0.0, 0.0, 0.0, 0.11368481786876151, 0.2738358836859768]
1459336623229919235	[2.1724100912045627e-42, 0.0, -0.0028308393006789634, 0.4613478061844104, 0.08355692883141771]	[5.747656846974419e-42, 0.0, 0.007489696791184535, 0.16674709766313167, 0.028257966094979898]
1463879060933820416	[0.0, 0.0, 0.0, 0.4552225614148661, 0.08831787832121878]	[0.0, 0.0, 0.0, 0.14918406434975331, 0.030157535925158824]
1464263722260910081	[0.0, 0.0, 0.0, 0.5299566718454727, 0.2797637184248026]	[0.0, 0.0, 0.0, 0.10988523180738025, 0.29468442087031066]
1472252293282209800	[2.1724100912045627e-42, 0.0, -0.002781665666147575, 0.4092047128069584, 0.06703105831298843]	[5.747656846974419e-42, 0.0, 0.0073595955831533034, 0.19689322501101983, 0.024159976280727323]
1501738932400230400	[7.241366970681875e-42, 0.0, -0.005879644290774017, 0.3341163372109071, 0.03615964453799517]	[1.9158856156581394e-41, 0.0, 0.015556076590908786, 0.14904747190202672, 0.02074922095507046]
1503212289343868929	[0.0, 0.0, 0.0, 0.7082929774969977, 0.43626492846051307]	[0.0, 0.0, 0.0, 0.03614441623456978, 0.6149580382975365]
1511938112712151040	[0.0, 0.0, 0.0, 0.45554727553172414, 0.20662042276497905]	[0.0, 0.0, 0.0, 0.17613996069096996, 0.42635978653689344]
1512852649598599175	[7.241366970681875e-42, 0.0, -0.009436130763767576, 0.35792928943439084, 0.16455651237600633]	[1.9158856156581394e-41, 0.0, 0.024965655339614975, 0.12516825556683456, 0.3163324726974274]
1514367527438233610	[2.1724100912045627e-42, 0.0, -0.0028308391791471987, 0.36830569121388534, 0.05239290594457317]	[5.747656846974419e-42, 0.0, 0.00748969646964171, 0.11926022766401125, 0.024576499559102682]
1516569565144272902	[0.0, 0.0, 0.0, 0.527011776488886, 0.07477514264733258]	[0.0, 0.0, 0.0, 0.2119315003316929, 0.03633732706688796]
1518685617001013250	[0.0, 0.0, -0.005879644290774017, 0.4509114129247457, 0.05599388650459986]	[0.0, 0.0, 0.015556076590908786, 0.22037078948583333, 0.0448743721304878]
1102929069417521153	[0.0, 0.0, 0.0, 0.5185835400324786, 0.25836950204614895]	[0.0, 0.0, 0.0, 0.11700040971586186, 0.25976616776837336]
1520200806682832896	[7.241366970681875e-42, 0.0, -0.009272218887158583, 0.3398310920954912, 0.07848420594150395]	[1.9158856156581394e-41, 0.0, 0.02453198527717768, 0.13960879944707089, 0.09770776969705972]
1520249272310059015	[7.241366970681875e-42, 0.0, -0.00886840049922518, 0.3350876728969397, 0.05696612933287834]	[1.9158856156581394e-41, 0.0, 0.023463582247870894, 0.14354361016761502, 0.04436814462877887]
1529682349029326848	[2.1724100912045627e-42, 0.0, -0.002830839190433159, 0.47075679416304406, 0.08977782532396117]	[5.747656846974419e-42, 0.0, 0.007489696499501554, 0.1555698975876952, 0.026653671334022293]
1536682986371948547	[7.241366970681875e-42, 0.0, -0.00886840049922518, 0.3350876728969397, 0.05696612933287834]	[1.9158856156581394e-41, 0.0, 0.023463582247870894, 0.14354361016761502, 0.04436814462877887]
1546125627081760769	[2.1724100912045627e-42, 0.0, -0.0026605201497675542, 0.4513745433368862, 0.07733603233887425]	[5.747656846974419e-42, 0.0, 0.007039074674361266, 0.1790022305694571, 0.0332741921721523]
1546248279142301698	[0.0, 0.0, 0.0, 0.30713900334702005, 0.03052492399974295]	[0.0, 0.0, 0.0, 0.15436203399325352, 0.019106608999456754]
1547891496770105344	[0.0, 0.0, 0.0, 0.35662109091129013, 0.0584348071243793]	[0.0, 0.0, 0.0, 0.14657584837643045, 0.01527308771839364]
1562158895224741888	[0.0, 0.0, 0.0, 0.46080773700409183, 0.09794083601891837]	[0.0, 0.0, 0.0, 0.16321582498133555, 0.043535450460701314]
1565991010995474434	[0.0, 0.0, 0.0, 0.3659279646364061, 0.06239678616216168]	[0.0, 0.0, 0.0, 0.14699563061563697, 0.020095680059545616]
1566095531499208704	[0.0, 0.0, 0.0, 0.40466241867367286, 0.0656615717624039]	[0.0, 0.0, 0.0, 0.19921708249626366, 0.024439839291874987]
1139230884354285568	[5.4310252280114066e-42, 0.0, -0.006954164165368938, 0.37303753702935605, 0.07388443552865231]	[1.4369142117436046e-41, 0.0, 0.01839898895788326, 0.13700605378223635, 0.055718482569121874]
1145808668149125120	[0.0, 0.0, 0.0, 0.35594998360882346, 0.060323153997980536]	[0.0, 0.0, 0.0, 0.14933490201106114, 0.017033355462015492]
1581206457843912704	[0.0, 0.0, 0.0, 0.35204603196447903, 0.054576090441992346]	[0.0, 0.0, 0.0, 0.15445413634680902, 0.01039859287365062]
1583116574948466688	[2.1724100912045627e-42, 0.0, -0.002831039914495409, 0.3491229956657448, 0.042407389568988776]	[5.747656846974419e-42, 0.0, 0.007490227565452416, 0.1384591777907607, 0.01747929762302432]
1585283153475866624	[0.0, 0.0, 0.0, 0.2710086521746856, 0.08972416926899081]	[0.0, 0.0, 0.0, 0.09407323069632098, 0.10265406707022001]
