1586022285345013760	[-1.1540088021039242e-10, -1.1338736395869135e-15, 0.0, 0.3350876728969397, 0.05696612933287834]	[9.941088739240438e-10, 7.988520147390164e-16, 0.0, 0.14354361016761502, 0.04436814462877887]
1586027737273184257	[1.677508340507563e-10, -1.5993936089187842e-15, 0.0, 0.47377784446431487, 0.09185145748814232]	[8.76469248050699e-10, 1.0485441290314744e-15, 0.0, 0.15206144413565068, 0.02701976628896489]
1586067079312166914	[-3.314255503945389e-11, -6.166998246159682e-13, 0.0, 0.3595914811605832, 0.04094283932002175]	[4.641205844501968e-10, 5.155224077016096e-13, 0.0, 0.16514506938671883, 0.02201732315999625]
1586144310042451968	[6.32021270053181e-11, -4.577234599332746e-12, 7.392998850914934e-10, 0.497884675052258, 0.33128069332712684]	[3.770359473924199e-10, 7.1279542893676165e-12, 1.9560036402507205e-09, 0.19882746640215077, 0.7569000617430864]
1586149818023518209	[-1.1599408448304001e-10, -1.1338736395869135e-15, 0.0, 0.35863008028605836, 0.18591636113653065]	[9.930762080765877e-10, 7.988520147390164e-16, 0.0, 0.11980673837369836, 0.3712137109140301]
1586346520185544704	[-1.2085106117457415e-10, -1.1338736395869135e-15, 0.0, 0.34904923098904184, 0.12152035915875511]	[1.002335581974851e-09, 7.988520147390164e-16, 0.0, 0.1321396994294165, 0.20679762224788972]
1162845798608117761	[-2.901210750813782e-11, -1.5993936089187842e-15, 0.0, 0.49364338412979575, 0.10336843012236997]	[1.0474404828246453e-09, 1.0485441290314744e-15, 0.0, 0.14211834706251775, 0.0321115693625118]
1586944032726474752	[2.5787463925753245e-10, 1.9935118501201985e-11, 0.0, 0.4334433560869925, 0.139470010927191]	[1.1007150798566443e-09, 1.6125897416625972e-11, 0.0, 0.12383478439462423, 0.07927983434667164]
1587961913954156545	[-1.095964723041275e-10, -1.1338736395869135e-15, 0.0, 0.34448389633209103, 0.10000228255012954]	[9.853603057631506e-10, 7.988520147390164e-16, 0.0, 0.13580939467290443, 0.15213716298908433]
1588704907149860864	[5.795169285401124e-10, -5.698272076587143e-14, 0.0, 0.5416321658810271, 0.2053748847345696]	[1.1246616363774754e-09, 4.609016710927812e-14, 0.0, 0.1131810955406939, 0.21082241894160747]
1588771753362214912	[-1.1299731848769645e-10, -1.1338736395869135e-15, 0.0, 0.3350876728969397, 0.05696612933287834]	[9.904843468579021e-10, 7.988520147390164e-16, 0.0, 0.14354361016761502, 0.04436814462877887]
1589248003478528007	[-1.1299731848769646e-10, -1.1338736395869135e-15, 0.0, 0.3350876728969397, 0.05696612933287834]	[9.904843468579021e-10, 7.988520147390164e-16, 0.0, 0.14354361016761502, 0.04436814462877887]
1590583719194234880	[-1.0285877738693426e-08, -4.56894020888059e-11, 0.0, 0.6081184214302239, 0.12329117383689742]	[1.6865576559498055e-08, 4.606375439724892e-11, 0.0, 0.21024125493993698, 0.09166067565707113]
1593060853854642183	[1.0834645254523014e-10, -1.1338736395869135e-15, 0.0, 0.34538869465521993, 0.04169579775524636]	[5.507738318953837e-10, 7.988520147390164e-16, 0.0, 0.13708693584223394, 0.017049426482664002]
1593237575124549634	[-2.9404396693833697e-09, -8.235269933656665e-16, -1.5664736267018273e-09, 0.17193344136089173, 0.08162648383609576]	[2.257691267209216e-09, 6.892872671350877e-16, 2.9070827821095598e-09, 0.08911959980726955, 0.05200566795033855]
1593636437378957315	[-1.2450609172465883e-10, -1.1338736395869135e-15, 0.0, 0.3398310920954912, 0.07848420594150395]	[1.0078588739854524e-09, 7.988520147390164e-16, 0.0, 0.13960879944707089, 0.09770776969705972]
1595898631260844032	[1.0152360021263179e-10, -1.1338736395869135e-15, 0.0, 0.33211599495709504, 0.03683694161314163]	[5.47727836834601e-10, 7.988520147390164e-16, 0.0, 0.14347025707133726, 0.01805338282826181]
1595948931149697025	[2.53714829482501e-10, -1.5993936089187842e-15, 0.0, 0.47595917286801975, 0.08667943447253704]	[9.469714071360629e-10, 1.0485441290314744e-15, 0.0, 0.16124545368390145, 0.03036101230674864]
1596624149786644485	[2.537148294825011e-10, -1.5993936089187842e-15, 0.0, 0.47595917286801975, 0.08667943447253704]	[9.46971407136063e-10, 1.0485441290314744e-15, 0.0, 0.16124545368390145, 0.03036101230674864]
1596784198181863425	[-1.1299731848769645e-10, -1.1338736395869135e-15, 0.0, 0.330250323315304, 0.03544805272425274]	[9.904843468579021e-10, 7.988520147390164e-16, 0.0, 0.1476198729006162, 0.02027038130492245]
1597567891657875456	[9.643599036695667e-09, -1.1260634120309612e-10, 0.0, 0.31527136872027595, 0.14706225975265294]	[1.5761558824099604e-08, 1.8470641734026105e-10, 0.0, 0.07332118409602136, 0.12523607667884992]
1598843895579922432	[-1.1404599037506094e-10, -1.1338736395869135e-15, 0.0, 0.33701222863291797, 0.05732192523974955]	[9.921591853574853e-10, 7.988520147390164e-16, 0.0, 0.14424319164742988, 0.0443105344812731]
1601606563059453952	[2.6235674081633076e-10, -1.1338736395869135e-15, 0.0, 0.41854434230642734, 0.06088578276193913]	[9.339678189142388e-10, 7.988520147390164e-16, 0.0, 0.18290885521022082, 0.023450034996604963]
1198361171989893120	[-2.9837568774806074e-09, -1.1637999233296766e-16, 0.0, 0.5806493799602148, 0.10753693822037115]	[1.261887469293383e-09, 3.0791251729663614e-16, 0.0, 0.1046592205918288, 0.06645321666507781]
1604175610036862977	[2.537148294825011e-10, -1.5993936089187842e-15, 0.0, 0.47595917286801975, 0.08667943447253704]	[9.46971407136063e-10, 1.0485441290314744e-15, 0.0, 0.16124545368390145, 0.03036101230674864]
1605382922348945408	[2.537148294825011e-10, -1.5993936089187842e-15, 0.0, 0.47595917286801975, 0.08667943447253704]	[9.46971407136063e-10, 1.0485441290314744e-15, 0.0, 0.16124545368390145, 0.03036101230674864]
1606396329067945984	[2.537148294825011e-10, -1.5993936089187842e-15, 0.0, 0.47595917286801975, 0.08667943447253704]	[9.46971407136063e-10, 1.0485441290314744e-15, 0.0, 0.16124545368390145, 0.03036101230674864]
16453377	[4.565540782338207e-10, -1.1338736395869135e-15, 0.0, 0.38235982278621644, 0.07276494698306743]	[1.189096791585498e-09, 7.988520147390164e-16, 0.0, 0.13451540453025207, 0.036605328736752867]
166581878	[1.9352342494329497e-08, 7.536769396355966e-11, 1.220773112386958e-08, 0.4165323416809148, 0.08806317318377267]	[1.3316191422425435e-08, 6.82313123887512e-11, 1.6230646806977783e-08, 0.09998199363668478, 0.06895585064066476]
183347440	[3.67831932919445e-08, -8.246673539756006e-11, 0.0, 0.2829745100610692, 0.1381658351796028]	[2.4614006578109807e-08, 9.78596294945713e-11, 0.0, 0.08088947642436857, 0.11057678558103305]
20635049	[1.315834747190131e-09, -2.974746847311607e-11, -3.290235851248334e-10, 0.2526254078325278, 0.1200314554463828]	[9.225586318427867e-10, 1.0645367206268535e-10, 8.705145817151997e-10, 0.09493517506405987, 0.09544490692892703]
20775133	[-8.818482822088747e-09, -1.1338736395869135e-15, 0.0, 0.37591996620019485, 0.06861768265470514]	[8.36666518427811e-09, 7.988520147390164e-16, 0.0, 0.13935348240480214, 0.029866084607191413]
2281732880	[1.574125490118261e-10, -1.5993936089187842e-15, 0.0, 0.4547655673382748, 0.0794096645030554]	[8.806037507274693e-10, 1.0485441290314744e-15, 0.0, 0.17478876381142175, 0.03130140992048067]
2688511189	[-1.0138395459166254e-10, 3.976447295372966e-14, 1.5526841954713147e-09, 0.36940280904612566, 0.12620796786484856]	[6.13194746304756e-11, 3.277749502576793e-14, 1.9600398887210182e-09, 0.07991407124261486, 0.11575776567470393]
2800980736	[1.5414112262985019e-09, -2.7921491925362635e-11, -4.697040237178926e-11, 0.2756341209372485, 0.3114576054497414]	[1.2072750766164868e-09, 1.1515194682400281e-10, 1.242720036563928e-10, 0.0599091066081707, 0.5782064869054249]
122406464	[9.665293847520459e-11, -7.763617677303641e-13, 0.0, 0.36734277919611386, 0.042476662458790074]	[5.465776469399084e-10, 4.980964442493275e-13, 0.0, 0.16400145548838707, 0.023968251153941737]
1225439204	[2.53714829482501e-10, -1.5993936089187842e-15, 0.0, 0.47595917286801975, 0.08667943447253704]	[9.469714071360629e-10, 1.0485441290314744e-15, 0.0, 0.16124545368390145, 0.03036101230674864]
2945495369	[5.882177485837834e-09, -1.6381299381952812e-10, 0.0, 0.2794093096364083, 0.13858959712176488]	[1.1998300874333318e-08, 1.7203152082451487e-10, 0.0, 0.0804437883935335, 0.12239086013728086]
2953744109	[-2.852698678215749e-11, -1.1338736395869135e-15, 0.0, 0.3795159392437069, 0.07276494698306743]	[1.4871120651295756e-09, 7.988520147390164e-16, 0.0, 0.1346400428135806, 0.036605328736752867]
303742383	[-2.2070645209185665e-11, -1.1338736395869135e-15, 0.0, 0.3693042934144949, 0.06447041832634284]	[1.4828571595805896e-09, 7.988520147390164e-16, 0.0, 0.14439513019618186, 0.023281853703842514]
30884721	[-2.3504766677054745e-11, -1.1338736395869135e-15, 0.0, 0.38863161414196673, 0.07691221131142975]	[1.4838017511356128e-09, 7.988520147390164e-16, 0.0, 0.12987087290564586, 0.043427479300238145]
1229891962414587904	[-2.3152906124077637e-11, 2.4954773559453353e-14, 3.921617081825415e-10, 0.4002509493906669, 0.1040167891167113]	[2.6178195123706986e-10, 1.7625790579829385e-14, 1.0389524231180696e-09, 0.15466321929271135, 0.10562575881337129]
3338767810	[-8.99917868199288e-11, 0.0, 9.777402163526088e-10, 0.7093739692953049, 0.3767205114847386]	[3.5604624994726484e-11, 0.0, 9.133859151609694e-10, 0.054140388186258, 0.4534006495411186]
365004971	[6.939248398906966e-09, -1.1338736395869135e-15, 0.0, 0.4283886331437058, 0.10594306160996587]	[4.506316206576698e-09, 7.988520147390164e-16, 0.0, 0.10206954142135322, 0.09193869143881571]
398054082	[-2.9425525083019824e-09, -8.235269933656665e-16, -1.5727629532722284e-09, 0.15790030206778255, 0.07908402567137687]	[2.268893009240847e-09, 6.892872671350877e-16, 2.9220281331062165e-09, 0.08750940726694799, 0.06418478510627024]
4068912568	[-1.1461937348627054e-10, -1.1338736395869135e-15, 0.0, 0.3398310920954912, 0.07848420594150395]	[9.929315699527181e-10, 7.988520147390164e-16, 0.0, 0.13960879944707089, 0.09770776969705972]
437210920	[-1.1262588217852472e-08, -3.0629547493434515e-11, 0.0, 0.5752866327263514, 0.07413805237002866]	[1.817780856801636e-08, 3.921246541246117e-11, 0.0, 0.2229314537699198, 0.047452935228344144]
438821961	[-2.5588291372194976e-09, -4.674252065782821e-12, 0.0, 0.3508593123738486, 0.10933641326172043]	[3.2514926457453716e-09, 3.458149693586606e-12, 0.0, 0.11292584685825598, 0.08387753714669352]
45546362	[1.5324916094375825e-10, -1.5993936089187842e-15, 0.0, 0.4645438300513422, 0.08563056099559886]	[8.822856721074937e-10, 1.0485441290314744e-15, 0.0, 0.16290822321401832, 0.027288104264302723]
712020000203145220	[1.0152360021263178e-10, -1.1338736395869135e-15, 0.0, 0.33211599495709504, 0.03683694161314163]	[5.47727836834601e-10, 7.988520147390164e-16, 0.0, 0.14347025707133726, 0.01805338282826181]
736016838052720640	[1.1228058399074218e-09, 3.829879671186449e-16, -1.311933027416732e-10, 0.35838825204133495, 0.1269154811974125]	[2.0528488312714663e-09, 1.2600387253014672e-15, 3.4710485273167564e-10, 0.12480215054908637, 0.06609166109037533]
1252733774837755924	[5.786416997261242e-10, -2.5304335475825252e-15, 0.0, 0.5222280094031363, 0.18049129876439576]	[1.1251174810467328e-09, 2.046727560556462e-15, 0.0, 0.12520993992457313, 0.1689017595011542]
766054909389201408	[1.1380592688840181e-10, -1.1338736395869135e-15, 0.0, 0.3721107582426366, 0.05549963109077201]	[5.398957229619893e-10, 7.988520147390164e-16, 0.0, 0.11244089183990619, 0.029617091980484997]
772588501934051328	[1.0152360021263174e-10, -1.1338736395869135e-15, 0.0, 0.33525389029523006, 0.038910573777322786]	[5.47727836834601e-10, 7.988520147390164e-16, 0.0, 0.139228551655985, 0.017004280935384707]
808783915355951105	[-2.4917456907816642e-11, -1.5993936089187842e-15, 0.0, 0.4626696025839791, 0.08227631257368724]	[1.04618780065655e-09, 1.0485441290314744e-15, 0.0, 0.17790760685009577, 0.03222069991155189]
816968928077500416	[-1.4438115920891788e-10, -1.1338736395869135e-15, 0.0, 0.37591996620019485, 0.06861768265470514]	[1.5644593861694355e-09, 7.988520147390164e-16, 0.0, 0.13935348240480214, 0.029866084607191413]
821153004992757760	[9.385910110460678e-11, -1.1338736395869135e-15, 0.0, 0.3362726426076983, 0.03790432933375527]	[5.46662090680268e-10, 7.988520147390164e-16, 0.0, 0.14524233333257933, 0.018783237405282666]
823220596687437824	[5.580484014370334e-08, -1.5993936089187842e-15, 0.0, 0.4613478061844104, 0.08355692883141771]	[4.457811106948476e-08, 1.0485441290314744e-15, 0.0, 0.16674709766313167, 0.028257966094979898]
825654804	[-3.1682496221911224e-10, -1.1338736395869135e-15, 0.0, 0.3532363792877064, 0.04932920875438606]	[1.2618250145174973e-09, 7.988520147390164e-16, 0.0, 0.16701234015888652, 0.010417879007317072]
858012451366985730	[5.607379737286776e-10, -2.5304335475825252e-15, 0.0, 0.5267475599722381, 0.18463856309275806]	[1.1344989991158474e-09, 2.046727560556462e-15, 0.0, 0.12297500021708184, 0.1758857026485494]
874160094	[-2.743821406566147e-11, -1.1338736395869135e-15, 0.0, 0.38235982278621644, 0.07276494698306743]	[1.4863941019716734e-09, 7.988520147390164e-16, 0.0, 0.13451540453025207, 0.036605328736752867]
879523106527653889	[0.0, -3.3762374760791886e-08, 0.0, 0.21080200081227254, 0.08439378851970501]	[0.0, 2.377974420190109e-08, 0.0, 0.1088852678124072, 0.022353335385928725]
881134810730827776	[-2.285733926213711e-11, -1.1338736395869135e-15, 0.0, 0.37916137554702944, 0.0706913148188863]	[1.4833752818588555e-09, 7.988520147390164e-16, 0.0, 0.13690964071065273, 0.033222175618240306]
955069564055941120	[-2.561350631913468e-11, -1.5993936089187842e-15, 0.0, 0.4639857935058438, 0.08198165994386214]	[1.0463414184099738e-09, 1.0485441290314744e-15, 0.0, 0.18354952481776893, 0.03516868411050564]
997629108111724546	[2.537148294825011e-10, -1.5993936089187842e-15, 0.0, 0.47595917286801975, 0.08667943447253704]	[9.46971407136063e-10, 1.0485441290314744e-15, 0.0, 0.16124545368390145, 0.03036101230674864]
1343869159562686469	[-2.177760274626265e-11, -1.1338736395869135e-15, 0.0, 0.36457385299883904, 0.06239678616216168]	[1.482664183296467e-09, 7.988520147390164e-16, 0.0, 0.14695906661724012, 0.020095680059545616]
1353501845981966336	[-1.132193437086908e-10, -1.1338736395869135e-15, 0.0, 0.3334689371835506, 0.05696612933287834]	[9.908190649949945e-10, 7.988520147390164e-16, 0.0, 0.14317905365717332, 0.04436814462877887]
1368253253310443527	[0.0, -3.374453835281117e-08, 0.0, 0.24578308947019978, 0.16287632116129805]	[0.0, 2.3767337904396803e-08, 0.0, 0.09357833659663307, 0.14467404465336992]
1393029204384665601	[1.587422167222072e-10, -1.5993936089187842e-15, 0.0, 0.4691283757380365, 0.08977782532396117]	[8.800686267891546e-10, 1.0485441290314744e-15, 0.0, 0.15566287144835828, 0.026653671334022293]
1427330037456515080	[1.6534088271971118e-08, -8.235269933656665e-16, 0.0, 0.5278170224072358, 0.27561645409644026]	[1.3363535981274647e-08, 6.892872671350877e-16, 0.0, 0.11112947619906374, 0.28773241078507034]
143288338	[9.676419989203819e-11, -1.1338736395869135e-15, 0.0, 0.39175537031027435, 0.06586779191167776]	[5.507810002721161e-10, 7.988520147390164e-16, 0.0, 0.09884852647541975, 0.04517933835536255]
1435705539099611136	[1.5763146174888648e-10, -1.5993936089187842e-15, 0.0, 0.451747569483557, 0.0794096645030554]	[8.805155817319975e-10, 1.0485441290314744e-15, 0.0, 0.17445685210082193, 0.03130140992048067]
1453068880436400146	[1.6522930366891295e-08, -8.235269933656665e-16, 0.0, 0.523470610422796, 0.2673219254397156]	[1.3354510979252698e-08, 6.892872671350877e-16, 0.0, 0.11368481786876151, 0.2738358836859768]
1459336623229919235	[1.5108863249171095e-10, -1.5993936089187842e-15, 0.0, 0.4613478061844104, 0.08355692883141771]	[8.831622825472677e-10, 1.0485441290314744e-15, 0.0, 0.16674709766313167, 0.028257966094979898]
1463879060933820416	[-4.813197503435938e-11, -1.1338736395869135e-15, 0.0, 0.4552225614148661, 0.08831787832121878]	[1.0587963978135929e-09, 7.988520147390164e-16, 0.0, 0.14918406434975331, 0.030157535925158824]
1464263722260910081	[1.654953742731283e-08, -8.235269933656665e-16, 0.0, 0.5299566718454727, 0.2797637184248026]	[1.337603193742057e-08, 6.892872671350877e-16, 0.0, 0.10988523180738025, 0.29468442087031066]
1472252293282209800	[9.455152299908773e-10, -8.235269933656665e-16, 0.0, 0.4092047128069584, 0.06703105831298843]	[1.3122514703538687e-09, 6.892872671350877e-16, 0.0, 0.19689322501101983, 0.024159976280727323]
1501738932400230400	[-1.1325693413487224e-10, -1.1338736395869135e-15, 0.0, 0.3341163372109071, 0.03615964453799517]	[9.904065835150945e-10, 7.988520147390164e-16, 0.0, 0.14904747190202672, 0.02074922095507046]
1503212289343868929	[-1.015510480176019e-10, 0.0, 9.829927492687992e-10, 0.7082929774969977, 0.43626492846051307]	[3.964945468449381e-11, 0.0, 9.288061740069708e-10, 0.03614441623456978, 0.6149580382975365]
1511938112712151040	[1.9431746292752672e-10, -1.1338736395869135e-15, 0.0, 0.45554727553172414, 0.20662042276497905]	[4.515403710679812e-10, 7.988520147390164e-16, 0.0, 0.17613996069096996, 0.42635978653689344]
1512852649598599175	[-1.1468920533953228e-10, -1.1338736395869135e-15, 0.0, 0.35792928943439084, 0.16455651237600633]	[9.930354526713055e-10, 7.988520147390164e-16, 0.0, 0.12516825556683456, 0.3163324726974274]
1514367527438233610	[1.0151557778467132e-10, -1.1338736395869135e-15, 0.0, 0.36830569121388534, 0.05239290594457317]	[5.477706906718966e-10, 7.988520147390164e-16, 0.0, 0.11926022766401125, 0.024576499559102682]
1516569565144272902	[8.980365973623636e-11, -1.1338736395869135e-15, 4.925931168767126e-13, 0.527011776488886, 0.07477514264733258]	[6.299744541392227e-10, 7.988520147390164e-16, 1.3032788847979554e-12, 0.2119315003316929, 0.03633732706688796]
1518685617001013250	[1.9269559101874785e-10, -1.1338736395869135e-15, 0.0, 0.4509114129247457, 0.05599388650459986]	[4.5218383098636913e-10, 7.988520147390164e-16, 0.0, 0.22037078948583333, 0.0448743721304878]
1102929069417521153	[1.6522853527700895e-08, -8.235269933656665e-16, 0.0, 0.5185835400324786, 0.25836950204614895]	[1.3354448638155501e-08, 6.892872671350877e-16, 0.0, 0.11700040971586186, 0.25976616776837336]
1520200806682832896	[-1.1340983288128151e-10, -1.1338736395869135e-15, 0.0, 0.3398310920954912, 0.07848420594150395]	[9.911062555621832e-10, 7.988520147390164e-16, 0.0, 0.13960879944707089, 0.09770776969705972]
1520249272310059015	[-1.1575385760658718e-10, -1.1338736395869135e-15, 0.0, 0.3350876728969397, 0.05696612933287834]	[9.946413411250785e-10, 7.988520147390164e-16, 0.0, 0.14354361016761502, 0.04436814462877887]
1529682349029326848	[2.009468091050723e-10, -1.5993936089187842e-15, 0.0, 0.47075679416304406, 0.08977782532396117]	[8.636073106861911e-10, 1.0485441290314744e-15, 0.0, 0.1555698975876952, 0.026653671334022293]
1536682986371948547	[-1.1299731848769645e-10, -1.1338736395869135e-15, 0.0, 0.3350876728969397, 0.05696612933287834]	[9.904843468579021e-10, 7.988520147390164e-16, 0.0, 0.14354361016761502, 0.04436814462877887]
1546125627081760769	[1.5763159817298873e-10, -1.5993936089187842e-15, 0.0, 0.4513745433368862, 0.07733603233887425]	[8.805155267944413e-10, 1.0485441290314744e-15, 0.0, 0.1790022305694571, 0.0332741921721523]
1546248279142301698	[1.864924324971991e-10, -1.1338736395869135e-15, 7.594995528197874e-14, 0.30713900334702005, 0.03052492399974295]	[4.600546893698809e-10, 7.988520147390164e-16, 2.009446937625923e-13, 0.15436203399325352, 0.019106608999456754]
1547891496770105344	[-2.8566589228093684e-11, -1.1338736395869135e-15, 0.0, 0.35662109091129013, 0.0584348071243793]	[1.4836871231000784e-09, 7.988520147390164e-16, 0.0, 0.14657584837643045, 0.01527308771839364]
1562158895224741888	[5.523658649236397e-10, -1.5993936089187842e-15, 0.0, 0.46080773700409183, 0.09794083601891837]	[1.1463910359560328e-09, 1.0485441290314744e-15, 0.0, 0.16321582498133555, 0.043535450460701314]
1565991010995474434	[-2.22808989684326e-11, -1.1338736395869135e-15, 0.0, 0.3659279646364061, 0.06239678616216168]	[1.4829956252139215e-09, 7.988520147390164e-16, 0.0, 0.14699563061563697, 0.020095680059545616]
1566095531499208704	[9.506812520971974e-10, -8.235269933656665e-16, 0.0, 0.40466241867367286, 0.0656615717624039]	[1.3094266406837111e-09, 6.892872671350877e-16, 0.0, 0.19921708249626366, 0.024439839291874987]
1139230884354285568	[-3.177652598875932e-11, -1.7569003654596428e-15, 0.0, 0.37303753702935605, 0.07388443552865231]	[8.119751490287353e-10, 1.2490276284926157e-15, 0.0, 0.13700605378223635, 0.055718482569121874]
1145808668149125120	[-2.155312857566442e-11, -1.1338736395869135e-15, 0.0, 0.35594998360882346, 0.060323153997980536]	[1.4825163696780354e-09, 7.988520147390164e-16, 0.0, 0.14933490201106114, 0.017033355462015492]
1581206457843912704	[-1.837529253206174e-11, -1.1338736395869135e-15, 0.0, 0.35204603196447903, 0.054576090441992346]	[1.4775748470941182e-09, 7.988520147390164e-16, 0.0, 0.15445413634680902, 0.01039859287365062]
1583116574948466688	[1.0145327071845412e-10, -1.1338736395869135e-15, 0.0, 0.3491229956657448, 0.042407389568988776]	[5.478774308668347e-10, 7.988520147390164e-16, 0.0, 0.1384591777907607, 0.01747929762302432]
1585283153475866624	[-9.093525805047769e-10, -6.15625797928759e-13, -1.6339637610081944e-10, 0.2710086521746856, 0.08972416926899081]	[1.0968864936994435e-09, 5.16162808411107e-13, 4.3230617629194605e-10, 0.09407323069632098, 0.10265406707022001]
