1586022285345013760	[0.0048030214071654725, -1.5034546808259394e-77, 0.0714110216325125, 0.3350876728969397, 0.05696612933287834]	[0.008842029298281259, 1.0592342558419136e-77, 0.11085468132751788, 0.14354361016761502, 0.04436814462877887]
1586027737273184257	[0.004140464608380623, -2.1207088019861496e-77, 0.0006166217103887716, 0.47377784446431487, 0.09185145748814232]	[0.00910827029804171, 1.3903123979663616e-77, 0.1437917592719617, 0.15206144413565068, 0.02701976628896489]
1586067079312166914	[0.0038618054631494544, -4.350912941889677e-76, 0.05575597386240402, 0.3595914811605832, 0.04094283932002175]	[0.008151453940471192, 3.556618676006903e-76, 0.08606275347492226, 0.16514506938671883, 0.02201732315999625]
1586144310042451968	[0.003206209605333737, -5.154089207228619e-53, 0.019078569146107966, 0.497884675052258, 0.33128069332712684]	[0.006416294940368074, 8.389023752583202e-53, 0.027551173684918964, 0.19882746640215077, 0.7569000617430864]
1586149818023518209	[0.00480302140715954, -1.5034546808259394e-77, 0.13525056047384915, 0.35863008028605836, 0.18591636113653065]	[0.008842029298274628, 1.0592342558419136e-77, 0.2813636683634082, 0.11980673837369836, 0.3712137109140301]
1586346520185544704	[0.0050980286105543745, -1.5034546808259394e-77, 0.05434982584122139, 0.34904923098904184, 0.12152035915875511]	[0.00921760545041663, 1.0592342558419136e-77, 0.0745276410557133, 0.1321396994294165, 0.20679762224788972]
1162845798608117761	[0.0037165104122287695, -2.1207088019861496e-77, 0.007047050925914471, 0.49364338412979575, 0.10336843012236997]	[0.009178914380289954, 1.3903123979663616e-77, 0.15963417116548181, 0.14211834706251775, 0.0321115693625118]
1586944032726474752	[0.005293324878107926, 1.2969038811418362e-14, 0.012707869940580627, 0.4334433560869925, 0.139470010927191]	[0.008981531243241692, 1.0489937265736751e-14, 0.169771508623427, 0.12383478439462423, 0.07927983434667164]
1587961913954156545	[0.00509802861526705, -1.5034546808259394e-77, 0.02571955579778412, 0.34448389633209103, 0.10000228255012954]	[0.009217605474113573, 1.0592342558419136e-77, 0.043684778056439, 0.13580939467290443, 0.15213716298908433]
1588704907149860864	[0.004214005489660105, -3.3552170443065683e-77, -0.008216030763534485, 0.5416321658810271, 0.2053748847345696]	[0.00848086342861605, 2.7138492543270727e-77, 0.11342844623956054, 0.1131810955406939, 0.21082241894160747]
1588771753362214912	[0.0048030214071654725, -1.5034546808259394e-77, 0.0714110216325125, 0.3350876728969397, 0.05696612933287834]	[0.008842029298281259, 1.0592342558419136e-77, 0.11085468132751788, 0.14354361016761502, 0.04436814462877887]
1589248003478528007	[0.0048030214071654725, -1.5034546808259394e-77, 0.0714110216325125, 0.3350876728969397, 0.05696612933287834]	[0.008842029298281259, 1.0592342558419136e-77, 0.11085468132751788, 0.14354361016761502, 0.04436814462877887]
1590583719194234880	[-0.8329818143048294, -1.0598604729069908e-06, 10.819366487050484, 0.6081184214302239, 0.12329117383689742]	[0.36043097015969217, 1.0944480254659057e-06, 27.798153030866025, 0.21024125493993698, 0.09166067565707113]
1593060853854642183	[0.005388183995682427, -1.5034546808259394e-77, 0.027676550071257543, 0.34538869465521993, 0.04169579775524636]	[0.008193330068932188, 1.0592342558419136e-77, 0.04512621520206955, 0.13708693584223394, 0.017049426482664002]
1593237575124549634	[-0.5256701600304299, -1.0919519333857997e-77, -0.5127513357234658, 0.17193344136089173, 0.08162648383609576]	[0.4075100620104038, 9.13957368817138e-78, 0.4101205530604084, 0.08911959980726955, 0.05200566795033855]
1593636437378957315	[0.005098028610554379, -1.5034546808259394e-77, 0.030285685747630756, 0.3398310920954912, 0.07848420594150395]	[0.009217605450416637, 1.0592342558419136e-77, 0.04384102242921816, 0.13960879944707089, 0.09770776969705972]
1595898631260844032	[0.0053881839956684595, -1.5034546808259394e-77, 0.03986718319236705, 0.33211599495709504, 0.03683694161314163]	[0.008193330068929309, 1.0592342558419136e-77, 0.04639415904674251, 0.14347025707133726, 0.01805338282826181]
1595948931149697025	[0.004032565565569062, -2.1207088019861496e-77, 0.0060320167065438714, 0.47595917286801975, 0.08667943447253704]	[0.008973753244238571, 1.3903123979663616e-77, 0.09226360460615275, 0.16124545368390145, 0.03036101230674864]
1596624149786644485	[0.004032565565569062, -2.1207088019861496e-77, 0.0060320167065438714, 0.47595917286801975, 0.08667943447253704]	[0.00897375324423857, 1.3903123979663616e-77, 0.09226360460615275, 0.16124545368390145, 0.03036101230674864]
1596784198181863425	[0.0048030214071654725, -1.5034546808259394e-77, 0.13807665957620455, 0.330250323315304, 0.03544805272425274]	[0.008842029298281259, 1.0592342558419136e-77, 0.2860926706314295, 0.1476198729006162, 0.02027038130492245]
1597567891657875456	[0.009092380049365393, -6.170136551612104e-06, 0.7506962788774041, 0.31527136872027595, 0.14706225975265294]	[0.011658849890060509, 5.026505627907446e-06, 1.327718930079609, 0.07332118409602136, 0.12523607667884992]
1598843895579922432	[0.004803021407165613, -1.5034546808259394e-77, 0.07141102163251264, 0.33701222863291797, 0.05732192523974955]	[0.008842029298281416, 1.0592342558419136e-77, 0.11085468132751782, 0.14424319164742988, 0.0443105344812731]
1601606563059453952	[0.0017856481814772138, -1.5034546808259394e-77, 0.0023852800073226044, 0.41854434230642734, 0.06088578276193913]	[0.004580041806272005, 1.0592342558419136e-77, 0.08185029274381653, 0.18290885521022082, 0.023450034996604963]
1198361171989893120	[-0.11593428074676884, -1.5431353029005244e-78, 4.2844855106906445, 0.5806493799602148, 0.10753693822037115]	[0.0690999317258891, 4.0827522507991163e-78, 7.0420299154693575, 0.1046592205918288, 0.06645321666507781]
1604175610036862977	[0.004032565565569062, -2.1207088019861496e-77, 0.00603201670654387, 0.47595917286801975, 0.08667943447253704]	[0.00897375324423857, 1.3903123979663616e-77, 0.09226360460615275, 0.16124545368390145, 0.03036101230674864]
1605382922348945408	[0.004032565565569062, -2.1207088019861496e-77, 0.006032016706543873, 0.47595917286801975, 0.08667943447253704]	[0.008973753244238571, 1.3903123979663616e-77, 0.09226360460615275, 0.16124545368390145, 0.03036101230674864]
1606396329067945984	[0.004032565565569062, -2.1207088019861496e-77, 0.0060320167065438714, 0.47595917286801975, 0.08667943447253704]	[0.00897375324423857, 1.3903123979663616e-77, 0.09226360460615275, 0.16124545368390145, 0.03036101230674864]
16453377	[0.004475294418798514, -1.5034546808259394e-77, 6.039081975681767, 0.38235982278621644, 0.07276494698306743]	[0.01534988367843959, 1.0592342558419136e-77, 5.338009850051958, 0.13451540453025207, 0.036605328736752867]
166581878	[0.04377625263277568, -1.8458403454341451e-07, 0.04378009061094221, 0.4165323416809148, 0.08806317318377267]	[0.028286071095467304, 1.0045706108584268e-06, 0.028285613975874552, 0.09998199363668478, 0.06895585064066476]
183347440	[-0.0013893011071147978, -5.252483239828745e-06, -0.0013470401799093937, 0.2829745100610692, 0.1381658351796028]	[0.019236665064622807, 2.866658279372579e-06, 0.019220914828996696, 0.08088947642436857, 0.11057678558103305]
20635049	[0.007154545549476588, -4.015911530516563e-06, 0.007152977768078403, 0.2526254078325278, 0.1200314554463828]	[0.007463642105411497, 2.8648936765456284e-06, 0.007485495593218936, 0.09493517506405987, 0.09544490692892703]
20775133	[-0.10334194170347737, -1.5034546808259394e-77, 6.17971106128916, 0.37591996620019485, 0.06861768265470514]	[0.09427885993072754, 1.0592342558419136e-77, 5.473003837210617, 0.13935348240480214, 0.029866084607191413]
2281732880	[0.004140464606218852, -2.1207088019861496e-77, -0.040678993790608846, 0.4547655673382748, 0.0794096645030554]	[0.009108270297719424, 1.3903123979663616e-77, 0.06623858333853092, 0.17478876381142175, 0.03130140992048067]
2688511189	[-0.00015913791440595496, -5.364232243416108e-78, 0.008584490612835127, 0.36940280904612566, 0.12620796786484856]	[0.0001640312885756742, 7.001703570805463e-78, 0.0061345983454641475, 0.07991407124261486, 0.11575776567470393]
2800980736	[0.006799605631150096, -4.035008146270968e-06, 0.0067982298672560355, 0.2756341209372485, 0.3114576054497414]	[0.0076052448572931294, 2.870613031012987e-06, 0.00762281797389387, 0.0599091066081707, 0.5782064869054249]
122406464	[0.006693467989198459, -4.3494939669681623e-76, 0.0614071924816782, 0.36734277919611386, 0.042476662458790074]	[0.009933663301618254, 3.5582202993189606e-76, 0.0871223674650165, 0.16400145548838707, 0.023968251153941737]
1225439204	[0.004032565565569062, -2.1207088019861496e-77, 0.0060320167065438714, 0.47595917286801975, 0.08667943447253704]	[0.00897375324423857, 1.3903123979663616e-77, 0.09226360460615275, 0.16124545368390145, 0.03036101230674864]
2945495369	[0.012430083337770455, -7.5323821335320514e-06, 0.012055191831100459, 0.2794093096364083, 0.13858959712176488]	[0.014610792566131302, 4.544561748820576e-06, 0.014669508512979329, 0.0804437883935335, 0.12239086013728086]
2953744109	[0.003602628976028168, -1.5034546808259394e-77, 6.037714564217619, 0.3795159392437069, 0.07276494698306743]	[0.015870119826248467, 1.0592342558419136e-77, 5.336900649402255, 0.1346400428135806, 0.036605328736752867]
303742383	[0.00360262897602953, -1.5034546808259394e-77, 6.5809069211179105, 0.3693042934144949, 0.06447041832634284]	[0.015870119826248245, 1.0592342558419136e-77, 5.807656210051293, 0.14439513019618186, 0.023281853703842514]
30884721	[0.0036026289760279742, -1.5034546808259394e-77, 5.781326528080826, 0.38863161414196673, 0.07691221131142975]	[0.0158701198262485, 1.0592342558419136e-77, 5.110290810604469, 0.12987087290564586, 0.043427479300238145]
1229891962414587904	[0.0013918598702379265, -1.0919519333857997e-77, 0.01189862286255779, 0.4002509493906669, 0.1040167891167113]	[0.004516281438828161, 9.13957368817138e-78, 0.012005766837178094, 0.15466321929271135, 0.10562575881337129]
3338767810	[-3.134799581268448e-05, 0.0, 0.0014900393339963185, 0.7093739692953049, 0.3767205114847386]	[8.293900102058866e-05, 0.0, 0.0012624524029246449, 0.054140388186258, 0.4534006495411186]
365004971	[0.16973260742173993, -1.5034546808259394e-77, 4.4129339558142, 0.4283886331437058, 0.10594306160996587]	[0.12296848639967121, 1.0592342558419136e-77, 3.909680095052236, 0.10206954142135322, 0.09193869143881571]
398054082	[-0.4977459415861253, -1.0919519333857997e-77, -0.4850342289958157, 0.15790030206778255, 0.07908402567137687]	[0.38841058174556803, 9.13957368817138e-78, 0.392759797803269, 0.08750940726694799, 0.06418478510627024]
4068912568	[0.0048030214071654725, -1.5034546808259394e-77, 0.029990678544241846, 0.3398310920954912, 0.07848420594150395]	[0.008842029298281259, 1.0592342558419136e-77, 0.04390089677341826, 0.13960879944707089, 0.09770776969705972]
437210920	[-0.7469526155944226, -7.254214951894891e-07, 11.517094375481943, 0.5752866327263514, 0.07413805237002866]	[0.2818478627889186, 9.45895395032464e-07, 28.973169116428828, 0.2229314537699198, 0.047452935228344144]
438821961	[0.0003381507351290884, -6.104444365507666e-30, -0.025061151257237006, 0.3508593123738486, 0.10933641326172043]	[0.014793471152041302, 4.937546981506209e-30, 0.08301361666389767, 0.11292584685825598, 0.08387753714669352]
45546362	[0.004140473099068794, -2.1207088019861496e-77, -0.028421870535093874, 0.4645438300513422, 0.08563056099559886]	[0.009108268563772044, 1.3903123979663616e-77, 0.08177720902701793, 0.16290822321401832, 0.027288104264302723]
712020000203145220	[0.0053881839956684595, -1.5034546808259394e-77, 0.03986718319236705, 0.33211599495709504, 0.03683694161314163]	[0.008193330068929309, 1.0592342558419136e-77, 0.04639415904674251, 0.14347025707133726, 0.01805338282826181]
736016838052720640	[0.028926737447460837, -7.833248728056949e-78, -0.10502323503948982, 0.35838825204133495, 0.1269154811974125]	[0.018208961237054493, 8.075109536752727e-78, 0.07235781635408682, 0.12480215054908637, 0.06609166109037533]
1252733774837755924	[0.004214005489647147, -3.3552170443065683e-77, -0.00821603076354745, 0.5222280094031363, 0.18049129876439576]	[0.008480863428619685, 2.7138492543270727e-77, 0.11342844623955636, 0.12520993992457313, 0.1689017595011542]
766054909389201408	[0.006568212825385124, -1.5034546808259394e-77, 0.08130447551986887, 0.3721107582426366, 0.05549963109077201]	[0.009729331754006346, 1.0592342558419136e-77, 0.13968352173128484, 0.11244089183990619, 0.029617091980484997]
772588501934051328	[0.0053881839956684595, -1.5034546808259394e-77, 0.029504696283509133, 0.33525389029523006, 0.038910573777322786]	[0.008193330068929309, 1.0592342558419136e-77, 0.04586444603565422, 0.139228551655985, 0.017004280935384707]
808783915355951105	[0.003716501919376603, -2.1207088019861496e-77, -0.04127045012578174, 0.4626696025839791, 0.08227631257368724]	[0.009178916121385333, 1.3903123979663616e-77, 0.0660080271199331, 0.17790760685009577, 0.03222069991155189]
816968928077500416	[0.003599394319121337, -1.5034546808259394e-77, 6.303164765303293, 0.37591996620019485, 0.06861768265470514]	[0.01587182650719249, 1.0592342558419136e-77, 5.566963910659323, 0.13935348240480214, 0.029866084607191413]
821153004992757760	[0.0053881839956665244, -1.5034546808259394e-77, 0.03986718319236529, 0.3362726426076983, 0.03790432933375527]	[0.00819333006892971, 1.0592342558419136e-77, 0.046394159046745584, 0.14524233333257933, 0.018783237405282666]
823220596687437824	[0.07705101935128966, -2.1207088019861496e-77, 0.06307720980961289, 0.4613478061844104, 0.08355692883141771]	[0.024058877935196624, 1.3903123979663616e-77, 0.10567385727986128, 0.16674709766313167, 0.028257966094979898]
825654804	[0.0005917497480100744, -1.5034546808259394e-77, 7.206005737780716, 0.3532363792877064, 0.04932920875438606]	[0.014492909964533418, 1.0592342558419136e-77, 6.83714147248659, 0.16701234015888652, 0.010417879007317072]
858012451366985730	[0.004214005489640534, -3.3552170443065683e-77, -0.008216030763554493, 0.5267475599722381, 0.18463856309275806]	[0.008480863428621466, 2.7138492543270727e-77, 0.11342844623955374, 0.12297500021708184, 0.1758857026485494]
874160094	[0.0036026289760295294, -1.5034546808259394e-77, 6.037714564217621, 0.38235982278621644, 0.07276494698306743]	[0.015870119826248245, 1.0592342558419136e-77, 5.3369006494022555, 0.13451540453025207, 0.036605328736752867]
879523106527653889	[-0.30426867773194766, -0.20421122252845728, -0.31967083089070497, 0.21080200081227254, 0.08439378851970501]	[1.046740036235235, 0.14387365651132691, 1.078429160151139, 0.1088852678124072, 0.022353335385928725]
881134810730827776	[0.00360262897602953, -1.5034546808259394e-77, 6.1662879625132945, 0.37916137554702944, 0.0706913148188863]	[0.015870119826248245, 1.0592342558419136e-77, 5.445203261064431, 0.13690964071065273, 0.033222175618240306]
955069564055941120	[0.0037165019193787815, -2.1207088019861496e-77, -0.02888760900896088, 0.4639857935058438, 0.08198165994386214]	[0.009178916121385163, 1.3903123979663616e-77, 0.08083932798957168, 0.18354952481776893, 0.03516868411050564]
997629108111724546	[0.004032565565569062, -2.1207088019861496e-77, 0.0060320167065438714, 0.47595917286801975, 0.08667943447253704]	[0.008973753244238571, 1.3903123979663616e-77, 0.09226360460615275, 0.16124545368390145, 0.03036101230674864]
1343869159562686469	[0.003602628976029529, -1.5034546808259394e-77, 6.7251777094649245, 0.36457385299883904, 0.06239678616216168]	[0.015870119826248245, 1.0592342558419136e-77, 5.927405697750927, 0.14695906661724012, 0.020095680059545616]
1353501845981966336	[0.0048030214071654725, -1.5034546808259394e-77, 0.0714110216325125, 0.3334689371835506, 0.05696612933287834]	[0.008842029298281259, 1.0592342558419136e-77, 0.11085468132751788, 0.14317905365717332, 0.04436814462877887]
1368253253310443527	[-0.10822196914441234, -0.20421122238358583, -0.12200486574357335, 0.24578308947019978, 0.16287632116129805]	[1.2062866286583103, 0.14387365640926011, 1.2739664518112632, 0.09357833659663307, 0.14467404465336992]
1393029204384665601	[0.004140490084764104, -2.1207088019861496e-77, -0.009565644015008166, 0.4691283757380365, 0.08977782532396117]	[0.009108265095882164, 1.3903123979663616e-77, 0.12026341362195915, 0.15566287144835828, 0.026653671334022293]
1427330037456515080	[0.770340269570607, -1.0919519333857997e-77, 0.4933887823021462, 0.5278170224072358, 0.27561645409644026]	[0.5461711851098562, 9.13957368817138e-78, 0.33488321778968383, 0.11112947619906374, 0.28773241078507034]
143288338	[0.006273187560986332, -1.5034546808259394e-77, 0.047920693088215865, 0.39175537031027435, 0.06586779191167776]	[0.00934520158693281, 1.0592342558419136e-77, 0.07010634307363764, 0.09884852647541975, 0.04517933835536255]
1435705539099611136	[0.004140464606218852, -2.1207088019861496e-77, -0.04067899379060885, 0.451747569483557, 0.0794096645030554]	[0.009108270297719424, 1.3903123979663616e-77, 0.06623858333853093, 0.17445685210082193, 0.03130140992048067]
1453068880436400146	[0.6889516882401957, -1.0919519333857997e-77, 0.41200020097173495, 0.523470610422796, 0.2673219254397156]	[0.48043078087416, 9.13957368817138e-78, 0.2699635516131732, 0.11368481786876151, 0.2738358836859768]
1459336623229919235	[0.004140464606218852, -2.1207088019861496e-77, -0.03344517994758236, 0.4613478061844104, 0.08355692883141771]	[0.009108270297719424, 1.3903123979663616e-77, 0.0737870519242141, 0.16674709766313167, 0.028257966094979898]
1463879060933820416	[0.0037164890600248223, -1.5034546808259394e-77, 0.0010534001760306479, 0.4552225614148661, 0.08831787832121878]	[0.009178923578472697, 1.0592342558419136e-77, 0.12278832938751164, 0.14918406434975331, 0.030157535925158824]
1464263722260910081	[0.7648857835633641, -1.0919519333857997e-77, 0.4879342962951116, 0.5299566718454727, 0.2797637184248026]	[0.5417647202644603, 9.13957368817138e-78, 0.3305211756173641, 0.10988523180738025, 0.29468442087031066]
1472252293282209800	[0.011376327500353885, -1.0919519333857997e-77, -0.026788220240039733, 0.4092047128069584, 0.06703105831298843]	[0.014414663239362246, 9.13957368817138e-78, 0.11609601593232603, 0.19689322501101983, 0.024159976280727323]
1501738932400230400	[0.004803021407165333, -1.5034546808259394e-77, 0.13807665957620438, 0.3341163372109071, 0.03615964453799517]	[0.008842029298281267, 1.0592342558419136e-77, 0.2860926706314295, 0.14904747190202672, 0.02074922095507046]
1503212289343868929	[-6.717427674144074e-05, 0.0, 0.0014557701712687317, 0.7082929774969977, 0.43626492846051307]	[0.00011669348961068473, 0.0, 0.001290828234145979, 0.03614441623456978, 0.6149580382975365]
1511938112712151040	[0.005933975169593705, -1.5034546808259394e-77, 0.07228225883680886, 0.45554727553172414, 0.20662042276497905]	[0.008375657086676928, 1.0592342558419136e-77, 0.11913862381362583, 0.17613996069096996, 0.42635978653689344]
1512852649598599175	[0.005098022595633113, -1.5034546808259394e-77, 0.11288546000770117, 0.35792928943439084, 0.16455651237600633]	[0.009217605092853421, 1.0592342558419136e-77, 0.22437507592858025, 0.12516825556683456, 0.3163324726974274]
1514367527438233610	[0.005978198410528262, -1.5034546808259394e-77, 0.06963966403563746, 0.36830569121388534, 0.05239290594457317]	[0.008961150366593638, 1.0592342558419136e-77, 0.11016708439466681, 0.11926022766401125, 0.024576499559102682]
1516569565144272902	[0.0009536009552298097, -1.5034546808259394e-77, 0.004633291956036244, 0.527011776488886, 0.07477514264733258]	[0.0037407900713314186, 1.0592342558419136e-77, 0.05324010905923751, 0.2119315003316929, 0.03633732706688796]
1518685617001013250	[0.005638967962163807, -1.5034546808259394e-77, 0.13877205652337743, 0.4509114129247457, 0.05599388650459986]	[0.0079913755967469, 1.0592342558419136e-77, 0.28834793338464615, 0.22037078948583333, 0.0448743721304878]
1102929069417521153	[0.688951688239374, -1.0919519333857997e-77, 0.4074731571751139, 0.5185835400324786, 0.25836950204614895]	[0.4804307808736959, 9.13957368817138e-78, 0.2656620327333537, 0.11700040971586186, 0.25976616776837336]
1520200806682832896	[0.004803021407165473, -1.5034546808259394e-77, 0.029990678544241846, 0.3398310920954912, 0.07848420594150395]	[0.008842029298281259, 1.0592342558419136e-77, 0.04390089677341826, 0.13960879944707089, 0.09770776969705972]
1520249272310059015	[0.0048030214071654725, -1.5034546808259394e-77, 0.0714110216325125, 0.3350876728969397, 0.05696612933287834]	[0.008842029298281259, 1.0592342558419136e-77, 0.11085468132751788, 0.14354361016761502, 0.04436814462877887]
1529682349029326848	[0.004140464620244829, -2.1207088019861496e-77, -0.00956566947775419, 0.47075679416304406, 0.08977782532396117]	[0.00910827030036504, 1.3903123979663616e-77, 0.12026341672503423, 0.1555698975876952, 0.026653671334022293]
1536682986371948547	[0.0048030214071654725, -1.5034546808259394e-77, 0.0714110216325125, 0.3350876728969397, 0.05696612933287834]	[0.008842029298281259, 1.0592342558419136e-77, 0.11085468132751788, 0.14354361016761502, 0.04436814462877887]
1546125627081760769	[0.004140464606218851, -2.1207088019861496e-77, -0.028293695256154994, 0.4513745433368862, 0.07733603233887425]	[0.009108270297719422, 1.3903123979663616e-77, 0.08093805159953323, 0.1790022305694571, 0.0332741921721523]
1546248279142301698	[0.005554103976863742, -1.5034546808259394e-77, 0.03710776691173517, 0.30713900334702005, 0.03052492399974295]	[0.007897917369144965, 1.0592342558419136e-77, 0.06931369002944082, 0.15436203399325352, 0.019106608999456754]
1547891496770105344	[0.001272503242397568, -1.5034546808259394e-77, 7.028454520123, 0.35662109091129013, 0.0584348071243793]	[0.014435903816986775, 1.0592342558419136e-77, 6.69275630872849, 0.14657584837643045, 0.01527308771839364]
1562158895224741888	[0.0063152962764820506, -2.1207088019861496e-77, -0.014266191202496779, 0.46080773700409183, 0.09794083601891837]	[0.010301973723459097, 1.3903123979663616e-77, 0.10348472102337694, 0.16321582498133555, 0.043535450460701314]
1565991010995474434	[0.00360262897602953, -1.5034546808259394e-77, 6.725156021752823, 0.3659279646364061, 0.06239678616216168]	[0.015870119826248245, 1.0592342558419136e-77, 5.927387020461326, 0.14699563061563697, 0.020095680059545616]
1566095531499208704	[0.011376331885320057, -1.0919519333857997e-77, -0.026788215795611945, 0.40466241867367286, 0.0656615717624039]	[0.014414664571953239, 9.13957368817138e-78, 0.11609601358487302, 0.19921708249626366, 0.024439839291874987]
1139230884354285568	[0.004969596657205807, -2.3295541813260702e-77, 0.016941090675812568, 0.37303753702935605, 0.07388443552865231]	[0.008612753653206361, 1.6561425973552716e-77, 0.008094715610689987, 0.13700605378223635, 0.055718482569121874]
1145808668149125120	[0.00360262897602953, -1.5034546808259394e-77, 6.873215380420568, 0.35594998360882346, 0.060323153997980536]	[0.015870119826248245, 1.0592342558419136e-77, 6.0714331034255125, 0.14933490201106114, 0.017033355462015492]
1581206457843912704	[0.0036026289760299544, -1.5034546808259394e-77, 6.967586342534429, 0.35204603196447903, 0.054576090441992346]	[0.015870119826248117, 1.0592342558419136e-77, 6.534133078551938, 0.15445413634680902, 0.01039859287365062]
1583116574948466688	[0.005388183995668601, -1.5034546808259394e-77, 0.027676550071245067, 0.3491229956657448, 0.042407389568988776]	[0.00819333006892947, 1.0592342558419136e-77, 0.04512621520207908, 0.1384591777907607, 0.01747929762302432]
1585283153475866624	[0.003792297668046698, -4.349493966898503e-76, 0.013497667305340261, 0.2710086521746856, 0.08972416926899081]	[0.008113834672061756, 3.558220299397666e-76, 0.010942536930736949, 0.09407323069632098, 0.10265406707022001]
