1520200806682832896	[-0.0010660657746190613, 0.0003452379836141944, -0.0027112655609664886, 0.778047387953183, 0.000776704765556086]	[0.0, 0.0, 0.0, 0.0, 0.0]
1463879060933820416	[0.0001582681461629153, 0.0003322150841015514, -0.0011727792852095828, 0.7731986056567974, 0.0007374767210630977]	[0.0, 0.0, 0.0, 0.0, 0.0]
955069564055941120	[-0.0006819356191442524, 3.7366244091803816e-40, 0.001564006995381594, 0.8177874186550976, 0.006912357902456912]	[0.0, 0.0, 0.0, 0.0, 0.0]
1587961913954156545	[0.0010231688766777648, 0.0003470530354448057, -0.0005259136332913102, 0.7774428174944971, 0.0007798063419321458]	[0.0, 0.0, 0.0, 0.0, 0.0]
858012451366985730	[0.08874060502912322, 0.020302999964693976, 0.04423062237777254, 0.5959450128679932, 0.003710913070669168]	[0.0, 0.0, 0.0, 0.0, 0.0]
772588501934051328	[0.17204709434496912, 0.042401322544712135, 0.1330512303568058, 0.6185763681888637, 0.003609395001948016]	[0.0, 0.0, 0.0, 0.0, 0.0]
1593636437378957315	[0.0018191225201406032, 0.0, 0.016267311060471926, 0.8730259001895135, 0.005354078126150139]	[0.0, 0.0, 0.0, 0.0, 0.0]
1501738932400230400	[-0.001058603473821813, 0.00034136977091263484, -0.002697900958079882, 0.7789860189238809, 0.0007684506163207989]	[0.0, 0.0, 0.0, 0.0, 0.0]
808783915355951105	[0.1140909416410214, 0.02128866332290496, 0.10926607348837845, 0.7819359153645041, 0.000615105043756135]	[0.0, 0.0, 0.0, 0.0, 0.0]
1453068880436400146	[0.4243799169955613, 0.004167032963709089, 0.38617303871538655, 0.9098700580591651, 0.026636557886557888]	[0.0, 0.0, 0.0, 0.0, 0.0]
1581206457843912704	[1.298001421264928e-21, 0.0, 1.2980013655802176e-21, 0.25, 1.0]	[0.0, 0.0, 0.0, 0.0, 0.0]
1566095531499208704	[-0.0010677171990320041, 0.00034614313017381214, -0.0027171947637207516, 0.7778837897147218, 0.0007785392453297194]	[0.0, 0.0, 0.0, 0.0, 0.0]
303742383	[-0.00047399263710557675, 0.0, -0.0007826265717279095, 0.9196728187919463, 0.0014845962558380859]	[0.0, 0.0, 0.0, 0.0, 0.0]
45546362	[0.037748210047532406, 0.01997115588644614, 0.018805371244633412, 0.7205438066465257, 0.0013290579338303757]	[0.0, 0.0, 0.0, 0.0, 0.0]
1588771753362214912	[0.0018191225201406032, 0.0, 0.016267311060471926, 0.8730259001895135, 0.005354078126150139]	[0.0, 0.0, 0.0, 0.0, 0.0]
1529682349029326848	[-0.0010676944215903244, 0.00034576540960400224, -0.0027154076078732465, 0.7780318186148424, 0.0007781748213042104]	[0.0, 0.0, 0.0, 0.0, 0.0]
1547891496770105344	[7.727822409488637e-10, 0.0, -0.0058568401806031135, 0.8888888888888888, 4.0]	[0.0, 0.0, 0.0, 0.0, 0.0]
2281732880	[0.027588689700649816, 2.6423759573039997e-28, 0.05026331989613684, 0.8626492942453855, 0.009116152054433009]	[0.0, 0.0, 0.0, 0.0, 0.0]
1145808668149125120	[0.15435604844108458, 0.041615764432888336, 0.11912664540219607, 0.6114518185682191, 0.0034257410248646884]	[0.0, 0.0, 0.0, 0.0, 0.0]
4068912568	[0.047047026762509804, 0.004794006745691308, 0.04332068578290404, 0.7972668057388564, 0.0006203143937649907]	[0.0, 0.0, 0.0, 0.0, 0.0]
1514367527438233610	[-0.0010631852670810132, 0.00034284724232969886, -0.002697231767341415, 0.7784825105315473, 0.0007703866500663731]	[0.0, 0.0, 0.0, 0.0, 0.0]
736016838052720640	[0.1733691287239648, 0.0427542467487246, 0.13350507233161837, 0.6184202646865081, 0.0036524179806340855]	[0.0, 0.0, 0.0, 0.0, 0.0]
20775133	[0.14043523347087555, 0.04532741627121413, 0.09949258356781254, 0.6120980290456431, 0.0038228677217311867]	[0.0, 0.0, 0.0, 0.0, 0.0]
823220596687437824	[0.0679930953476301, 0.019477627421892223, 0.05087212221952731, 0.7157877709479133, 0.001303108096865841]	[0.0, 0.0, 0.0, 0.0, 0.0]
1229891962414587904	[0.16556467509950715, 0.039718755988950784, 0.13315684703434502, 0.6101745045844424, 0.0031329633915581595]	[0.0, 0.0, 0.0, 0.0, 0.0]
816968928077500416	[-0.0005273777466114596, 0.0, -0.0008398282434318018, 0.9185914034179182, 0.0014673517948215668]	[0.0, 0.0, 0.0, 0.0, 0.0]
825654804	[0.12165547670470081, 0.01919413524227686, 0.0780087789788588, 0.613625304136253, 0.00368528916441694]	[0.0, 0.0, 0.0, 0.0, 0.0]
1516569565144272902	[0.07235355394658034, 0.0, 0.07235355394658034, 1.0, 0.9666666666666667]	[0.0, 0.0, 0.0, 0.0, 0.0]
1546248279142301698	[2.051453713733292e-09, 0.0, 2.0618022052720736e-09, 0.6, 1.5]	[0.0, 0.0, 0.0, 0.0, 0.0]
1586027737273184257	[0.0010245155996515109, 0.00034750978433988674, -0.0005266056238655889, 0.7771072796934866, 0.0007808498992440876]	[0.0, 0.0, 0.0, 0.0, 0.0]
1139230884354285568	[0.15072040919787097, 0.04087688201741323, 0.11604771182026712, 0.6136829415310427, 0.0033415715659534523]	[0.0, 0.0, 0.0, 0.0, 0.0]
1198361171989893120	[0.08460391741412253, 1.4423729944350042e-08, 0.07613158006985236, 0.8235294117647058, 0.05454545454545454]	[0.0, 0.0, 0.0, 0.0, 0.0]
1586022285345013760	[0.001816580693912964, 0.0, 0.01624470211492671, 0.8731461028715684, 0.005345000772678102]	[0.0, 0.0, 0.0, 0.0, 0.0]
398054082	[0.099075164028388, 0.0, 0.099075164028388, 0.16923076923076924, 0.5238095238095238]	[0.0, 0.0, 0.0, 0.0, 0.0]
1536682986371948547	[0.0018292840554081638, 0.0, 0.01635831725904571, 0.8736439055520102, 0.005363264186793598]	[0.0, 0.0, 0.0, 0.0, 0.0]
1604175610036862977	[0.0787867542858178, 0.00011484232311265348, 0.06710624545657831, 0.807961729027849, 0.0017788025713458189]	[0.0, 0.0, 0.0, 0.0, 0.0]
1595948931149697025	[0.12449626317675237, 0.0037918944613468306, 0.11824551353536303, 0.8135303455855416, 0.0013947713868784296]	[0.0, 0.0, 0.0, 0.0, 0.0]
1565991010995474434	[0.005947207411284828, 0.0, 0.006680008158182289, 0.8840544482255712, 0.0037221173802515933]	[0.0, 0.0, 0.0, 0.0, 0.0]
1512852649598599175	[0.001814338667868057, 0.0, 0.016237992354171112, 0.873449920508744, 0.005306366867562974]	[0.0, 0.0, 0.0, 0.0, 0.0]
1586149818023518209	[0.001816580693912964, 0.0, 0.01624470211492671, 0.8731461028715684, 0.005345000772678102]	[0.0, 0.0, 0.0, 0.0, 0.0]
1589248003478528007	[0.0018191225201406032, 0.0, 0.016267311060471926, 0.8730259001895135, 0.005354078126150139]	[0.0, 0.0, 0.0, 0.0, 0.0]
1597567891657875456	[0.8125685117765022, 0.4371610680186658, 0.7472171961443326, 0.1494413407821229, 0.23160173160173161]	[0.0, 0.0, 0.0, 0.0, 0.0]
1353501845981966336	[-0.016432138939485513, -3.8931737406911665e-17, -0.008559713522598622, 0.8152119700748129, 0.004004596281813816]	[0.0, 0.0, 0.0, 0.0, 0.0]
1503212289343868929	[0.012428697316008134, 0.0, -0.42802622115775363, 0.6, 1.5]	[0.0, 0.0, 0.0, 0.0, 0.0]
122406464	[0.17872703364610495, 0.04374090854043874, 0.14193106017907542, 0.5985771729044231, 0.003612966052457459]	[0.0, 0.0, 0.0, 0.0, 0.0]
183347440	[0.14261967290029026, 0.04689503945902931, 0.10281788851554244, 0.6082731451083389, 0.0039548673813091535]	[0.0, 0.0, 0.0, 0.0, 0.0]
1520249272310059015	[0.001826729189411715, 0.0, 0.016335470447234133, 0.8734459674848581, 0.005352189709731609]	[0.0, 0.0, 0.0, 0.0, 0.0]
997629108111724546	[0.08162140487097276, 0.001991286682703349, 0.07162800156601926, 0.8161796458903123, 0.0014573003292933301]	[0.0, 0.0, 0.0, 0.0, 0.0]
1518685617001013250	[-0.0010650619733056392, 0.000343590784386367, -0.002702508827236371, 0.7782886940033183, 0.0007723678781899927]	[0.0, 0.0, 0.0, 0.0, 0.0]
1511938112712151040	[-1.3546307049341054e-89, -5.101697239724257e-89, -0.10884317648810966, 0.75, 1.5]	[0.0, 0.0, 0.0, 0.0, 0.0]
1368253253310443527	[0.03697900774523314, 0.005914199919434895, 0.030825286688746806, 0.7585449631172927, 0.0005004260797510245]	[0.0, 0.0, 0.0, 0.0, 0.0]
1546125627081760769	[-0.0010605514045326162, 0.000345991942958187, -0.002709323217441549, 0.7684775444873364, 0.000778717893748418]	[0.0, 0.0, 0.0, 0.0, 0.0]
20635049	[0.14043523347087555, 0.04532741627121413, 0.09949258356781254, 0.6120980290456431, 0.0038228677217311867]	[0.0, 0.0, 0.0, 0.0, 0.0]
1593237575124549634	[0.16449760467098506, 0.0, 0.16594476765610708, 0.0756385068762279, 0.36666666666666664]	[0.0, 0.0, 0.0, 0.0, 0.0]
879523106527653889	[0.08847911888328464, 0.019953669076114237, 0.04509474727743746, 0.5973638398408356, 0.003627363184830917]	[0.0, 0.0, 0.0, 0.0, 0.0]
1595898631260844032	[0.002121310906467418, 0.0003474335760538473, 0.0005905085840705029, 0.7772670688499473, 0.0007808922393722846]	[0.0, 0.0, 0.0, 0.0, 0.0]
365004971	[-0.0001382872837713574, 0.0, -0.00044019711344472353, 0.9197821761440989, 0.001483133347585463]	[0.0, 0.0, 0.0, 0.0, 0.0]
1596624149786644485	[-6.880874865291528e-14, 0.0, -1.699382108608816e-13, 0.6363636363636364, 0.5]	[0.0, 0.0, 0.0, 0.0, 0.0]
874160094	[-0.00030069105161745457, 0.0, -0.0006070775546968625, 0.9183234269317483, 0.0014552175908378292]	[0.0, 0.0, 0.0, 0.0, 0.0]
1343869159562686469	[-0.002065055093153574, 0.0, -0.0024878878796856813, 0.9129866736347008, 0.0012650616805068744]	[0.0, 0.0, 0.0, 0.0, 0.0]
437210920	[-0.0004736030007997991, 0.0, -0.0007819832289408492, 0.9186728072011723, 0.0014833390118329116]	[0.0, 0.0, 0.0, 0.0, 0.0]
1562158895224741888	[0.014529303022637129, 0.0003348049676258505, 0.012516636603916569, 0.782775620609921, 0.0008014439749477064]	[0.0, 0.0, 0.0, 0.0, 0.0]
1596784198181863425	[0.0018191244613577182, 0.0, 0.016267313020057485, 0.873266078184111, 0.005365700582285052]	[0.0, 0.0, 0.0, 0.0, 0.0]
1583116574948466688	[-0.0010713500748610997, 0.00034667332752856415, -0.002723368921782135, 0.7777353264243756, 0.000779920623859872]	[0.0, 0.0, 0.0, 0.0, 0.0]
1586067079312166914	[-8.605660970272191e-13, -3.2736824311803804e-13, -1.03260895497662e-12, 0.42105263157894735, 0.4]	[0.0, 0.0, 0.0, 0.0, 0.0]
881134810730827776	[-0.001089432181551265, 0.0, -0.00141912661225447, 0.918346464749821, 0.0014516353905958612]	[0.0, 0.0, 0.0, 0.0, 0.0]
1606396329067945984	[0.07414604520353012, 0.00011576503646275514, 0.062213343760693755, 0.8066850447966919, 0.0017895460240507036]	[0.0, 0.0, 0.0, 0.0, 0.0]
766054909389201408	[0.1656829117891556, 0.03916958011230095, 0.1334736783823959, 0.6370552434456929, 0.0030012792518582234]	[0.0, 0.0, 0.0, 0.0, 0.0]
2945495369	[0.05518740667100618, 9.646806256628393e-10, 0.05518740667100618, 0.5532786885245902, 0.08231707317073171]	[0.0, 0.0, 0.0, 0.0, 0.0]
1464263722260910081	[0.4230302204119936, 0.00419084458064457, 0.3845499022026362, 0.9090403337969402, 0.026753990994678675]	[0.0, 0.0, 0.0, 0.0, 0.0]
143288338	[0.01663516622791599, 0.0003166272796274851, 0.011354575932322367, 0.7734546340670945, 0.0007280342501809191]	[0.0, 0.0, 0.0, 0.0, 0.0]
1162845798608117761	[0.1119754740440781, 0.021174911386281844, 0.10670430939222944, 0.7724516576668979, 0.0006194230217035125]	[0.0, 0.0, 0.0, 0.0, 0.0]
2953744109	[-0.0004741876958039736, 0.0, -0.0007829486402759455, 0.9196475401237806, 0.001485310387007473]	[0.0, 0.0, 0.0, 0.0, 0.0]
1585283153475866624	[-0.001069352687938446, 0.00034667332752856415, -0.0027213568046956446, 0.7777724711051677, 0.000779920623859872]	[0.0, 0.0, 0.0, 0.0, 0.0]
1601606563059453952	[0.027331452032543432, 0.005947283984575941, 0.020747859796208315, 0.7411195324627888, 0.0004810619495883115]	[0.0, 0.0, 0.0, 0.0, 0.0]
438821961	[0.16974277564052545, 0.03885825628232095, 0.13508707609103618, 0.6351453269130359, 0.003095908695012838]	[0.0, 0.0, 0.0, 0.0, 0.0]
1598843895579922432	[0.002095562576582663, 0.00034606752005363555, 0.0003818984609160715, 0.7777565996378538, 0.000778962718697291]	[0.0, 0.0, 0.0, 0.0, 0.0]
1459336623229919235	[-0.0016644772748737342, 0.000333789887674168, -0.003047870126631478, 0.7726809829532876, 0.000741426751319579]	[0.0, 0.0, 0.0, 0.0, 0.0]
1593060853854642183	[0.0010240661964556017, 0.0003473574011851663, -0.0005263748598936227, 0.7772936219115112, 0.000780501736692092]	[0.0, 0.0, 0.0, 0.0, 0.0]
2688511189	[0.14712265990161902, 0.04464580098894023, 0.10713658955705936, 0.6135586660646326, 0.0037366142629300524]	[0.0, 0.0, 0.0, 0.0, 0.0]
1590583719194234880	[-3.965664297262846e-18, -7.680861181591119e-18, -2.3780047500852126e-14, 0.3333333333333333, 1.0]	[0.0, 0.0, 0.0, 0.0, 0.0]
1588704907149860864	[0.00020385030535548688, -6.879165605013263e-18, -0.0017149966497475404, 0.8687323943661972, 0.0025838754109568382]	[0.0, 0.0, 0.0, 0.0, 0.0]
1472252293282209800	[-0.0004158999883376895, 0.0003353102556925596, -0.001827543047541728, 0.7721856660145829, 0.0007446384786188689]	[0.0, 0.0, 0.0, 0.0, 0.0]
16453377	[-0.0002909647700988017, 0.0, -0.0006006627713898948, 0.9191566009747828, 0.0014967074162154403]	[0.0, 0.0, 0.0, 0.0, 0.0]
1586144310042451968	[0.001023169029312428, 0.0003470530354448057, -0.0005259134806566466, 0.777363184079602, 0.0007799503327628097]	[0.0, 0.0, 0.0, 0.0, 0.0]
1435705539099611136	[0.00012513742924056027, 0.00031975291911048105, -0.0008315022294797787, 0.7764163429108142, 0.0007090290676185887]	[0.0, 0.0, 0.0, 0.0, 0.0]
821153004992757760	[0.12930775481391488, 0.020310929556245652, 0.08572132393204199, 0.6067338810057257, 0.003988084426794168]	[0.0, 0.0, 0.0, 0.0, 0.0]
1225439204	[0.1781827978552113, 0.043607714543665174, 0.14149887061013838, 0.5988009147660548, 0.003595442902303266]	[0.0, 0.0, 0.0, 0.0, 0.0]
1586944032726474752	[-0.001071820491701991, 0.00034682511094692167, -0.0027245627130500607, 0.7774642498445645, 0.0007792137074121554]	[0.0, 0.0, 0.0, 0.0, 0.0]
712020000203145220	[0.1719377533821855, 0.04240132254207239, 0.13254723833443988, 0.6191926430192285, 0.0036069599821895696]	[0.0, 0.0, 0.0, 0.0, 0.0]
1427330037456515080	[0.31897185808946094, 0.0041552283377495735, 0.27677481193027936, 0.9019607843137255, 0.024063224311099665]	[0.0, 0.0, 0.0, 0.0, 0.0]
3338767810	[6.789328556144534e-45, 0.0, -7.387307888138204e-06, 0.2, 0.5]	[0.0, 0.0, 0.0, 0.0, 0.0]
1605382922348945408	[0.07410214891392192, 0.00011533733312607009, 0.06221468253628062, 0.8073095401509952, 0.0017850693084933635]	[0.0, 0.0, 0.0, 0.0, 0.0]
30884721	[-0.0004737977388172933, 0.0, -0.000782304768038877, 0.919698081559912, 0.0014838827967697938]	[0.0, 0.0, 0.0, 0.0, 0.0]
2800980736	[0.13877272889453776, 0.04125493410284942, 0.09955022248062469, 0.6205237172676707, 0.0033194368758713145]	[0.0, 0.0, 0.0, 0.0, 0.0]
1586346520185544704	[0.0018191225201406032, 0.0, 0.016267311060471926, 0.8730259001895135, 0.005354078126150139]	[0.0, 0.0, 0.0, 0.0, 0.0]
166581878	[2.34117642386801e-09, 0.0, 2.341176423864013e-09, 0.7333333333333333, 0.36666666666666664]	[0.0, 0.0, 0.0, 0.0, 0.0]
1393029204384665601	[0.021153628340159075, 0.0024145162132375867, 0.017207596112725806, 0.7810980792112867, 0.0006635219453761103]	[0.0, 0.0, 0.0, 0.0, 0.0]
1102929069417521153	[0.106842798661828, 0.019951541412707875, 0.1016351248295365, 0.7804538988749515, 0.0006332156922919544]	[0.0, 0.0, 0.0, 0.0, 0.0]
1252733774837755924	[0.037219586434775645, -0.019786437861559703, 0.026660961568049934, 0.3237822349570201, 0.07243589743589744]	[0.0, 0.0, 0.0, 0.0, 0.0]
