1520200806682832896	[-5.104275443248759e-05, -4.7459052061565204e-05, 1.2586948929683759e-05, 0.8016621743036837, 0.0006777235736364309]	[0.0, 0.0, 0.0, 0.0, 0.0]
1463879060933820416	[-5.094207838824271e-05, -4.736544446381062e-05, 1.2562122600432438e-05, 0.801647066363316, 0.0006759712212487286]	[0.0, 0.0, 0.0, 0.0, 0.0]
955069564055941120	[1.491340963104004e-05, 1.4913409631036578e-05, 7.107263239381284e-05, 0.8197847257816504, 0.0007717154374353687]	[0.0, 0.0, 0.0, 0.0, 0.0]
1587961913954156545	[-5.104275443248755e-05, -4.7459052061565204e-05, 1.258694892968374e-05, 0.8016878991111254, 0.0006777235736364309]	[0.0, 0.0, 0.0, 0.0, 0.0]
858012451366985730	[1.4946236858931364e-05, 1.4946236858927907e-05, 7.122907666498566e-05, 0.8195136996864237, 0.0007725968588427447]	[0.0, 0.0, 0.0, 0.0, 0.0]
772588501934051328	[1.4946236858931374e-05, 1.4946236858927915e-05, 7.122907666498567e-05, 0.819532253919301, 0.0007726937848067195]	[0.0, 0.0, 0.0, 0.0, 0.0]
1593636437378957315	[-5.1034349565958245e-05, -4.7451237299164155e-05, 1.2584876321593885e-05, 0.8016812654410114, 0.0006775817366528927]	[0.0, 0.0, 0.0, 0.0, 0.0]
1501738932400230400	[-5.1042754432488266e-05, -4.745905206156526e-05, 1.258694892968234e-05, 0.8017006257019091, 0.0006777778284155717]	[0.0, 0.0, 0.0, 0.0, 0.0]
808783915355951105	[1.4942947634270511e-05, 1.4942947634267054e-05, 7.121340125198721e-05, 0.8195086853736252, 0.000772450574014193]	[0.0, 0.0, 0.0, 0.0, 0.0]
1453068880436400146	[-5.100915156584406e-05, -4.7427808445988104e-05, 1.2578662590689805e-05, 0.8017000801924619, 0.0006771023821715066]	[0.0, 0.0, 0.0, 0.0, 0.0]
1581206457843912704	[0.0, 0.0, 0.0, 0.25, 1.0]	[0.0, 0.0, 0.0, 0.0, 0.0]
1566095531499208704	[-5.103434956595822e-05, -4.745123729916411e-05, 1.2584876321593868e-05, 0.8016555441478439, 0.0006775817366528927]	[0.0, 0.0, 0.0, 0.0, 0.0]
303742383	[1.865405331061508e-05, 1.8654053310610756e-05, 8.889936683778671e-05, 0.8053806525472238, 0.0009559895998478027]	[0.0, 0.0, 0.0, 0.0, 0.0]
45546362	[-6.520068715768454e-05, -0.00014464490276988156, 0.00010420468009338732, 0.8448376932659193, 0.0005907829356042245]	[0.0, 0.0, 0.0, 0.0, 0.0]
1588771753362214912	[-5.104275443248755e-05, -4.7459052061565204e-05, 1.258694892968374e-05, 0.8016878991111254, 0.0006777235736364309]	[0.0, 0.0, 0.0, 0.0, 0.0]
1529682349029326848	[-5.100915156584338e-05, -4.742780844598808e-05, 1.2578662590691172e-05, 0.8016163171060227, 0.0006771836572143792]	[0.0, 0.0, 0.0, 0.0, 0.0]
1547891496770105344	[0.0, 0.0, 1.4507347154458824e-194, 0.7857142857142857, 1.1]	[0.0, 0.0, 0.0, 0.0, 0.0]
2281732880	[1.4929805200115485e-05, 1.4929805200112033e-05, 7.115076853320796e-05, 0.8188766350346243, 0.0007719626866003642]	[0.0, 0.0, 0.0, 0.0, 0.0]
1145808668149125120	[1.8689995609714606e-05, 1.8689995609710265e-05, 8.906823248765144e-05, 0.8315823396712858, 0.000977790469400054]	[0.0, 0.0, 0.0, 0.0, 0.0]
4068912568	[1.4910134837532986e-05, 1.4910134837529537e-05, 7.105702575516687e-05, 0.8197990361939916, 0.0007712318324528143]	[0.0, 0.0, 0.0, 0.0, 0.0]
1514367527438233610	[-5.105116206787425e-05, -4.746686939842264e-05, 1.2589022220563298e-05, 0.8016751708866853, 0.0006778926036410982]	[0.0, 0.0, 0.0, 0.0, 0.0]
736016838052720640	[1.4261868105512405e-05, 1.4261868105504009e-05, 6.708306303937726e-05, 0.8326772524216021, 0.0008307166596947538]	[0.0, 0.0, 0.0, 0.0, 0.0]
20775133	[-9.735990028273949e-06, -9.735990028274037e-06, 0.00022772806079501799, 0.7327555074033947, 0.0019072046402066436]	[0.0, 0.0, 0.0, 0.0, 0.0]
823220596687437824	[-6.52320085446298e-05, -0.00014471438791132432, 0.00010425473838646662, 0.8447460113698881, 0.0005906583049912063]	[0.0, 0.0, 0.0, 0.0, 0.0]
1229891962414587904	[0.0, 0.0, 0.0, 1.0, 2.0]	[0.0, 0.0, 0.0, 0.0, 0.0]
816968928077500416	[1.4942947634270527e-05, 1.4942947634267057e-05, 7.121340125198721e-05, 0.8195086853736252, 0.000772450574014193]	[0.0, 0.0, 0.0, 0.0, 0.0]
825654804	[1.4942947634270527e-05, 1.4942947634267057e-05, 7.121340125198721e-05, 0.8195086853736252, 0.000772450574014193]	[0.0, 0.0, 0.0, 0.0, 0.0]
1516569565144272902	[-5.100915156584336e-05, -4.742780844598808e-05, 1.2578662590691172e-05, 0.8016163171060227, 0.0006771836572143792]	[0.0, 0.0, 0.0, 0.0, 0.0]
1546248279142301698	[-5.100915156584336e-05, -4.742780844598809e-05, 1.2578662590691172e-05, 0.8015259833937102, 0.0006773462073001243]	[0.0, 0.0, 0.0, 0.0, 0.0]
1586027737273184257	[-5.100915156584338e-05, -4.742780844598808e-05, 1.2578662590691172e-05, 0.8016163171060227, 0.0006771836572143792]	[0.0, 0.0, 0.0, 0.0, 0.0]
1139230884354285568	[1.871059632132631e-05, 1.8710596321321985e-05, 8.91664063454499e-05, 0.8314722778028787, 0.0009784283957815017]	[0.0, 0.0, 0.0, 0.0, 0.0]
1198361171989893120	[1.842125720295528e-05, 1.8421257202951003e-05, 8.778754439165428e-05, 0.832707843012531, 0.0009637846381960861]	[0.0, 0.0, 0.0, 0.0, 0.0]
1586022285345013760	[-5.105957247348672e-05, -4.7474689311008846e-05, 1.259109619456996e-05, 0.80163034757213, 0.0006780345629869353]	[0.0, 0.0, 0.0, 0.0, 0.0]
398054082	[8.811400744128619e-22, 8.811400744128619e-22, 8.811400744128619e-22, 0.09821428571428571, 0.55]	[0.0, 0.0, 0.0, 0.0, 0.0]
1536682986371948547	[-5.104275443248759e-05, -4.7459052061565204e-05, 1.2586948929683759e-05, 0.8016621743036837, 0.0006777235736364309]	[0.0, 0.0, 0.0, 0.0, 0.0]
1604175610036862977	[-0.00010995215126348361, -9.953283069066207e-05, -6.488948797943447e-05, 0.8017069385945467, 0.0005010840540962946]	[0.0, 0.0, 0.0, 0.0, 0.0]
1595948931149697025	[-0.0001100298559640227, -9.960317191376503e-05, -6.49353462748253e-05, 0.8016233838238229, 0.0005015289654275796]	[0.0, 0.0, 0.0, 0.0, 0.0]
1565991010995474434	[-4.1170512122493386e-05, -3.827993815912455e-05, 3.255394473932017e-05, 0.8138734798378494, 0.0005385677095576717]	[0.0, 0.0, 0.0, 0.0, 0.0]
1512852649598599175	[-5.1042754432487575e-05, -4.745905206156519e-05, 1.2586948929683759e-05, 0.8016621743036837, 0.0006777235736364309]	[0.0, 0.0, 0.0, 0.0, 0.0]
1586149818023518209	[-5.105957247348672e-05, -4.7474689311008846e-05, 1.259109619456996e-05, 0.80163034757213, 0.0006780345629869353]	[0.0, 0.0, 0.0, 0.0, 0.0]
1589248003478528007	[-5.104275443248755e-05, -4.7459052061565204e-05, 1.258694892968374e-05, 0.8016878991111254, 0.0006777235736364309]	[0.0, 0.0, 0.0, 0.0, 0.0]
1597567891657875456	[-4.113226479869017e-05, -3.8244376172779004e-05, 3.252370218946284e-05, 0.8140005862445706, 0.0005380959116724378]	[0.0, 0.0, 0.0, 0.0, 0.0]
1353501845981966336	[-5.074292730653337e-05, -4.71690380125587e-05, 1.2475993635480429e-05, 0.802330779054917, 0.0006732306363474887]	[0.0, 0.0, 0.0, 0.0, 0.0]
1503212289343868929	[-5.1042754432488246e-05, -4.7459052061565204e-05, 1.2586948929682286e-05, 0.8017006257019091, 0.0006777778284155717]	[0.0, 0.0, 0.0, 0.0, 0.0]
122406464	[1.800603395653492e-05, 1.8006033956530757e-05, 8.580877449685433e-05, 0.8332400323443429, 0.0009422741049767632]	[0.0, 0.0, 0.0, 0.0, 0.0]
183347440	[2.6219051767512778e-11, 2.6219051767512778e-11, 2.6219051767512778e-11, 0.0547945205479452, 2.0]	[0.0, 0.0, 0.0, 0.0, 0.0]
1520249272310059015	[-5.104275443248759e-05, -4.7459052061565204e-05, 1.2586948929683759e-05, 0.8016621743036837, 0.0006777235736364309]	[0.0, 0.0, 0.0, 0.0, 0.0]
997629108111724546	[1.4867693026083916e-05, 1.4867693026080476e-05, 7.085476139457625e-05, 0.8198865668591283, 0.0007694844875936332]	[0.0, 0.0, 0.0, 0.0, 0.0]
1518685617001013250	[-5.1042754432487575e-05, -4.745905206156519e-05, 1.2586948929683759e-05, 0.8016621743036837, 0.0006777235736364309]	[0.0, 0.0, 0.0, 0.0, 0.0]
1511938112712151040	[-5.103434956595827e-05, -4.745123729916414e-05, 1.2584876321593903e-05, 0.8016555441478439, 0.0006775817366528927]	[0.0, 0.0, 0.0, 0.0, 0.0]
1368253253310443527	[0.0, 0.0, 0.0, 0.5714285714285714, 0.6666666666666666]	[0.0, 0.0, 0.0, 0.0, 0.0]
1546125627081760769	[-5.104275443248759e-05, -4.745905206156524e-05, 1.2586948929683759e-05, 0.8016621743036837, 0.0006777235736364309]	[0.0, 0.0, 0.0, 0.0, 0.0]
20635049	[0.0, 0.0, 0.0, 0.6666666666666666, 2.0]	[0.0, 0.0, 0.0, 0.0, 0.0]
1593237575124549634	[-1.6121243605122354e-31, -1.6121243617973122e-31, -1.6121243605122354e-31, 0.09099616858237548, 0.25]	[0.0, 0.0, 0.0, 0.0, 0.0]
879523106527653889	[1.4929805200115495e-05, 1.492980520011203e-05, 7.115076853320802e-05, 0.8195442414288647, 0.000772156112480244]	[0.0, 0.0, 0.0, 0.0, 0.0]
1595898631260844032	[-5.1025947466918703e-05, -4.74434251099479e-05, 1.2582804395956463e-05, 0.8016809957654305, 0.0006774670658562509]	[0.0, 0.0, 0.0, 0.0, 0.0]
365004971	[1.4819020727979236e-05, 1.4819020727975802e-05, 7.062280537200035e-05, 0.8199481206449316, 0.0007680272005782524]	[0.0, 0.0, 0.0, 0.0, 0.0]
1596624149786644485	[0.0, 0.0, 5.579685228115506e-42, 0.6571428571428571, 0.4107142857142857]	[0.0, 0.0, 0.0, 0.0, 0.0]
874160094	[1.4942947634270527e-05, 1.4942947634267057e-05, 7.121340125198721e-05, 0.8196106631054497, 0.0007729834321801378]	[0.0, 0.0, 0.0, 0.0, 0.0]
1343869159562686469	[-4.08161264069227e-05, -3.794139449720899e-05, 3.223623791592262e-05, 0.8145355451490859, 0.0005336476944138508]	[0.0, 0.0, 0.0, 0.0, 0.0]
437210920	[1.492324264837918e-05, 1.4923242648375716e-05, 7.111949347011646e-05, 0.8197158537210852, 0.0007721537640201083]	[0.0, 0.0, 0.0, 0.0, 0.0]
1562158895224741888	[-4.279641051008895e-05, -3.979168242444402e-05, 1.0553431911217849e-05, 0.815415095897196, 0.000565091211514901]	[0.0, 0.0, 0.0, 0.0, 0.0]
1596784198181863425	[-5.101754813400237e-05, -4.743561549264587e-05, 1.2580733152434512e-05, 0.8017000801924619, 0.0006773253332357711]	[0.0, 0.0, 0.0, 0.0, 0.0]
1583116574948466688	[-5.105957247348672e-05, -4.7474689311008846e-05, 1.259109619456996e-05, 0.80163034757213, 0.0006780345629869353]	[0.0, 0.0, 0.0, 0.0, 0.0]
1586067079312166914	[-1.5919571972003731e-291, -1.5919571972003731e-291, -1.5919571972003731e-291, 0.5925925925925926, 0.38095238095238093]	[0.0, 0.0, 0.0, 0.0, 0.0]
881134810730827776	[1.4942947634270527e-05, 1.4942947634267057e-05, 7.121340125198721e-05, 0.8196106631054497, 0.0007729834321801378]	[0.0, 0.0, 0.0, 0.0, 0.0]
1606396329067945984	[-0.00010990040907465374, -9.948599171151353e-05, -6.485895174979709e-05, 0.8017592838784011, 0.000500889377989106]	[0.0, 0.0, 0.0, 0.0, 0.0]
766054909389201408	[1.4946236858931374e-05, 1.4946236858927915e-05, 7.122907666498567e-05, 0.819532253919301, 0.0007726937848067195]	[0.0, 0.0, 0.0, 0.0, 0.0]
2945495369	[0.007546859858032902, 0.007546751449293898, 0.007546859858032808, 0.5336856010568032, 0.008971796580057739]	[0.0, 0.0, 0.0, 0.0, 0.0]
1464263722260910081	[-5.101754813400305e-05, -4.743561549264588e-05, 1.2580733152433128e-05, 0.8017130758372899, 0.0006772711320327755]	[0.0, 0.0, 0.0, 0.0, 0.0]
143288338	[-5.096721014867106e-05, -4.738881172797631e-05, 1.256831999688064e-05, 0.8018012243197333, 0.0006766384078103497]	[0.0, 0.0, 0.0, 0.0, 0.0]
1162845798608117761	[1.6302702052851205e-05, 1.630270205284742e-05, 7.769356429963145e-05, 0.8356541172425649, 0.0008408550740180798]	[0.0, 0.0, 0.0, 0.0, 0.0]
2953744109	[1.8436262299929103e-05, 1.843626229992483e-05, 8.78614431956404e-05, 0.8172385256859125, 0.0009466988909066319]	[0.0, 0.0, 0.0, 0.0, 0.0]
1585283153475866624	[-5.0983978436266534e-05, -4.74044027171942e-05, 1.2572454992768474e-05, 0.8015516799179276, 0.0006766777735791026]	[0.0, 0.0, 0.0, 0.0, 0.0]
1601606563059453952	[0.0, 0.0, 5.579685228115506e-42, 0.6571428571428571, 0.4107142857142857]	[0.0, 0.0, 0.0, 0.0, 0.0]
438821961	[9.52522991022476e-05, 9.531095556868177e-05, 0.00014877813984725595, 0.8157539529502507, 0.0007417065790890114]	[0.0, 0.0, 0.0, 0.0, 0.0]
1598843895579922432	[-5.1000757761077654e-05, -4.7420003968705644e-05, 1.2576592710388524e-05, 0.8017382380295693, 0.000677042037759224]	[0.0, 0.0, 0.0, 0.0, 0.0]
1459336623229919235	[-5.101754813400309e-05, -4.743561549264592e-05, 1.2580733152433115e-05, 0.8017130758372899, 0.0006772711320327755]	[0.0, 0.0, 0.0, 0.0, 0.0]
1593060853854642183	[-5.1034349565958245e-05, -4.7451237299164155e-05, 1.2584876321593885e-05, 0.8016812654410114, 0.0006775817366528927]	[0.0, 0.0, 0.0, 0.0, 0.0]
2688511189	[0.0, 0.0, 0.0, 0.4666666666666667, 1.1666666666666667]	[0.0, 0.0, 0.0, 0.0, 0.0]
1590583719194234880	[0.0, 0.0, 0.0, 0.2, 1.0]	[0.0, 0.0, 0.0, 0.0, 0.0]
1588704907149860864	[-4.279641051008894e-05, -3.9791682424444007e-05, 1.0553431911217849e-05, 0.8154375343973583, 0.000565091211514901]	[0.0, 0.0, 0.0, 0.0, 0.0]
1472252293282209800	[-5.101754813400309e-05, -4.743561549264595e-05, 1.2580733152433079e-05, 0.8016937191249118, 0.0006772982326342733]	[0.0, 0.0, 0.0, 0.0, 0.0]
16453377	[-4.1007093842039515e-05, -3.8127993445605954e-05, 3.242472823466443e-05, 0.8139930380251376, 0.0005363313966014942]	[0.0, 0.0, 0.0, 0.0, 0.0]
1586144310042451968	[-5.105116206787419e-05, -4.74668693984226e-05, 1.258902222056326e-05, 0.80164944483666, 0.0006778926036410982]	[0.0, 0.0, 0.0, 0.0, 0.0]
1435705539099611136	[-5.095883014042564e-05, -4.738102007856362e-05, 1.256625351874896e-05, 0.8017882322779131, 0.0006764699790794244]	[0.0, 0.0, 0.0, 0.0, 0.0]
821153004992757760	[1.4942947634270527e-05, 1.4942947634267057e-05, 7.121340125198721e-05, 0.8195086853736252, 0.000772450574014193]	[0.0, 0.0, 0.0, 0.0, 0.0]
1225439204	[1.5772532880400752e-05, 1.5772532880397103e-05, 7.516694432240768e-05, 0.8367301604931415, 0.0008131700408878757]	[0.0, 0.0, 0.0, 0.0, 0.0]
1586944032726474752	[-5.103434956595822e-05, -4.745123729916411e-05, 1.2584876321593868e-05, 0.8016555441478439, 0.0006775817366528927]	[0.0, 0.0, 0.0, 0.0, 0.0]
712020000203145220	[1.4946236858931374e-05, 1.4946236858927915e-05, 7.122907666498567e-05, 0.819532253919301, 0.0007726937848067195]	[0.0, 0.0, 0.0, 0.0, 0.0]
1427330037456515080	[-5.095883014042564e-05, -4.738102007856362e-05, 1.2566253518748937e-05, 0.8018009357174902, 0.0006765240555796105]	[0.0, 0.0, 0.0, 0.0, 0.0]
3338767810	[0.0, 0.0, 0.0, 0.2, 0.5]	[0.0, 0.0, 0.0, 0.0, 0.0]
1605382922348945408	[-0.0001099262740803197, -9.950940568932278e-05, -6.487421627127269e-05, 0.8017508865248227, 0.0005009866979756925]	[0.0, 0.0, 0.0, 0.0, 0.0]
30884721	[1.8684852518062437e-05, 1.8684852518058103e-05, 8.904614619965427e-05, 0.8050410540385717, 0.0009580132949340275]	[0.0, 0.0, 0.0, 0.0, 0.0]
2800980736	[0.00046005755898302804, 0.00046005755908248256, 0.00046005755898302804, 0.5421423366529026, 0.008464741620588436]	[0.0, 0.0, 0.0, 0.0, 0.0]
1586346520185544704	[-5.105957247348672e-05, -4.7474689311008846e-05, 1.259109619456996e-05, 0.80163034757213, 0.0006780345629869353]	[0.0, 0.0, 0.0, 0.0, 0.0]
166581878	[0.0, 0.0, 0.0, 0.20588235294117646, 0.4666666666666667]	[0.0, 0.0, 0.0, 0.0, 0.0]
1393029204384665601	[-5.089188914845136e-05, -4.731877900128473e-05, 1.254974612496405e-05, 0.80188920909382, 0.000675340953740102]	[0.0, 0.0, 0.0, 0.0, 0.0]
1102929069417521153	[1.773791903090712e-05, 1.7737919030896693e-05, 8.343094474113976e-05, 0.844630781714904, 0.0010657515387969602]	[0.0, 0.0, 0.0, 0.0, 0.0]
1252733774837755924	[1.4589762365733839e-05, 1.4589762365730451e-05, 6.953361073452618e-05, 0.8123665259498386, 0.0007553430232617205]	[0.0, 0.0, 0.0, 0.0, 0.0]
