1520200806682832896	[-0.01699784315675041, -7.052944113914446e-05, -0.015941039873216153, 0.778047387953183, 0.000776704765556086]	[0.0, 0.0, 0.0, 0.0, 0.0]
1463879060933820416	[-0.020362063364652728, -6.639171392564895e-05, -0.019566826683758504, 0.7731986056567974, 0.0007374767210630977]	[0.0, 0.0, 0.0, 0.0, 0.0]
955069564055941120	[7.797802864035024e-05, -2.619915559373343e-75, 0.004675116749531617, 0.8177874186550976, 0.006912357902456912]	[0.0, 0.0, 0.0, 0.0, 0.0]
1587961913954156545	[-0.016814907973907285, -7.090024214403811e-05, -0.01574707286883101, 0.7774428174944971, 0.0007798063419321458]	[0.0, 0.0, 0.0, 0.0, 0.0]
858012451366985730	[0.008891856541789046, 0.0008615765005754876, 0.008329070246169624, 0.5959450128679932, 0.003710913070669168]	[0.0, 0.0, 0.0, 0.0, 0.0]
772588501934051328	[0.0181775705260949, 0.008271065623916602, 0.01845239595044958, 0.6185763681888637, 0.003609395001948016]	[0.0, 0.0, 0.0, 0.0, 0.0]
1593636437378957315	[-0.003094403911454852, 0.0, 0.015542865637740043, 0.8730259001895135, 0.005354078126150139]	[0.0, 0.0, 0.0, 0.0, 0.0]
1501738932400230400	[-0.01680936061056426, -6.973919530005041e-05, -0.015764429083292324, 0.7789860189238809, 0.0007684506163207989]	[0.0, 0.0, 0.0, 0.0, 0.0]
808783915355951105	[0.01205611160077722, 0.004746888643530297, 0.012903318157153867, 0.7819359153645041, 0.000615105043756135]	[0.0, 0.0, 0.0, 0.0, 0.0]
1453068880436400146	[0.010518703971915849, 0.00010739800187198091, 0.004420727920657292, 0.9098700580591651, 0.026636557886557888]	[0.0, 0.0, 0.0, 0.0, 0.0]
1581206457843912704	[-5.633339854258106e-104, 0.0, -5.633339854258106e-104, 0.25, 1.0]	[0.0, 0.0, 0.0, 0.0, 0.0]
1566095531499208704	[-0.01704240818141307, -7.071435555768712e-05, -0.0159828341660889, 0.7778837897147218, 0.0007785392453297194]	[0.0, 0.0, 0.0, 0.0, 0.0]
303742383	[-0.0013753034508369344, 0.0, -0.001330519433205054, 0.9196728187919463, 0.0014845962558380859]	[0.0, 0.0, 0.0, 0.0, 0.0]
45546362	[-0.008645872622045546, 0.0039025581416632237, -0.007298975678835138, 0.7205438066465257, 0.0013290579338303757]	[0.0, 0.0, 0.0, 0.0, 0.0]
1588771753362214912	[-0.003094403911454852, 0.0, 0.015542865637740043, 0.8730259001895135, 0.005354078126150139]	[0.0, 0.0, 0.0, 0.0, 0.0]
1529682349029326848	[-0.017023811053323356, -7.06371901762405e-05, -0.01596539327328435, 0.7780318186148424, 0.0007781748213042104]	[0.0, 0.0, 0.0, 0.0, 0.0]
1547891496770105344	[-2.0452172209163213e-46, 0.0, 1.1015339951500347e-10, 0.8888888888888888, 4.0]	[0.0, 0.0, 0.0, 0.0, 0.0]
2281732880	[-0.01451595233075694, -2.4574955294866595e-129, 0.010292698576439243, 0.8626492942453855, 0.009116152054433009]	[0.0, 0.0, 0.0, 0.0, 0.0]
1145808668149125120	[0.018752062453195502, 0.008182542147315295, 0.019448597006531152, 0.6114518185682191, 0.0034257410248646884]	[0.0, 0.0, 0.0, 0.0, 0.0]
4068912568	[0.001103186445031341, 0.00042302639190915065, 0.002057491938909371, 0.7972668057388564, 0.0006203143937649907]	[0.0, 0.0, 0.0, 0.0, 0.0]
1514367527438233610	[-0.016880134656205935, -7.004103124594979e-05, -0.015830649638214435, 0.7784825105315473, 0.0007703866500663731]	[0.0, 0.0, 0.0, 0.0, 0.0]
736016838052720640	[0.018328899918383705, 0.00833990921412756, 0.018909433470511272, 0.6184202646865081, 0.0036524179806340855]	[0.0, 0.0, 0.0, 0.0, 0.0]
20775133	[0.01887087287813667, 0.008928135498576632, 0.019894558115559527, 0.6120980290456431, 0.0038228677217311867]	[0.0, 0.0, 0.0, 0.0, 0.0]
823220596687437824	[-0.004889571677854844, 0.0038056771192992553, -0.0033534705799612373, 0.7157877709479133, 0.001303108096865841]	[0.0, 0.0, 0.0, 0.0, 0.0]
1229891962414587904	[0.017899969451250886, 0.007738485517882196, 0.018568018532723638, 0.6101745045844424, 0.0031329633915581595]	[0.0, 0.0, 0.0, 0.0, 0.0]
816968928077500416	[-0.0013596462033175073, 0.0, -0.0013153721794174037, 0.9185914034179182, 0.0014673517948215668]	[0.0, 0.0, 0.0, 0.0, 0.0]
825654804	[0.00879238966600098, 0.0008255172015772355, 0.007810061458468397, 0.613625304136253, 0.00368528916441694]	[0.0, 0.0, 0.0, 0.0, 0.0]
1516569565144272902	[1.2002916400788034e-05, 0.0, 1.2002916400788034e-05, 1.0, 0.9666666666666667]	[0.0, 0.0, 0.0, 0.0, 0.0]
1546248279142301698	[-3.15176185990806e-42, 0.0, -3.1517618599080625e-42, 0.6, 1.5]	[0.0, 0.0, 0.0, 0.0, 0.0]
1586027737273184257	[-0.016837037705831708, -7.099355239910813e-05, -0.015767797246372794, 0.7771072796934866, 0.0007808498992440876]	[0.0, 0.0, 0.0, 0.0, 0.0]
1139230884354285568	[0.01841890310453722, 0.00803726218937327, 0.019103195070876298, 0.6136829415310427, 0.0033415715659534523]	[0.0, 0.0, 0.0, 0.0, 0.0]
1198361171989893120	[-0.0014411386372834404, -1.3304516427901044e-32, -0.0014630886401204586, 0.8235294117647058, 0.05454545454545454]	[0.0, 0.0, 0.0, 0.0, 0.0]
1586022285345013760	[-0.0030901061282444984, 0.0, 0.015521278324354291, 0.8731461028715684, 0.005345000772678102]	[0.0, 0.0, 0.0, 0.0, 0.0]
398054082	[0.012979166252411283, 0.0, 0.012979166252411283, 0.16923076923076924, 0.5238095238095238]	[0.0, 0.0, 0.0, 0.0, 0.0]
1536682986371948547	[-0.003111715262008446, 0.0, 0.01562981873221691, 0.8736439055520102, 0.005363264186793598]	[0.0, 0.0, 0.0, 0.0, 0.0]
1604175610036862977	[0.0012885119627128474, -1.0042934805671952e-05, 0.003215761751491382, 0.807961729027849, 0.0017788025713458189]	[0.0, 0.0, 0.0, 0.0, 0.0]
1595948931149697025	[-0.0018235971235770253, 9.59438872373719e-06, -0.0023752178496211454, 0.8135303455855416, 0.0013947713868784296]	[0.0, 0.0, 0.0, 0.0, 0.0]
1565991010995474434	[-0.00030112089791110185, 0.0, 0.001068171062923397, 0.8840544482255712, 0.0037221173802515933]	[0.0, 0.0, 0.0, 0.0, 0.0]
1512852649598599175	[-0.0030901061282445135, 0.0, 0.01552127832435425, 0.873449920508744, 0.005306366867562974]	[0.0, 0.0, 0.0, 0.0, 0.0]
1586149818023518209	[-0.0030901061282444984, 0.0, 0.015521278324354291, 0.8731461028715684, 0.005345000772678102]	[0.0, 0.0, 0.0, 0.0, 0.0]
1589248003478528007	[-0.003094403911454852, 0.0, 0.015542865637740043, 0.8730259001895135, 0.005354078126150139]	[0.0, 0.0, 0.0, 0.0, 0.0]
1597567891657875456	[0.057728234879988925, 0.005016224444700924, 0.0663300543938556, 0.1494413407821229, 0.23160173160173161]	[0.0, 0.0, 0.0, 0.0, 0.0]
1353501845981966336	[-0.028446135263331784, -3.80071987421468e-66, -0.01728812969075593, 0.8152119700748129, 0.004004596281813816]	[0.0, 0.0, 0.0, 0.0, 0.0]
1503212289343868929	[4.745129181178539e-09, 0.0, -0.26523283968585826, 0.6, 1.5]	[0.0, 0.0, 0.0, 0.0, 0.0]
122406464	[0.019573159567569314, 0.008579671597609622, 0.019862424058070087, 0.5985771729044231, 0.003612966052457459]	[0.0, 0.0, 0.0, 0.0, 0.0]
183347440	[0.019397651148917606, 0.009163746910045258, 0.020449918628250796, 0.6082731451083389, 0.0039548673813091535]	[0.0, 0.0, 0.0, 0.0, 0.0]
1520249272310059015	[-0.003107369290972121, 0.0, 0.015607989376445657, 0.8734459674848581, 0.005352189709731609]	[0.0, 0.0, 0.0, 0.0, 0.0]
997629108111724546	[0.0005958505582186147, -2.6196321930621566e-06, 0.00209361253439461, 0.8161796458903123, 0.0014573003292933301]	[0.0, 0.0, 0.0, 0.0, 0.0]
1518685617001013250	[-0.0169167430592773, -7.019293111852829e-05, -0.015864981994836023, 0.7782886940033183, 0.0007723678781899927]	[0.0, 0.0, 0.0, 0.0, 0.0]
1511938112712151040	[0.0, 0.0, -0.0002444139678852528, 0.75, 1.5]	[0.0, 0.0, 0.0, 0.0, 0.0]
1368253253310443527	[-0.021247189248079702, 8.04485305421699e-05, -0.021372338512725297, 0.7585449631172927, 0.0005004260797510245]	[0.0, 0.0, 0.0, 0.0, 0.0]
1546125627081760769	[-0.01703431442057891, -7.068346918268923e-05, -0.01597520320237871, 0.7684775444873364, 0.000778717893748418]	[0.0, 0.0, 0.0, 0.0, 0.0]
20635049	[0.01887087287813667, 0.008928135498576632, 0.019894558115559527, 0.6120980290456431, 0.0038228677217311867]	[0.0, 0.0, 0.0, 0.0, 0.0]
1593237575124549634	[-0.0021344080057755315, 0.0, -0.0021344080057755315, 0.0756385068762279, 0.36666666666666664]	[0.0, 0.0, 0.0, 0.0, 0.0]
879523106527653889	[0.008933515523040713, 0.0008467582315238207, 0.00804173777176658, 0.5973638398408356, 0.003627363184830917]	[0.0, 0.0, 0.0, 0.0, 0.0]
1595898631260844032	[-0.01683313940240057, -7.09779836376171e-05, -0.015764131487457866, 0.7772670688499473, 0.0007808922393722846]	[0.0, 0.0, 0.0, 0.0, 0.0]
365004971	[-0.0013736083043630134, 0.0, -0.0013288794844292056, 0.9197821761440989, 0.001483133347585463]	[0.0, 0.0, 0.0, 0.0, 0.0]
1596624149786644485	[-6.75311667986928e-46, 0.0, 0.0013718121359399763, 0.6363636363636364, 0.5]	[0.0, 0.0, 0.0, 0.0, 0.0]
874160094	[-0.0013470467438873046, 0.0, -0.0013031829949992021, 0.9183234269317483, 0.0014552175908378292]	[0.0, 0.0, 0.0, 0.0, 0.0]
1343869159562686469	[-0.001205045340058576, 0.0, -0.0011710007825304597, 0.9129866736347008, 0.0012650616805068744]	[0.0, 0.0, 0.0, 0.0, 0.0]
437210920	[-0.0013741713090448873, 0.0, -0.0013294240810790034, 0.9186728072011723, 0.0014833390118329116]	[0.0, 0.0, 0.0, 0.0, 0.0]
1562158895224741888	[-0.01627080906039606, -6.83980569288956e-05, -0.015253935121276714, 0.782775620609921, 0.0008014439749477064]	[0.0, 0.0, 0.0, 0.0, 0.0]
1596784198181863425	[-0.003094403911454852, 0.0, 0.015542865637740043, 0.873266078184111, 0.005365700582285052]	[0.0, 0.0, 0.0, 0.0, 0.0]
1583116574948466688	[-0.017068512526548712, -7.082267076313653e-05, -0.016007315531332365, 0.7777353264243756, 0.000779920623859872]	[0.0, 0.0, 0.0, 0.0, 0.0]
1586067079312166914	[-6.019014703863151e-16, -2.6529086678677122e-61, -6.019014703863151e-16, 0.42105263157894735, 0.4]	[0.0, 0.0, 0.0, 0.0, 0.0]
881134810730827776	[-0.0013443543385933223, 0.0, -0.001300579075592448, 0.918346464749821, 0.0014516353905958612]	[0.0, 0.0, 0.0, 0.0, 0.0]
1606396329067945984	[0.001286966959201909, -1.0123625876422098e-05, 0.0032291981490632764, 0.8066850447966919, 0.0017895460240507036]	[0.0, 0.0, 0.0, 0.0, 0.0]
766054909389201408	[0.016207899417230824, 0.00735644082726072, 0.017229274719644604, 0.6370552434456929, 0.0030012792518582234]	[0.0, 0.0, 0.0, 0.0, 0.0]
2945495369	[0.006486590833402123, 6.8977317925897e-71, 0.006486590833402123, 0.5532786885245902, 0.08231707317073171]	[0.0, 0.0, 0.0, 0.0, 0.0]
1464263722260910081	[0.010578810220197134, 0.00010801170473982079, 0.0044459885838804385, 0.9090403337969402, 0.026753990994678675]	[0.0, 0.0, 0.0, 0.0, 0.0]
143288338	[-0.019902759101679834, -6.327656019306718e-05, -0.019973175915918732, 0.7734546340670945, 0.0007280342501809191]	[0.0, 0.0, 0.0, 0.0, 0.0]
1162845798608117761	[0.012010502501694166, 0.004777518449393772, 0.01291137749193395, 0.7724516576668979, 0.0006194230217035125]	[0.0, 0.0, 0.0, 0.0, 0.0]
2953744109	[-0.0013758678168338317, 0.0, -0.0013310653453766318, 0.9196475401237806, 0.001485310387007473]	[0.0, 0.0, 0.0, 0.0, 0.0]
1585283153475866624	[-0.017068512526548712, -7.082267076313653e-05, -0.016007315531332365, 0.7777724711051677, 0.000779920623859872]	[0.0, 0.0, 0.0, 0.0, 0.0]
1601606563059453952	[-0.02003804456700365, 8.066175164389337e-05, -0.020238094839603538, 0.7411195324627888, 0.0004810619495883115]	[0.0, 0.0, 0.0, 0.0, 0.0]
438821961	[0.016777981605504814, 0.007241373284356548, 0.01761712116514906, 0.6351453269130359, 0.003095908695012838]	[0.0, 0.0, 0.0, 0.0, 0.0]
1598843895579922432	[-0.01676696326574376, -7.06989089968401e-05, -0.01578932508818514, 0.7777565996378538, 0.000778962718697291]	[0.0, 0.0, 0.0, 0.0, 0.0]
1459336623229919235	[-0.02043445750902813, -6.670643144837977e-05, -0.01963515236247467, 0.7726809829532876, 0.000741426751319579]	[0.0, 0.0, 0.0, 0.0, 0.0]
1593060853854642183	[-0.01682965465926042, -7.09624217030331e-05, -0.01576088306209462, 0.7772936219115112, 0.000780501736692092]	[0.0, 0.0, 0.0, 0.0, 0.0]
2688511189	[0.01903747902498068, 0.008793877821906307, 0.020039064397359883, 0.6135586660646326, 0.0037366142629300524]	[0.0, 0.0, 0.0, 0.0, 0.0]
1590583719194234880	[-2.7440913575381883e-86, -2.6733115839239236e-86, -1.0819919070856834e-65, 0.3333333333333333, 1.0]	[0.0, 0.0, 0.0, 0.0, 0.0]
1588704907149860864	[-1.313953467450308e-05, -1.3741669142273967e-75, 4.5417712304549805e-05, 0.8687323943661972, 0.0025838754109568382]	[0.0, 0.0, 0.0, 0.0, 0.0]
1472252293282209800	[-0.017563128701296102, -6.701027026657115e-05, -0.016628519321235016, 0.7721856660145829, 0.0007446384786188689]	[0.0, 0.0, 0.0, 0.0, 0.0]
16453377	[-0.001388438116792576, 0.0, -0.0013432263214189033, 0.9191566009747828, 0.0014967074162154403]	[0.0, 0.0, 0.0, 0.0, 0.0]
1586144310042451968	[-0.016814907973907285, -7.090024214403811e-05, -0.01574707286883101, 0.777363184079602, 0.0007799503327628097]	[0.0, 0.0, 0.0, 0.0, 0.0]
1435705539099611136	[-0.02033160934639897, -6.390120540721394e-05, -0.01975603728024433, 0.7764163429108142, 0.0007090290676185887]	[0.0, 0.0, 0.0, 0.0, 0.0]
821153004992757760	[0.009250920800543775, 0.0008735492126664479, 0.008180402631165621, 0.6067338810057257, 0.003988084426794168]	[0.0, 0.0, 0.0, 0.0, 0.0]
1225439204	[0.019513557985451256, 0.008553545922830055, 0.0198019416462002, 0.5988009147660548, 0.003595442902303266]	[0.0, 0.0, 0.0, 0.0, 0.0]
1586944032726474752	[-0.01707598560558836, -7.085367893772635e-05, -0.016014323988219992, 0.7774642498445645, 0.0007792137074121554]	[0.0, 0.0, 0.0, 0.0, 0.0]
712020000203145220	[0.01817760003698195, 0.008271065623916602, 0.0187533449503924, 0.6191926430192285, 0.0036069599821895696]	[0.0, 0.0, 0.0, 0.0, 0.0]
1427330037456515080	[0.009165790019042483, 0.00010709375824061553, 0.00281472927953514, 0.9019607843137255, 0.024063224311099665]	[0.0, 0.0, 0.0, 0.0, 0.0]
3338767810	[2.0318706868330778e-271, 0.0, -3.5200674251235456e-25, 0.2, 0.5]	[0.0, 0.0, 0.0, 0.0, 0.0]
1605382922348945408	[0.0012822121551650536, -1.0086223317765365e-05, 0.003217267614029392, 0.8073095401509952, 0.0017850693084933635]	[0.0, 0.0, 0.0, 0.0, 0.0]
30884721	[-0.0013747379477732679, 0.0, -0.0013299723446223216, 0.919698081559912, 0.0014838827967697938]	[0.0, 0.0, 0.0, 0.0, 0.0]
2800980736	[0.018141718312255792, 0.008111595250084239, 0.01867287921462979, 0.6205237172676707, 0.0033194368758713145]	[0.0, 0.0, 0.0, 0.0, 0.0]
1586346520185544704	[-0.003094403911454852, 0.0, 0.015542865637740043, 0.8730259001895135, 0.005354078126150139]	[0.0, 0.0, 0.0, 0.0, 0.0]
166581878	[0.0, 0.0, -1.321364265293225e-99, 0.7333333333333333, 0.36666666666666664]	[0.0, 0.0, 0.0, 0.0, 0.0]
1393029204384665601	[-0.026117147707972542, -9.439507741592678e-05, -0.02668969237149816, 0.7810980792112867, 0.0006635219453761103]	[0.0, 0.0, 0.0, 0.0, 0.0]
1102929069417521153	[0.01242520545417121, 0.004941182189769427, 0.013107942346250555, 0.7804538988749515, 0.0006332156922919544]	[0.0, 0.0, 0.0, 0.0, 0.0]
1252733774837755924	[-0.0003344257695854322, -0.00048177324571501665, -0.0007089404866398238, 0.3237822349570201, 0.07243589743589744]	[0.0, 0.0, 0.0, 0.0, 0.0]
