1520200806682832896	[-0.00029678683813534807, -0.0002610250282221349, 0.00010002873756347314, 0.8016621743036837, 0.0006777235736364309]	[0.0, 0.0, 0.0, 0.0, 0.0]
1463879060933820416	[-0.000296201514094857, -0.00026051019026659, 9.98313357007596e-05, 0.801647066363316, 0.0006759712212487286]	[0.0, 0.0, 0.0, 0.0, 0.0]
955069564055941120	[1.6728445432983246e-05, 1.672839101803726e-05, 0.0003546455881876724, 0.8197847257816504, 0.0007717154374353687]	[0.0, 0.0, 0.0, 0.0, 0.0]
1587961913954156545	[-0.00029678683813534807, -0.0002610250282221348, 0.00010002873756347325, 0.8016878991111254, 0.0006777235736364309]	[0.0, 0.0, 0.0, 0.0, 0.0]
858012451366985730	[1.6765267897066428e-05, 1.676521336234288e-05, 0.00035542623002827924, 0.8195136996864237, 0.0007725968588427447]	[0.0, 0.0, 0.0, 0.0, 0.0]
772588501934051328	[1.6765267897066404e-05, 1.676521336234286e-05, 0.00035542623002827924, 0.819532253919301, 0.0007726937848067195]	[0.0, 0.0, 0.0, 0.0, 0.0]
1593636437378957315	[-0.00029673796824597953, -0.0002609820469890997, 0.00010001226650508967, 0.8016812654410114, 0.0006775817366528927]	[0.0, 0.0, 0.0, 0.0, 0.0]
1501738932400230400	[-0.0002967868925812104, -0.00026102503253984404, 0.00010002863083060303, 0.8017006257019091, 0.0006777778284155717]	[0.0, 0.0, 0.0, 0.0, 0.0]
808783915355951105	[1.676157835747639e-05, 1.6761523834754322e-05, 0.00035534801122765684, 0.8195086853736252, 0.000772450574014193]	[0.0, 0.0, 0.0, 0.0, 0.0]
1453068880436400146	[-0.00029659150950512014, -0.00026085319249208907, 9.99627791974031e-05, 0.8017000801924619, 0.0006771023821715066]	[0.0, 0.0, 0.0, 0.0, 0.0]
1581206457843912704	[0.0, 0.0, 0.0, 0.25, 1.0]	[0.0, 0.0, 0.0, 0.0, 0.0]
1566095531499208704	[-0.0002967379682459796, -0.0002609820469890998, 0.00010001226650508931, 0.8016555441478439, 0.0006775817366528927]	[0.0, 0.0, 0.0, 0.0, 0.0]
303742383	[2.092420673210348e-05, 2.092413880146962e-05, 0.0004435991386531492, 0.8053806525472238, 0.0009559895998478027]	[0.0, 0.0, 0.0, 0.0, 0.0]
45546362	[-0.000313443040837248, -0.00027508917762458584, 0.00023498213595945545, 0.8448376932659193, 0.0005907829356042245]	[0.0, 0.0, 0.0, 0.0, 0.0]
1588771753362214912	[-0.00029678683813534807, -0.0002610250282221348, 0.00010002873756347325, 0.8016878991111254, 0.0006777235736364309]	[0.0, 0.0, 0.0, 0.0, 0.0]
1529682349029326848	[-0.00029659145509510106, -0.0002608531881772224, 9.996288586000805e-05, 0.8016163171060227, 0.0006771836572143792]	[0.0, 0.0, 0.0, 0.0, 0.0]
1547891496770105344	[-1.3016769406723166e-251, -1.3012078886706115e-251, 5.3865289666832426e-98, 0.7857142857142857, 1.1]	[0.0, 0.0, 0.0, 0.0, 0.0]
2281732880	[1.6746836424004546e-05, 1.6746781949235646e-05, 0.00035503547999526653, 0.8188766350346243, 0.0007719626866003642]	[0.0, 0.0, 0.0, 0.0, 0.0]
1145808668149125120	[2.0964575270241092e-05, 2.0964507075567524e-05, 0.00044363826075030524, 0.8315823396712858, 0.000977790469400054]	[0.0, 0.0, 0.0, 0.0, 0.0]
4068912568	[1.6724772080889928e-05, 1.6724717677892793e-05, 0.0003545677125644426, 0.8197990361939916, 0.0007712318324528143]	[0.0, 0.0, 0.0, 0.0, 0.0]
1514367527438233610	[-0.0002968357241241696, -0.0002610680236146933, 0.00010004521404800016, 0.8016751708866853, 0.0006778926036410982]	[0.0, 0.0, 0.0, 0.0, 0.0]
736016838052720640	[1.5998370076254375e-05, 1.5998232808705417e-05, 0.0003255216825617128, 0.8326772524216021, 0.0008307166596947538]	[0.0, 0.0, 0.0, 0.0, 0.0]
20775133	[-0.00012784634338375785, -0.00012784634663726355, 0.0009658052241246947, 0.7327555074033947, 0.0019072046402066436]	[0.0, 0.0, 0.0, 0.0, 0.0]
823220596687437824	[-0.0003135936139553444, -0.00027522132614866496, 0.0002350950176901005, 0.8447460113698881, 0.0005906583049912063]	[0.0, 0.0, 0.0, 0.0, 0.0]
1229891962414587904	[0.0, 0.0, 0.0, 1.0, 2.0]	[0.0, 0.0, 0.0, 0.0, 0.0]
816968928077500416	[1.6761578357476393e-05, 1.6761523834754325e-05, 0.00035534801122765684, 0.8195086853736252, 0.000772450574014193]	[0.0, 0.0, 0.0, 0.0, 0.0]
825654804	[1.6761578357476393e-05, 1.6761523834754325e-05, 0.00035534801122765684, 0.8195086853736252, 0.000772450574014193]	[0.0, 0.0, 0.0, 0.0, 0.0]
1516569565144272902	[-0.00029659145509510106, -0.00026085318817722236, 9.996288586000809e-05, 0.8016163171060227, 0.0006771836572143792]	[0.0, 0.0, 0.0, 0.0, 0.0]
1546248279142301698	[-0.00029659145509510106, -0.00026085318817722236, 9.99628858600078e-05, 0.8015259833937102, 0.0006773462073001243]	[0.0, 0.0, 0.0, 0.0, 0.0]
1586027737273184257	[-0.00029659145509510106, -0.0002608531881772224, 9.996288586000813e-05, 0.8016163171060227, 0.0006771836572143792]	[0.0, 0.0, 0.0, 0.0, 0.0]
1139230884354285568	[2.0987683096386318e-05, 2.0987614826546426e-05, 0.0004441272530465304, 0.8314722778028787, 0.0009784283957815017]	[0.0, 0.0, 0.0, 0.0, 0.0]
1198361171989893120	[2.066313129592678e-05, 2.0663064081806032e-05, 0.00043725930586162347, 0.832707843012531, 0.0009637846381960861]	[0.0, 0.0, 0.0, 0.0, 0.0]
1586022285345013760	[-0.0002968846262204009, -0.0002611110331737731, 0.00010006169596135256, 0.80163034757213, 0.0006780345629869353]	[0.0, 0.0, 0.0, 0.0, 0.0]
398054082	[2.2993130379478935e-11, 2.2993130379478935e-11, 2.2993130379478935e-11, 0.09821428571428571, 0.55]	[0.0, 0.0, 0.0, 0.0, 0.0]
1536682986371948547	[-0.00029678683813534807, -0.0002610250282221349, 0.00010002873756347321, 0.8016621743036837, 0.0006777235736364309]	[0.0, 0.0, 0.0, 0.0, 0.0]
1604175610036862977	[-0.0005503976664696537, -0.00045200954054927886, -0.0002733909197497671, 0.8017069385945467, 0.0005010840540962946]	[0.0, 0.0, 0.0, 0.0, 0.0]
1595948931149697025	[-0.0005507866011461605, -0.0004523289788326906, -0.00027358405254558697, 0.8016233838238229, 0.0005015289654275796]	[0.0, 0.0, 0.0, 0.0, 0.0]
1565991010995474434	[-0.00023940402694660223, -0.00021055895391348302, 0.0001352229450570556, 0.8138734798378494, 0.0005385677095576717]	[0.0, 0.0, 0.0, 0.0, 0.0]
1512852649598599175	[-0.00029678683813534807, -0.0002610250282221349, 0.00010002873756347314, 0.8016621743036837, 0.0006777235736364309]	[0.0, 0.0, 0.0, 0.0, 0.0]
1586149818023518209	[-0.0002968846262204009, -0.0002611110331737731, 0.00010006169596135252, 0.80163034757213, 0.0006780345629869353]	[0.0, 0.0, 0.0, 0.0, 0.0]
1589248003478528007	[-0.00029678683813534807, -0.0002610250282221348, 0.00010002873756347325, 0.8016878991111254, 0.0006777235736364309]	[0.0, 0.0, 0.0, 0.0, 0.0]
1597567891657875456	[-0.00023918162108215284, -0.00021036334506445916, 0.00013509732321028727, 0.8140005862445706, 0.0005380959116724378]	[0.0, 0.0, 0.0, 0.0, 0.0]
1353501845981966336	[-0.00029986994804006515, -0.00026069983236663095, 9.01978877167159e-05, 0.802330779054917, 0.0006732306363474887]	[0.0, 0.0, 0.0, 0.0, 0.0]
1503212289343868929	[-0.0002967868925812105, -0.0002610250325398441, 0.00010002863083060285, 0.8017006257019091, 0.0006777778284155717]	[0.0, 0.0, 0.0, 0.0, 0.0]
122406464	[2.019737521888608e-05, 2.0197309521231094e-05, 0.0004274032886220361, 0.8332400323443429, 0.0009422741049767632]	[0.0, 0.0, 0.0, 0.0, 0.0]
183347440	[6.274110399795332e-06, 6.274110399795332e-06, 6.274110399795332e-06, 0.0547945205479452, 2.0]	[0.0, 0.0, 0.0, 0.0, 0.0]
1520249272310059015	[-0.00029678683813534807, -0.0002610250282221349, 0.00010002873756347314, 0.8016621743036837, 0.0006777235736364309]	[0.0, 0.0, 0.0, 0.0, 0.0]
997629108111724546	[1.66771648908195e-05, 1.6677110642680906e-05, 0.0003535584328921551, 0.8198865668591283, 0.0007694844875936332]	[0.0, 0.0, 0.0, 0.0, 0.0]
1518685617001013250	[-0.00029678683813534807, -0.0002610250282221349, 0.00010002873756347314, 0.8016621743036837, 0.0006777235736364309]	[0.0, 0.0, 0.0, 0.0, 0.0]
1511938112712151040	[-0.00029673796824597953, -0.0002609820469890998, 0.00010001226650508957, 0.8016555441478439, 0.0006775817366528927]	[0.0, 0.0, 0.0, 0.0, 0.0]
1368253253310443527	[0.0, 0.0, 0.0, 0.5714285714285714, 0.6666666666666666]	[0.0, 0.0, 0.0, 0.0, 0.0]
1546125627081760769	[-0.00029678683813534807, -0.0002610250282221349, 0.00010002873756347321, 0.8016621743036837, 0.0006777235736364309]	[0.0, 0.0, 0.0, 0.0, 0.0]
20635049	[0.0, 0.0, 0.0, 0.6666666666666666, 2.0]	[0.0, 0.0, 0.0, 0.0, 0.0]
1593237575124549634	[-1.2696049569095622e-16, -1.269640808842618e-16, -1.2696049569095622e-16, 0.09099616858237548, 0.25]	[0.0, 0.0, 0.0, 0.0, 0.0]
879523106527653889	[1.6746836424004573e-05, 1.674678194923565e-05, 0.0003550354799952664, 0.8195442414288647, 0.000772156112480244]	[0.0, 0.0, 0.0, 0.0, 0.0]
1595898631260844032	[-0.0002966891144481122, -0.0002609390799085945, 9.999580087016925e-05, 0.8016809957654305, 0.0006774670658562509]	[0.0, 0.0, 0.0, 0.0, 0.0]
365004971	[1.6610177987152007e-05, 1.6610123916604437e-05, 0.00035238860464845704, 0.8199481206449316, 0.0007680272005782524]	[0.0, 0.0, 0.0, 0.0, 0.0]
1596624149786644485	[0.0, 0.0, 8.35141097967546e-22, 0.6571428571428571, 0.4107142857142857]	[0.0, 0.0, 0.0, 0.0, 0.0]
874160094	[1.6761578357476393e-05, 1.6761523834754325e-05, 0.00035534801122765684, 0.8196106631054497, 0.0007729834321801378]	[0.0, 0.0, 0.0, 0.0, 0.0]
1343869159562686469	[-0.00024122554189323148, -0.00020971824769036498, 0.00012660517770579782, 0.8145355451490859, 0.0005336476944138508]	[0.0, 0.0, 0.0, 0.0, 0.0]
437210920	[1.6739475177224778e-05, 1.6739420726400804e-05, 0.00035487942044362035, 0.8197158537210852, 0.0007721537640201083]	[0.0, 0.0, 0.0, 0.0, 0.0]
1562158895224741888	[-0.0002488386745592148, -0.00021885445613985125, 8.386833671436172e-05, 0.815415095897196, 0.000565091211514901]	[0.0, 0.0, 0.0, 0.0, 0.0]
1596784198181863425	[-0.0002966402767337999, -0.0002608961269736302, 9.997934065603447e-05, 0.8017000801924619, 0.0006773253332357711]	[0.0, 0.0, 0.0, 0.0, 0.0]
1583116574948466688	[-0.0002968846262204009, -0.0002611110331737731, 0.00010006169596135256, 0.80163034757213, 0.0006780345629869353]	[0.0, 0.0, 0.0, 0.0, 0.0]
1586067079312166914	[-2.6120248280380706e-146, -2.6120248280380706e-146, -2.6120248280380706e-146, 0.5925925925925926, 0.38095238095238093]	[0.0, 0.0, 0.0, 0.0, 0.0]
881134810730827776	[1.6761578357476393e-05, 1.6761523834754325e-05, 0.00035534801122765684, 0.8196106631054497, 0.0007729834321801378]	[0.0, 0.0, 0.0, 0.0, 0.0]
1606396329067945984	[-0.0005501386558030797, -0.0004517968301772558, -0.00027326226519929663, 0.8017592838784011, 0.000500889377989106]	[0.0, 0.0, 0.0, 0.0, 0.0]
766054909389201408	[1.6765267897066404e-05, 1.676521336234286e-05, 0.00035542623002827924, 0.819532253919301, 0.0007726937848067195]	[0.0, 0.0, 0.0, 0.0, 0.0]
2945495369	[0.012754017915439765, 0.012710609245688353, 0.012754015487204, 0.5336856010568032, 0.008971796580057739]	[0.0, 0.0, 0.0, 0.0, 0.0]
1464263722260910081	[-0.0002966403311527752, -0.00026089613128920714, 9.99792339758718e-05, 0.8017130758372899, 0.0006772711320327755]	[0.0, 0.0, 0.0, 0.0, 0.0]
143288338	[-0.0002963476421235175, -0.00026063871034072243, 9.988058648304896e-05, 0.8018012243197333, 0.0006766384078103497]	[0.0, 0.0, 0.0, 0.0, 0.0]
1162845798608117761	[1.8286821621034145e-05, 1.828676213694073e-05, 0.0003876844456781997, 0.8356541172425649, 0.0008408550740180798]	[0.0, 0.0, 0.0, 0.0, 0.0]
2953744109	[2.067991107924429e-05, 2.0679843941718565e-05, 0.00043842000127544494, 0.8172385256859125, 0.0009466988909066319]	[0.0, 0.0, 0.0, 0.0, 0.0]
1585283153475866624	[-0.0002964450865533531, -0.0002607244565495646, 9.991355395384256e-05, 0.8015516799179276, 0.0006766777735791026]	[0.0, 0.0, 0.0, 0.0, 0.0]
1601606563059453952	[0.0, 0.0, 8.35141097967546e-22, 0.6571428571428571, 0.4107142857142857]	[0.0, 0.0, 0.0, 0.0, 0.0]
438821961	[0.00018982826750527887, 0.00019333240797399164, 0.0005119000176589835, 0.8157539529502507, 0.0007417065790890114]	[0.0, 0.0, 0.0, 0.0, 0.0]
1598843895579922432	[-0.00029654270392514556, -0.0002608102678265481, 9.994632983436266e-05, 0.8017382380295693, 0.000677042037759224]	[0.0, 0.0, 0.0, 0.0, 0.0]
1459336623229919235	[-0.00029664033115277526, -0.0002608961312892071, 9.997923397587187e-05, 0.8017130758372899, 0.0006772711320327755]	[0.0, 0.0, 0.0, 0.0, 0.0]
1593060853854642183	[-0.00029673796824597953, -0.0002609820469890997, 0.00010001226650508967, 0.8016812654410114, 0.0006775817366528927]	[0.0, 0.0, 0.0, 0.0, 0.0]
2688511189	[0.0, 0.0, 0.0, 0.4666666666666667, 1.1666666666666667]	[0.0, 0.0, 0.0, 0.0, 0.0]
1590583719194234880	[0.0, 0.0, 0.0, 0.2, 1.0]	[0.0, 0.0, 0.0, 0.0, 0.0]
1588704907149860864	[-0.0002488386745592148, -0.00021885445613985136, 8.386833671436179e-05, 0.8154375343973583, 0.000565091211514901]	[0.0, 0.0, 0.0, 0.0, 0.0]
1472252293282209800	[-0.00029664033115277526, -0.00026089613128920714, 9.997923397587184e-05, 0.8016937191249118, 0.0006772982326342733]	[0.0, 0.0, 0.0, 0.0, 0.0]
16453377	[-0.00023845380359548116, -0.00020972318489073747, 0.0001346861177718986, 0.8139930380251376, 0.0005363313966014942]	[0.0, 0.0, 0.0, 0.0, 0.0]
1586144310042451968	[-0.0002968357241241696, -0.0002610680236146933, 0.0001000452140479999, 0.80164944483666, 0.0006778926036410982]	[0.0, 0.0, 0.0, 0.0, 0.0]
1435705539099611136	[-0.0002962989167630894, -0.0002605958562285322, 9.986416415708997e-05, 0.8017882322779131, 0.0006764699790794244]	[0.0, 0.0, 0.0, 0.0, 0.0]
821153004992757760	[1.676157835747639e-05, 1.6761523834754322e-05, 0.00035534801122765684, 0.8195086853736252, 0.000772450574014193]	[0.0, 0.0, 0.0, 0.0, 0.0]
1225439204	[1.769212823350537e-05, 1.7692070685106547e-05, 0.00037507682142565754, 0.8367301604931415, 0.0008131700408878757]	[0.0, 0.0, 0.0, 0.0, 0.0]
1586944032726474752	[-0.0002967379682459796, -0.0002609820469890998, 0.00010001226650508931, 0.8016555441478439, 0.0006775817366528927]	[0.0, 0.0, 0.0, 0.0, 0.0]
712020000203145220	[1.6765267897066404e-05, 1.676521336234286e-05, 0.00035542623002827924, 0.819532253919301, 0.0007726937848067195]	[0.0, 0.0, 0.0, 0.0, 0.0]
1427330037456515080	[-0.00029629891676308945, -0.00026059585622853227, 9.986416415708989e-05, 0.8018009357174902, 0.0006765240555796105]	[0.0, 0.0, 0.0, 0.0, 0.0]
3338767810	[0.0, 0.0, -1.4954771562792433e-242, 0.2, 0.5]	[0.0, 0.0, 0.0, 0.0, 0.0]
1605382922348945408	[-0.000550268130657352, -0.00045190316033262817, -0.00027332657733514015, 0.8017508865248227, 0.0005009866979756925]	[0.0, 0.0, 0.0, 0.0, 0.0]
30884721	[2.0958754129019446e-05, 2.0958686086227136e-05, 0.00044433155330144834, 0.8050410540385717, 0.0009580132949340275]	[0.0, 0.0, 0.0, 0.0, 0.0]
2800980736	[0.001307440131551696, 0.0013074598030013962, 0.001307440131551696, 0.5421423366529026, 0.008464741620588436]	[0.0, 0.0, 0.0, 0.0, 0.0]
1586346520185544704	[-0.0002968846262204009, -0.0002611110331737731, 0.00010006169596135252, 0.80163034757213, 0.0006780345629869353]	[0.0, 0.0, 0.0, 0.0, 0.0]
166581878	[-3.709681238101927e-195, -3.709681238101927e-195, -3.709681238101927e-195, 0.20588235294117646, 0.4666666666666667]	[0.0, 0.0, 0.0, 0.0, 0.0]
1393029204384665601	[-0.00029590968994303935, -0.00026025352998061295, 9.973297970499516e-05, 0.80188920909382, 0.000675340953740102]	[0.0, 0.0, 0.0, 0.0, 0.0]
1102929069417521153	[1.98975783264003e-05, 1.9897407602575697e-05, 0.0004040870347345091, 0.844630781714904, 0.0010657515387969602]	[0.0, 0.0, 0.0, 0.0, 0.0]
1252733774837755924	[1.6365408691449505e-05, 1.6365355458562324e-05, 0.0003478013218941378, 0.8123665259498386, 0.0007553430232617205]	[0.0, 0.0, 0.0, 0.0, 0.0]
