1520200806682832896	[-0.00991247225087596, -3.667305381422938e-05, -0.004003109272805099, 0.778047387953183, 0.000776704765556086]	[0.0, 0.0, 0.0, 0.0, 0.0]
1463879060933820416	[-0.010018621066993135, -4.4726726748225976e-05, -0.004661238038651089, 0.7731986056567974, 0.0007374767210630977]	[0.0, 0.0, 0.0, 0.0, 0.0]
955069564055941120	[-0.00019148443978823137, -5.310324159245066e-05, 0.0009359065278765357, 0.8177874186550976, 0.006912357902456912]	[0.0, 0.0, 0.0, 0.0, 0.0]
1587961913954156545	[-0.009852764306837476, -3.6865858478312947e-05, -0.0038524161413094225, 0.7774428174944971, 0.0007798063419321458]	[0.0, 0.0, 0.0, 0.0, 0.0]
858012451366985730	[0.0012028808887854798, 0.0012450576461384326, 0.07461580023328501, 0.5959450128679932, 0.003710913070669168]	[0.0, 0.0, 0.0, 0.0, 0.0]
772588501934051328	[0.00351938060766523, 0.0016286168961211459, 0.07399549596479216, 0.6185763681888637, 0.003609395001948016]	[0.0, 0.0, 0.0, 0.0, 0.0]
1593636437378957315	[-0.006604350116371281, 0.0, 0.10900170830574171, 0.8730259001895135, 0.005354078126150139]	[0.0, 0.0, 0.0, 0.0, 0.0]
1501738932400230400	[-0.009962219863662488, -3.8302356281651575e-05, -0.004192180785994972, 0.7789860189238809, 0.0007684506163207989]	[0.0, 0.0, 0.0, 0.0, 0.0]
808783915355951105	[-0.011813150778486796, 0.0007832199140882538, -0.00889613303523378, 0.7819359153645041, 0.000615105043756135]	[0.0, 0.0, 0.0, 0.0, 0.0]
1453068880436400146	[0.046715629758593315, 0.0008902000876257341, 0.024888735830205646, 0.9098700580591651, 0.026636557886557888]	[0.0, 0.0, 0.0, 0.0, 0.0]
1581206457843912704	[-0.001358035147157835, 0.0, 0.0003820953254454743, 0.25, 1.0]	[0.0, 0.0, 0.0, 0.0, 0.0]
1566095531499208704	[-0.009877840930011313, -3.676920339818628e-05, -0.0039231554601530765, 0.7778837897147218, 0.0007785392453297194]	[0.0, 0.0, 0.0, 0.0, 0.0]
303742383	[-0.027193560524022505, 0.0, -0.02122688881460916, 0.9196728187919463, 0.0014845962558380859]	[0.0, 0.0, 0.0, 0.0, 0.0]
45546362	[-0.007254134983389651, 0.0007508543164122007, 0.03547037325217333, 0.7205438066465257, 0.0013290579338303757]	[0.0, 0.0, 0.0, 0.0, 0.0]
1588771753362214912	[-0.006604350116371281, 0.0, 0.10900170830574171, 0.8730259001895135, 0.005354078126150139]	[0.0, 0.0, 0.0, 0.0, 0.0]
1529682349029326848	[-0.009914208094058154, -3.6729079867633916e-05, -0.003987993335762789, 0.7780318186148424, 0.0007781748213042104]	[0.0, 0.0, 0.0, 0.0, 0.0]
1547891496770105344	[-0.009603840164650894, 0.0, -0.0028710041345474478, 0.8888888888888888, 4.0]	[0.0, 0.0, 0.0, 0.0, 0.0]
2281732880	[-0.006158641638039989, -3.395720470918169e-05, 0.22012755011374177, 0.8626492942453855, 0.009116152054433009]	[0.0, 0.0, 0.0, 0.0, 0.0]
1145808668149125120	[0.0021553006451750898, 0.0016184477051206742, 0.07146110714151158, 0.6114518185682191, 0.0034257410248646884]	[0.0, 0.0, 0.0, 0.0, 0.0]
4068912568	[-0.01586121380296908, 0.00024634976116457856, -0.010522951901682991, 0.7972668057388564, 0.0006203143937649907]	[0.0, 0.0, 0.0, 0.0, 0.0]
1514367527438233610	[-0.00992631754643142, -3.846813146573144e-05, -0.004108021843775775, 0.7784825105315473, 0.0007703866500663731]	[0.0, 0.0, 0.0, 0.0, 0.0]
736016838052720640	[0.003627929432429822, 0.0016463877255381775, 0.07489265043201873, 0.6184202646865081, 0.0036524179806340855]	[0.0, 0.0, 0.0, 0.0, 0.0]
20775133	[0.0020698665177273264, 0.0017594268153482352, 0.0766289394781687, 0.6120980290456431, 0.0038228677217311867]	[0.0, 0.0, 0.0, 0.0, 0.0]
823220596687437824	[-0.00586026829210475, 0.0007313269566433049, 0.037238424906658574, 0.7157877709479133, 0.001303108096865841]	[0.0, 0.0, 0.0, 0.0, 0.0]
1229891962414587904	[0.0022245032493143756, 0.0015764486581578783, 0.06683643278990437, 0.6101745045844424, 0.0031329633915581595]	[0.0, 0.0, 0.0, 0.0, 0.0]
816968928077500416	[-0.027398648637939334, 0.0, -0.021688288006056364, 0.9185914034179182, 0.0014673517948215668]	[0.0, 0.0, 0.0, 0.0, 0.0]
825654804	[0.002523135258045671, 0.0011480854135796996, 0.07437362849982608, 0.613625304136253, 0.00368528916441694]	[0.0, 0.0, 0.0, 0.0, 0.0]
1516569565144272902	[0.002781748960214742, 0.0, 0.002507921126361562, 1.0, 0.9666666666666667]	[0.0, 0.0, 0.0, 0.0, 0.0]
1546248279142301698	[-0.004442714120484906, 0.0, -0.011121295746813564, 0.6, 1.5]	[0.0, 0.0, 0.0, 0.0, 0.0]
1586027737273184257	[-0.0098565991104662, -3.7076604527202144e-05, -0.0038409646521076245, 0.7771072796934866, 0.0007808498992440876]	[0.0, 0.0, 0.0, 0.0, 0.0]
1139230884354285568	[0.001964079964164577, 0.0015897123793138354, 0.06955379007221327, 0.6136829415310427, 0.0033415715659534523]	[0.0, 0.0, 0.0, 0.0, 0.0]
1198361171989893120	[-0.002422617848679296, -9.540581768370007e-05, -0.0014318042678462821, 0.8235294117647058, 0.05454545454545454]	[0.0, 0.0, 0.0, 0.0, 0.0]
1586022285345013760	[-0.006609003992050009, 0.0, 0.10878876108444702, 0.8731461028715684, 0.005345000772678102]	[0.0, 0.0, 0.0, 0.0, 0.0]
398054082	[0.0017799013895760825, 0.0, 0.0015910588448404875, 0.16923076923076924, 0.5238095238095238]	[0.0, 0.0, 0.0, 0.0, 0.0]
1536682986371948547	[-0.006544571587608404, 0.0, 0.11005471551969723, 0.8736439055520102, 0.005363264186793598]	[0.0, 0.0, 0.0, 0.0, 0.0]
1604175610036862977	[-0.007906061258436969, 1.1277179889721514e-05, 0.0037283955953332365, 0.807961729027849, 0.0017788025713458189]	[0.0, 0.0, 0.0, 0.0, 0.0]
1595948931149697025	[-0.010791790394869553, 8.216893910070165e-05, -0.005849902836880041, 0.8135303455855416, 0.0013947713868784296]	[0.0, 0.0, 0.0, 0.0, 0.0]
1565991010995474434	[-0.015493649941938935, 0.0, 0.039169082669218536, 0.8840544482255712, 0.0037221173802515933]	[0.0, 0.0, 0.0, 0.0, 0.0]
1512852649598599175	[-0.0065524746447389, 0.0, 0.10908537334769274, 0.873449920508744, 0.005306366867562974]	[0.0, 0.0, 0.0, 0.0, 0.0]
1586149818023518209	[-0.006609003992050009, 0.0, 0.10878876108444702, 0.8731461028715684, 0.005345000772678102]	[0.0, 0.0, 0.0, 0.0, 0.0]
1589248003478528007	[-0.006604350116371281, 0.0, 0.10900170830574171, 0.8730259001895135, 0.005354078126150139]	[0.0, 0.0, 0.0, 0.0, 0.0]
1597567891657875456	[0.02512576192294501, 0.00673016237981785, -0.026084355600708722, 0.1494413407821229, 0.23160173160173161]	[0.0, 0.0, 0.0, 0.0, 0.0]
1353501845981966336	[-0.00682944596088329, -2.1155470254513013e-05, 0.08263523730980553, 0.8152119700748129, 0.004004596281813816]	[0.0, 0.0, 0.0, 0.0, 0.0]
1503212289343868929	[0.0016448495408587977, 0.0, -0.0177766964382071, 0.6, 1.5]	[0.0, 0.0, 0.0, 0.0, 0.0]
122406464	[0.0024778468805291367, 0.001747695745612155, 0.07563701351353681, 0.5985771729044231, 0.003612966052457459]	[0.0, 0.0, 0.0, 0.0, 0.0]
183347440	[0.002215236407479984, 0.0018128315897906514, 0.07903382546456583, 0.6082731451083389, 0.0039548673813091535]	[0.0, 0.0, 0.0, 0.0, 0.0]
1520249272310059015	[-0.006551210891614367, 0.0, 0.10985070675412129, 0.8734459674848581, 0.005352189709731609]	[0.0, 0.0, 0.0, 0.0, 0.0]
997629108111724546	[-0.008497271190936607, 4.340564860879201e-05, -0.0010691129381612218, 0.8161796458903123, 0.0014573003292933301]	[0.0, 0.0, 0.0, 0.0, 0.0]
1518685617001013250	[-0.009931633449501738, -3.8551558339437216e-05, -0.004090247803078205, 0.7782886940033183, 0.0007723678781899927]	[0.0, 0.0, 0.0, 0.0, 0.0]
1511938112712151040	[0.000350405815709253, 0.0, -0.003982719704909615, 0.75, 1.5]	[0.0, 0.0, 0.0, 0.0, 0.0]
1368253253310443527	[-0.011679650564547395, 0.00014802213092736618, 0.00032786840474253277, 0.7585449631172927, 0.0005004260797510245]	[0.0, 0.0, 0.0, 0.0, 0.0]
1546125627081760769	[-0.009889422591197253, -3.755149888566918e-05, -0.003931578913691705, 0.7684775444873364, 0.000778717893748418]	[0.0, 0.0, 0.0, 0.0, 0.0]
20635049	[0.0020698665177273264, 0.0017594268153482352, 0.0766289394781687, 0.6120980290456431, 0.0038228677217311867]	[0.0, 0.0, 0.0, 0.0, 0.0]
1593237575124549634	[0.005181719632705122, 0.0, 0.005995401791643828, 0.0756385068762279, 0.36666666666666664]	[0.0, 0.0, 0.0, 0.0, 0.0]
879523106527653889	[0.0011001649125405384, 0.0011401942191410826, 0.07335528169913755, 0.5973638398408356, 0.003627363184830917]	[0.0, 0.0, 0.0, 0.0, 0.0]
1595898631260844032	[-0.009852271235868118, -3.626679179726622e-05, -0.00383927903887201, 0.7772670688499473, 0.0007808922393722846]	[0.0, 0.0, 0.0, 0.0, 0.0]
365004971	[-0.02722792894628667, 0.0, -0.021294106097822355, 0.9197821761440989, 0.001483133347585463]	[0.0, 0.0, 0.0, 0.0, 0.0]
1596624149786644485	[-0.00626902432926473, 0.0, -0.0035524561392305753, 0.6363636363636364, 0.5]	[0.0, 0.0, 0.0, 0.0, 0.0]
874160094	[-0.027622278835028758, 0.0, -0.022128366828050767, 0.9183234269317483, 0.0014552175908378292]	[0.0, 0.0, 0.0, 0.0, 0.0]
1343869159562686469	[-0.031477190326576976, 0.0, -0.028880041859229127, 0.9129866736347008, 0.0012650616805068744]	[0.0, 0.0, 0.0, 0.0, 0.0]
437210920	[-0.027182490376847005, 0.0, -0.021223128741185728, 0.9186728072011723, 0.0014833390118329116]	[0.0, 0.0, 0.0, 0.0, 0.0]
1562158895224741888	[-0.009301819057661816, -3.8201186619081214e-05, -0.0034994829979012976, 0.782775620609921, 0.0008014439749477064]	[0.0, 0.0, 0.0, 0.0, 0.0]
1596784198181863425	[-0.0065792269500911165, 0.0, 0.10894067075475587, 0.873266078184111, 0.005365700582285052]	[0.0, 0.0, 0.0, 0.0, 0.0]
1583116574948466688	[-0.009875711324005096, -3.682552384102814e-05, -0.0039012779747998935, 0.7777353264243756, 0.000779920623859872]	[0.0, 0.0, 0.0, 0.0, 0.0]
1586067079312166914	[-0.007034600305086484, -0.0015317472045268082, -0.005096088668202511, 0.42105263157894735, 0.4]	[0.0, 0.0, 0.0, 0.0, 0.0]
881134810730827776	[-0.027639129716126393, 0.0, -0.022185057572456132, 0.918346464749821, 0.0014516353905958612]	[0.0, 0.0, 0.0, 0.0, 0.0]
1606396329067945984	[-0.007797553592449648, 1.1367787639144495e-05, 0.004082310395104535, 0.8066850447966919, 0.0017895460240507036]	[0.0, 0.0, 0.0, 0.0, 0.0]
766054909389201408	[0.0037262005818328495, 0.0015901469824379949, 0.06520357373610393, 0.6370552434456929, 0.0030012792518582234]	[0.0, 0.0, 0.0, 0.0, 0.0]
2945495369	[0.006651887467845959, 0.0020809719910475635, 0.0064138548506411505, 0.5532786885245902, 0.08231707317073171]	[0.0, 0.0, 0.0, 0.0, 0.0]
1464263722260910081	[0.04634156431969081, 0.0008952869452693097, 0.02409854675863409, 0.9090403337969402, 0.026753990994678675]	[0.0, 0.0, 0.0, 0.0, 0.0]
143288338	[-0.00938958386509485, -4.741149781845291e-05, -0.008889436444431843, 0.7734546340670945, 0.0007280342501809191]	[0.0, 0.0, 0.0, 0.0, 0.0]
1162845798608117761	[-0.010983800172428669, 0.0007519310551199743, -0.007630429172247093, 0.7724516576668979, 0.0006194230217035125]	[0.0, 0.0, 0.0, 0.0, 0.0]
2953744109	[-0.027179848513571407, 0.0, -0.02119942371856042, 0.9196475401237806, 0.001485310387007473]	[0.0, 0.0, 0.0, 0.0, 0.0]
1585283153475866624	[-0.009882540442995365, -3.682552384102814e-05, -0.003909363555715301, 0.7777724711051677, 0.000779920623859872]	[0.0, 0.0, 0.0, 0.0, 0.0]
1601606563059453952	[-0.012535082579963117, 0.00015651212311340332, -0.001626039069048592, 0.7411195324627888, 0.0004810619495883115]	[0.0, 0.0, 0.0, 0.0, 0.0]
438821961	[0.00411065482950695, 0.0014301698551716134, 0.06784378744017279, 0.6351453269130359, 0.003095908695012838]	[0.0, 0.0, 0.0, 0.0, 0.0]
1598843895579922432	[-0.009916972401783181, -3.6124196285612494e-05, -0.003955310228701681, 0.7777565996378538, 0.000778962718697291]	[0.0, 0.0, 0.0, 0.0, 0.0]
1459336623229919235	[-0.009977867990275523, -3.969587059481157e-05, -0.004548286574641812, 0.7726809829532876, 0.000741426751319579]	[0.0, 0.0, 0.0, 0.0, 0.0]
1593060853854642183	[-0.009852990354403202, -3.625884029720105e-05, -0.003839128431466319, 0.7772936219115112, 0.000780501736692092]	[0.0, 0.0, 0.0, 0.0, 0.0]
2688511189	[0.0022212853438153615, 0.0017330410792999482, 0.07577799847927123, 0.6135586660646326, 0.0037366142629300524]	[0.0, 0.0, 0.0, 0.0, 0.0]
1590583719194234880	[-0.0031916759286293134, -0.0015929727761120364, 0.0017378677431135621, 0.3333333333333333, 1.0]	[0.0, 0.0, 0.0, 0.0, 0.0]
1588704907149860864	[-0.0004407121892816972, -7.339541656106824e-06, 0.0001968776322497611, 0.8687323943661972, 0.0025838754109568382]	[0.0, 0.0, 0.0, 0.0, 0.0]
1472252293282209800	[-0.009966950728626977, -4.3223791337850915e-05, -0.004497860492808452, 0.7721856660145829, 0.0007446384786188689]	[0.0, 0.0, 0.0, 0.0, 0.0]
16453377	[-0.02702414639452124, 0.0, -0.020824723264177347, 0.9191566009747828, 0.0014967074162154403]	[0.0, 0.0, 0.0, 0.0, 0.0]
1586144310042451968	[-0.009850216984078047, -3.6865858478312947e-05, -0.00384508992854197, 0.777363184079602, 0.0007799503327628097]	[0.0, 0.0, 0.0, 0.0, 0.0]
1435705539099611136	[-0.010143672584516455, -4.802877708619243e-05, -0.005206845821618087, 0.7764163429108142, 0.0007090290676185887]	[0.0, 0.0, 0.0, 0.0, 0.0]
821153004992757760	[0.0028344936062645112, 0.0012073043124624914, 0.07975237467013442, 0.6067338810057257, 0.003988084426794168]	[0.0, 0.0, 0.0, 0.0, 0.0]
1225439204	[0.00245747950926486, 0.0017423738949860525, 0.07535974170136597, 0.5988009147660548, 0.003595442902303266]	[0.0, 0.0, 0.0, 0.0, 0.0]
1586944032726474752	[-0.00988208694234374, -3.684164710015294e-05, -0.0039030596184386843, 0.7774642498445645, 0.0007792137074121554]	[0.0, 0.0, 0.0, 0.0, 0.0]
712020000203145220	[0.003568949954213747, 0.0016315895059933383, 0.07412269371892327, 0.6191926430192285, 0.0036069599821895696]	[0.0, 0.0, 0.0, 0.0, 0.0]
1427330037456515080	[0.03974959186674616, 0.000887678274346341, 0.014360388228426533, 0.9019607843137255, 0.024063224311099665]	[0.0, 0.0, 0.0, 0.0, 0.0]
3338767810	[0.0013505807091187998, 0.0, -0.00047981134802511233, 0.2, 0.5]	[0.0, 0.0, 0.0, 0.0, 0.0]
1605382922348945408	[-0.007857582956152982, 1.1325788423728936e-05, 0.003897809365901609, 0.8073095401509952, 0.0017850693084933635]	[0.0, 0.0, 0.0, 0.0, 0.0]
30884721	[-0.027202731257150406, 0.0, -0.02124437860706006, 0.919698081559912, 0.0014838827967697938]	[0.0, 0.0, 0.0, 0.0, 0.0]
2800980736	[0.0017180216997790768, 0.0015843673796239065, 0.06973818222373444, 0.6205237172676707, 0.0033194368758713145]	[0.0, 0.0, 0.0, 0.0, 0.0]
1586346520185544704	[-0.006604350116371281, 0.0, 0.10900170830574171, 0.8730259001895135, 0.005354078126150139]	[0.0, 0.0, 0.0, 0.0, 0.0]
166581878	[-0.0003391727591857878, 0.0, -0.000581396913002359, 0.7333333333333333, 0.36666666666666664]	[0.0, 0.0, 0.0, 0.0, 0.0]
1393029204384665601	[-0.010141271432118416, 0.00015856154056572656, -0.009463077791902223, 0.7810980792112867, 0.0006635219453761103]	[0.0, 0.0, 0.0, 0.0, 0.0]
1102929069417521153	[-0.011934115880214166, 0.0005719555215090639, -0.008713360705894974, 0.7804538988749515, 0.0006332156922919544]	[0.0, 0.0, 0.0, 0.0, 0.0]
1252733774837755924	[-0.001142467925239293, 0.0001535217804300367, -0.000991500575415478, 0.3237822349570201, 0.07243589743589744]	[0.0, 0.0, 0.0, 0.0, 0.0]
