1520200806682832896	[1.4277500313068116e-07, 1.4277728605948624e-07, 0.00016466735095663047, 0.8016621743036837, 0.0006777235736364309]	[0.0, 0.0, 0.0, 0.0, 0.0]
1463879060933820416	[1.4247043729921452e-07, 1.424727160572993e-07, 0.00016434252917792318, 0.801647066363316, 0.0006759712212487286]	[0.0, 0.0, 0.0, 0.0, 0.0]
955069564055941120	[9.455588921306769e-10, 9.28862097237264e-10, 1.1934357179066715e-08, 0.8197847257816504, 0.0007717154374353687]	[0.0, 0.0, 0.0, 0.0, 0.0]
1587961913954156545	[1.4277500738740445e-07, 1.4277729031766878e-07, 0.0001646673509562991, 0.8016878991111254, 0.0006777235736364309]	[0.0, 0.0, 0.0, 0.0, 0.0]
858012451366985730	[9.465169837739697e-10, 9.297833723910177e-10, 1.195966008840608e-08, 0.8195136996864237, 0.0007725968588427447]	[0.0, 0.0, 0.0, 0.0, 0.0]
772588501934051328	[9.466267322247982e-10, 9.298931222472751e-10, 1.195976913665744e-08, 0.819532253919301, 0.0007726937848067195]	[0.0, 0.0, 0.0, 0.0, 0.0]
1593636437378957315	[1.4275149814089463e-07, 1.427537806952866e-07, 0.00016464023629370625, 0.8016812654410114, 0.0006775817366528927]	[0.0, 0.0, 0.0, 0.0, 0.0]
1501738932400230400	[1.4275207767542415e-07, 1.427543609274139e-07, 0.0001646673168637322, 0.8017006257019091, 0.0006777778284155717]	[0.0, 0.0, 0.0, 0.0, 0.0]
808783915355951105	[9.46307091119121e-10, 9.295771623092447e-10, 1.1957025939608418e-08, 0.8195086853736252, 0.000772450574014193]	[0.0, 0.0, 0.0, 0.0, 0.0]
1453068880436400146	[1.4265809693746204e-07, 1.4266037868485446e-07, 0.000164558911784993, 0.8017000801924619, 0.0006771023821715066]	[0.0, 0.0, 0.0, 0.0, 0.0]
1581206457843912704	[-5.442507539963857e-12, -5.442502059334449e-12, -3.741665727741427e-12, 0.25, 1.0]	[0.0, 0.0, 0.0, 0.0, 0.0]
1566095531499208704	[1.4275149146791216e-07, 1.4275377402110894e-07, 0.00016464023629142062, 0.8016555441478439, 0.0006775817366528927]	[0.0, 0.0, 0.0, 0.0, 0.0]
303742383	[1.1353089290668268e-09, 1.1144109811593028e-09, 1.4874993175794327e-08, 0.8053806525472238, 0.0009559895998478027]	[0.0, 0.0, 0.0, 0.0, 0.0]
45546362	[-0.00031985513845371845, -0.00031993973482829824, -0.00031983038722688983, 0.8448376932659193, 0.0005907829356042245]	[0.0, 0.0, 0.0, 0.0, 0.0]
1588771753362214912	[1.4277500738740445e-07, 1.427772903176688e-07, 0.00016466735095629917, 0.8016878991111254, 0.0006777235736364309]	[0.0, 0.0, 0.0, 0.0, 0.0]
1529682349029326848	[1.426809998674489e-07, 1.4268328129619355e-07, 0.00016455894584629647, 0.8016163171060227, 0.0006771836572143792]	[0.0, 0.0, 0.0, 0.0, 0.0]
1547891496770105344	[-2.702183930392608e-10, -2.7021836475224543e-10, -1.5442468504542577e-10, 0.7857142857142857, 1.1]	[0.0, 0.0, 0.0, 0.0, 0.0]
2281732880	[9.46642534986222e-10, 9.299273314027412e-10, 1.1947645351196743e-08, 0.8188766350346243, 0.0007719626866003642]	[0.0, 0.0, 0.0, 0.0, 0.0]
1145808668149125120	[1.121249149430143e-09, 1.100315638987708e-09, 1.4753167448991203e-08, 0.8315823396712858, 0.000977790469400054]	[0.0, 0.0, 0.0, 0.0, 0.0]
4068912568	[9.439136402099703e-10, 9.272205118196819e-10, 1.1930300362344983e-08, 0.8197990361939916, 0.0007712318324528143]	[0.0, 0.0, 0.0, 0.0, 0.0]
1514367527438233610	[1.4279852493103633e-07, 1.4280080823733924e-07, 0.0001646944745522395, 0.8016751708866853, 0.0006778926036410982]	[0.0, 0.0, 0.0, 0.0, 0.0]
736016838052720640	[1.4136067158430352e-09, 1.3962405644001293e-09, 1.1131321467425292e-08, 0.8326772524216021, 0.0008307166596947538]	[0.0, 0.0, 0.0, 0.0, 0.0]
20775133	[-6.312613327227547e-09, -6.355314479894519e-09, 3.962869448503872e-08, 0.7327555074033947, 0.0019072046402066436]	[0.0, 0.0, 0.0, 0.0, 0.0]
823220596687437824	[-0.00032000879162297604, -0.00032009342863636845, -0.00031998402839877166, 0.8447460113698881, 0.0005906583049912063]	[0.0, 0.0, 0.0, 0.0, 0.0]
1229891962414587904	[5.165831469849682e-13, 5.165831469849682e-13, 2.733898517069296e-12, 1.0, 2.0]	[0.0, 0.0, 0.0, 0.0, 0.0]
816968928077500416	[9.463070911191202e-10, 9.295771623092103e-10, 1.1957025939608403e-08, 0.8195086853736252, 0.000772450574014193]	[0.0, 0.0, 0.0, 0.0, 0.0]
825654804	[9.463070911191153e-10, 9.29577162309203e-10, 1.1957025939608401e-08, 0.8195086853736252, 0.000772450574014193]	[0.0, 0.0, 0.0, 0.0, 0.0]
1516569565144272902	[1.4268099986744946e-07, 1.4268328129619423e-07, 0.0001645589458462967, 0.8016163171060227, 0.0006771836572143792]	[0.0, 0.0, 0.0, 0.0, 0.0]
1546248279142301698	[1.4268218187634296e-07, 1.4268446311455898e-07, 0.00016455894766883794, 0.8015259833937102, 0.0006773462073001243]	[0.0, 0.0, 0.0, 0.0, 0.0]
1586027737273184257	[1.426820957101024e-07, 1.4268437711941092e-07, 0.0001645589471467006, 0.8016163171060227, 0.0006771836572143792]	[0.0, 0.0, 0.0, 0.0, 0.0]
1139230884354285568	[1.1224886405826595e-09, 1.1015320507296435e-09, 1.4769433737607421e-08, 0.8314722778028787, 0.0009784283957815017]	[0.0, 0.0, 0.0, 0.0, 0.0]
1198361171989893120	[1.1019621859374141e-09, 1.0813379761269092e-09, 1.454905158773743e-08, 0.832707843012531, 0.0009637846381960861]	[0.0, 0.0, 0.0, 0.0, 0.0]
1586022285345013760	[1.4282205038320147e-07, 1.4282433373134762e-07, 0.00016472160709223978, 0.80163034757213, 0.0006780345629869353]	[0.0, 0.0, 0.0, 0.0, 0.0]
398054082	[2.6755702468660702e-08, 2.675570246692026e-08, 2.675541422698229e-08, 0.09821428571428571, 0.55]	[0.0, 0.0, 0.0, 0.0, 0.0]
1536682986371948547	[1.427750031306812e-07, 1.4277728605948624e-07, 0.00016466735095663044, 0.8016621743036837, 0.0006777235736364309]	[0.0, 0.0, 0.0, 0.0, 0.0]
1604175610036862977	[8.778185175363883e-08, 8.779396030391264e-08, 0.00011767141198307892, 0.8017069385945467, 0.0005010840540962946]	[0.0, 0.0, 0.0, 0.0, 0.0]
1595948931149697025	[8.78606963630652e-08, 8.787281287403088e-08, 0.00011775459720469092, 0.8016233838238229, 0.0005015289654275796]	[0.0, 0.0, 0.0, 0.0, 0.0]
1565991010995474434	[1.1501196608632665e-07, 1.1501385876635763e-07, 0.00013282286206137438, 0.8138734798378494, 0.0005385677095576717]	[0.0, 0.0, 0.0, 0.0, 0.0]
1512852649598599175	[1.4277500313068132e-07, 1.4277728605948637e-07, 0.0001646673509566301, 0.8016621743036837, 0.0006777235736364309]	[0.0, 0.0, 0.0, 0.0, 0.0]
1586149818023518209	[1.4282205038320147e-07, 1.428243337313476e-07, 0.00016472160709223978, 0.80163034757213, 0.0006780345629869353]	[0.0, 0.0, 0.0, 0.0, 0.0]
1589248003478528007	[1.4277500738740447e-07, 1.4277729031766883e-07, 0.0001646673509562991, 0.8016878991111254, 0.0006777235736364309]	[0.0, 0.0, 0.0, 0.0, 0.0]
1597567891657875456	[1.149051845317592e-07, 1.1490707552497068e-07, 0.00013269946997917912, 0.8140005862445706, 0.0005380959116724378]	[0.0, 0.0, 0.0, 0.0, 0.0]
1353501845981966336	[1.4159585345120645e-07, 1.4159930851810917e-07, 0.00016364279643838882, 0.802330779054917, 0.0006732306363474887]	[0.0, 0.0, 0.0, 0.0, 0.0]
1503212289343868929	[1.4275207767542476e-07, 1.427543609274147e-07, 0.0001646673168637323, 0.8017006257019091, 0.0006777778284155717]	[0.0, 0.0, 0.0, 0.0, 0.0]
122406464	[1.05449537683231e-09, 1.0343312617494733e-09, 1.4186815241797986e-08, 0.8332400323443429, 0.0009422741049767632]	[0.0, 0.0, 0.0, 0.0, 0.0]
183347440	[3.3314159609889025e-07, 3.331415960988583e-07, 3.331416580593613e-07, 0.0547945205479452, 2.0]	[0.0, 0.0, 0.0, 0.0, 0.0]
1520249272310059015	[1.4277500313068116e-07, 1.4277728605948624e-07, 0.00016466735095663047, 0.8016621743036837, 0.0006777235736364309]	[0.0, 0.0, 0.0, 0.0, 0.0]
997629108111724546	[9.42120107620671e-10, 9.254768960209752e-10, 1.1896979957308544e-08, 0.8198865668591283, 0.0007694844875936332]	[0.0, 0.0, 0.0, 0.0, 0.0]
1518685617001013250	[1.427750031306813e-07, 1.4277728605948632e-07, 0.00016466735095663044, 0.8016621743036837, 0.0006777235736364309]	[0.0, 0.0, 0.0, 0.0, 0.0]
1511938112712151040	[1.4275149146791163e-07, 1.4275377402110815e-07, 0.00016464023629142043, 0.8016555441478439, 0.0006775817366528927]	[0.0, 0.0, 0.0, 0.0, 0.0]
1368253253310443527	[-3.4067429139649e-13, -3.4067429139649e-13, -2.1071396616741345e-12, 0.5714285714285714, 0.6666666666666666]	[0.0, 0.0, 0.0, 0.0, 0.0]
1546125627081760769	[1.4277500313068116e-07, 1.4277728605948624e-07, 0.00016466735095663047, 0.8016621743036837, 0.0006777235736364309]	[0.0, 0.0, 0.0, 0.0, 0.0]
20635049	[6.955003084238872e-12, 6.955001821535921e-12, 2.8587340665008814e-12, 0.6666666666666666, 2.0]	[0.0, 0.0, 0.0, 0.0, 0.0]
1593237575124549634	[9.360654191849172e-10, 9.360648603947861e-10, 9.286034520825927e-10, 0.09099616858237548, 0.25]	[0.0, 0.0, 0.0, 0.0, 0.0]
879523106527653889	[9.45352679447477e-10, 9.286374826019032e-10, 1.1946299722647909e-08, 0.8195442414288647, 0.000772156112480244]	[0.0, 0.0, 0.0, 0.0, 0.0]
1595898631260844032	[1.4272799265578178e-07, 1.4273027483481386e-07, 0.0001646131305532513, 0.8016809957654305, 0.0006774670658562509]	[0.0, 0.0, 0.0, 0.0, 0.0]
365004971	[7.995085734229709e-10, 7.829213035451171e-10, 1.1717892839225302e-08, 0.8199481206449316, 0.0007680272005782524]	[0.0, 0.0, 0.0, 0.0, 0.0]
1596624149786644485	[-5.17768127128453e-11, -5.176060227325009e-11, 1.2199678875372426e-09, 0.6571428571428571, 0.4107142857142857]	[0.0, 0.0, 0.0, 0.0, 0.0]
874160094	[9.461836097987013e-10, 9.294536988715231e-10, 1.1956841032666351e-08, 0.8196106631054497, 0.0007729834321801378]	[0.0, 0.0, 0.0, 0.0, 0.0]
1343869159562686469	[1.137470916058994e-07, 1.1374992184193943e-07, 0.0001316334681919464, 0.8145355451490859, 0.0005336476944138508]	[0.0, 0.0, 0.0, 0.0, 0.0]
437210920	[9.447465819392277e-10, 9.280387733524964e-10, 1.1940793232257193e-08, 0.8197158537210852, 0.0007721537640201083]	[0.0, 0.0, 0.0, 0.0, 0.0]
1562158895224741888	[1.196969113201815e-07, 1.1969882538138656e-07, 0.00013806407866216475, 0.815415095897196, 0.000565091211514901]	[0.0, 0.0, 0.0, 0.0, 0.0]
1596784198181863425	[1.427045447419568e-07, 1.4270682654530026e-07, 0.0001645860338112467, 0.8017000801924619, 0.0006773253332357711]	[0.0, 0.0, 0.0, 0.0, 0.0]
1583116574948466688	[1.4282205038320147e-07, 1.4282433373134762e-07, 0.00016472160709223978, 0.80163034757213, 0.0006780345629869353]	[0.0, 0.0, 0.0, 0.0, 0.0]
1586067079312166914	[-1.1952665622754855e-10, -1.1952589602893996e-10, -1.1897783865128062e-10, 0.5925925925925926, 0.38095238095238093]	[0.0, 0.0, 0.0, 0.0, 0.0]
881134810730827776	[9.461836097987042e-10, 9.294536988715279e-10, 1.1956841032666358e-08, 0.8196106631054497, 0.0007729834321801378]	[0.0, 0.0, 0.0, 0.0, 0.0]
1606396329067945984	[8.774052995544208e-08, 8.775263282233983e-08, 0.00011761603718368756, 0.8017592838784011, 0.000500889377989106]	[0.0, 0.0, 0.0, 0.0, 0.0]
766054909389201408	[9.466267322247982e-10, 9.298931222472751e-10, 1.195976913665744e-08, 0.819532253919301, 0.0007726937848067195]	[0.0, 0.0, 0.0, 0.0, 0.0]
2945495369	[1.373907079757313e-06, 1.373903398986495e-06, 1.3728346120091477e-06, 0.5336856010568032, 0.008971796580057739]	[0.0, 0.0, 0.0, 0.0, 0.0]
1464263722260910081	[1.4268158400639402e-07, 1.4268386613084126e-07, 0.00016458599967137535, 0.8017130758372899, 0.0006772711320327755]	[0.0, 0.0, 0.0, 0.0, 0.0]
143288338	[1.425407787576508e-07, 1.425430586380827e-07, 0.0001644236059529377, 0.8018012243197333, 0.0006766384078103497]	[0.0, 0.0, 0.0, 0.0, 0.0]
1162845798608117761	[1.0357480091841618e-09, 1.0174881770418197e-09, 1.3105011369920033e-08, 0.8356541172425649, 0.0008408550740180798]	[0.0, 0.0, 0.0, 0.0, 0.0]
2953744109	[1.1156942603915063e-09, 1.095054693377936e-09, 1.4693470160793574e-08, 0.8172385256859125, 0.0009466988909066319]	[0.0, 0.0, 0.0, 0.0, 0.0]
1585283153475866624	[1.4261163506826395e-07, 1.4261391535220042e-07, 0.0001644777368933717, 0.8015516799179276, 0.0006766777735791026]	[0.0, 0.0, 0.0, 0.0, 0.0]
1601606563059453952	[-5.17768127128453e-11, -5.176060227325009e-11, 1.2199678875372426e-09, 0.6571428571428571, 0.4107142857142857]	[0.0, 0.0, 0.0, 0.0, 0.0]
438821961	[1.5649915996689968e-08, 1.5634004365350103e-08, 2.6113810027185983e-08, 0.8157539529502507, 0.0007417065790890114]	[0.0, 0.0, 0.0, 0.0, 0.0]
1598843895579922432	[1.426346682403894e-07, 1.4263694961400077e-07, 0.00016453183287665958, 0.8017382380295693, 0.000677042037759224]	[0.0, 0.0, 0.0, 0.0, 0.0]
1459336623229919235	[1.4268158400639336e-07, 1.426838661308405e-07, 0.00016458599967137514, 0.8017130758372899, 0.0006772711320327755]	[0.0, 0.0, 0.0, 0.0, 0.0]
1593060853854642183	[1.4275149814089463e-07, 1.427537806952866e-07, 0.00016464023629370625, 0.8016812654410114, 0.0006775817366528927]	[0.0, 0.0, 0.0, 0.0, 0.0]
2688511189	[1.1390560295332042e-13, 1.1390560295332042e-13, 1.7240239650750507e-13, 0.4666666666666667, 1.1666666666666667]	[0.0, 0.0, 0.0, 0.0, 0.0]
1590583719194234880	[-9.754282812107049e-12, -9.754282940255422e-12, -3.950920998187003e-12, 0.2, 1.0]	[0.0, 0.0, 0.0, 0.0, 0.0]
1588704907149860864	[1.1969691488919893e-07, 1.1969882895162746e-07, 0.00013806407866188693, 0.8154375343973583, 0.000565091211514901]	[0.0, 0.0, 0.0, 0.0, 0.0]
1472252293282209800	[1.4268157651637098e-07, 1.426838586396838e-07, 0.00016458599966848178, 0.8016937191249118, 0.0006772982326342733]	[0.0, 0.0, 0.0, 0.0, 0.0]
16453377	[1.1452410000452182e-07, 1.1452598743393303e-07, 0.00013229560097616436, 0.8139930380251376, 0.0005363313966014942]	[0.0, 0.0, 0.0, 0.0, 0.0]
1586144310042451968	[1.4279852163318097e-07, 1.4280080493605025e-07, 0.00016469447455401146, 0.80164944483666, 0.0006778926036410982]	[0.0, 0.0, 0.0, 0.0, 0.0]
1435705539099611136	[1.4251733801026828e-07, 1.4251961751438627e-07, 0.00016439657148994166, 0.8017882322779131, 0.0006764699790794244]	[0.0, 0.0, 0.0, 0.0, 0.0]
821153004992757760	[9.463070911191202e-10, 9.295771623092103e-10, 1.1957025939608403e-08, 0.8195086853736252, 0.000772450574014193]	[0.0, 0.0, 0.0, 0.0, 0.0]
1225439204	[9.818360546184053e-10, 9.641733650724143e-10, 1.264690085868379e-08, 0.8367301604931415, 0.0008131700408878757]	[0.0, 0.0, 0.0, 0.0, 0.0]
1586944032726474752	[1.4275149146791216e-07, 1.4275377402110894e-07, 0.00016464023629142062, 0.8016555441478439, 0.0006775817366528927]	[0.0, 0.0, 0.0, 0.0, 0.0]
712020000203145220	[9.466267322247982e-10, 9.298931222472751e-10, 1.195976913665744e-08, 0.819532253919301, 0.0007726937848067195]	[0.0, 0.0, 0.0, 0.0, 0.0]
1427330037456515080	[1.425173388370334e-07, 1.4251961834303852e-07, 0.00016439657148447655, 0.8018009357174902, 0.0006765240555796105]	[0.0, 0.0, 0.0, 0.0, 0.0]
3338767810	[3.842231838485768e-12, 3.842231715271759e-12, -3.6668473604630007e-11, 0.2, 0.5]	[0.0, 0.0, 0.0, 0.0, 0.0]
1605382922348945408	[8.776118529996245e-08, 8.777329101572863e-08, 0.00011764371806524413, 0.8017508865248227, 0.0005009866979756925]	[0.0, 0.0, 0.0, 0.0, 0.0]
30884721	[1.137674608899515e-09, 1.1167420471398345e-09, 1.4900251060160687e-08, 0.8050410540385717, 0.0009580132949340275]	[0.0, 0.0, 0.0, 0.0, 0.0]
2800980736	[7.637368175325405e-08, 7.637343744800368e-08, 7.621621537364868e-08, 0.5421423366529026, 0.008464741620588436]	[0.0, 0.0, 0.0, 0.0, 0.0]
1586346520185544704	[1.4282205038320147e-07, 1.428243337313476e-07, 0.00016472160709223978, 0.80163034757213, 0.0006780345629869353]	[0.0, 0.0, 0.0, 0.0, 0.0]
166581878	[-9.344369614980889e-11, -9.344369741439472e-11, -8.572791815745506e-11, 0.20588235294117646, 0.4666666666666667]	[0.0, 0.0, 0.0, 0.0, 0.0]
1393029204384665601	[1.4233011674991324e-07, 1.4233239326610244e-07, 0.00016418061537807458, 0.80188920909382, 0.000675340953740102]	[0.0, 0.0, 0.0, 0.0, 0.0]
1102929069417521153	[1.6978054145817532e-09, 1.6761980125238826e-09, 1.3650472297161414e-08, 0.844630781714904, 0.0010657515387969602]	[0.0, 0.0, 0.0, 0.0, 0.0]
1252733774837755924	[9.111816580380196e-10, 8.94847358474795e-10, 1.182878407016114e-08, 0.8123665259498386, 0.0007553430232617205]	[0.0, 0.0, 0.0, 0.0, 0.0]
