1520200806682832896	[1.6113988036311271e-06, -2.0981318043580166e-09, 0.0002192758053989325, 0.778047387953183, 0.000776704765556086]	[0.0, 0.0, 0.0, 0.0, 0.0]
1463879060933820416	[1.4853962960759245e-06, -2.013564999540313e-09, 0.00020637530293419245, 0.7731986056567974, 0.0007374767210630977]	[0.0, 0.0, 0.0, 0.0, 0.0]
955069564055941120	[-1.2397547082451664e-09, -4.5833390986673556e-11, 4.7093568634021076e-07, 0.8177874186550976, 0.006912357902456912]	[0.0, 0.0, 0.0, 0.0, 0.0]
1587961913954156545	[1.6206057028544713e-06, -2.1091625082582562e-09, 0.00022042972859419814, 0.7774428174944971, 0.0007798063419321458]	[0.0, 0.0, 0.0, 0.0, 0.0]
858012451366985730	[1.5535956641677322e-06, 2.9355393185194456e-08, 3.645217858541758e-06, 0.5959450128679932, 0.003710913070669168]	[0.0, 0.0, 0.0, 0.0, 0.0]
772588501934051328	[1.5082308725563636e-06, 7.666375315486475e-08, 3.4776473129343464e-06, 0.6185763681888637, 0.003609395001948016]	[0.0, 0.0, 0.0, 0.0, 0.0]
1593636437378957315	[2.2105500654766896e-08, 0.0, 0.001388056553014856, 0.8730259001895135, 0.005354078126150139]	[0.0, 0.0, 0.0, 0.0, 0.0]
1501738932400230400	[1.5928610600449163e-06, -2.0763626732905784e-09, 0.00021681845261352503, 0.7789860189238809, 0.0007684506163207989]	[0.0, 0.0, 0.0, 0.0, 0.0]
808783915355951105	[3.197825423130961e-07, 8.206529354326303e-08, 8.11697232050945e-07, 0.7819359153645041, 0.000615105043756135]	[0.0, 0.0, 0.0, 0.0, 0.0]
1453068880436400146	[6.837327802872701e-07, 2.1758051521965914e-08, 4.4591376638647784e-07, 0.9098700580591651, 0.026636557886557888]	[0.0, 0.0, 0.0, 0.0, 0.0]
1581206457843912704	[-2.887853526900522e-09, 0.0, -1.2807386051169503e-09, 0.25, 1.0]	[0.0, 0.0, 0.0, 0.0, 0.0]
1566095531499208704	[1.6156420620369083e-06, -2.103632696132606e-09, 0.00021985073259566849, 0.7778837897147218, 0.0007785392453297194]	[0.0, 0.0, 0.0, 0.0, 0.0]
303742383	[-3.9141471105371266e-07, 0.0, -3.772268081663394e-07, 0.9196728187919463, 0.0014845962558380859]	[0.0, 0.0, 0.0, 0.0, 0.0]
45546362	[-0.0005531727744368004, 3.6486898058467946e-08, -0.0005520501382074081, 0.7205438066465257, 0.0013290579338303757]	[0.0, 0.0, 0.0, 0.0, 0.0]
1588771753362214912	[2.2105500654766896e-08, 0.0, 0.001388056553014856, 0.8730259001895135, 0.005354078126150139]	[0.0, 0.0, 0.0, 0.0, 0.0]
1529682349029326848	[1.6138598227584207e-06, -2.101337156307058e-09, 0.00021961079586890696, 0.7780318186148424, 0.0007781748213042104]	[0.0, 0.0, 0.0, 0.0, 0.0]
1547891496770105344	[-4.042433512910727e-08, 0.0, 4.962027595131521e-08, 0.8888888888888888, 4.0]	[0.0, 0.0, 0.0, 0.0, 0.0]
2281732880	[-8.599715080580851e-07, -4.5191878112756375e-11, 0.0023860397616161898, 0.8626492942453855, 0.009116152054433009]	[0.0, 0.0, 0.0, 0.0, 0.0]
1145808668149125120	[1.504295909710391e-06, 7.647399682984804e-08, 3.471126246568412e-06, 0.6114518185682191, 0.0034257410248646884]	[0.0, 0.0, 0.0, 0.0, 0.0]
4068912568	[-1.232326749123994e-07, 5.125213001610863e-09, 5.20234959173494e-08, 0.7972668057388564, 0.0006203143937649907]	[0.0, 0.0, 0.0, 0.0, 0.0]
1514367527438233610	[1.6001395826154255e-06, -2.0853493111321303e-09, 0.00021775718831244028, 0.7784825105315473, 0.0007703866500663731]	[0.0, 0.0, 0.0, 0.0, 0.0]
736016838052720640	[1.5213251322106065e-06, 7.730561920230766e-08, 3.519098909795356e-06, 0.6184202646865081, 0.0036524179806340855]	[0.0, 0.0, 0.0, 0.0, 0.0]
20775133	[1.611028106023231e-06, 8.419584776528263e-08, 3.763118288420515e-06, 0.6120980290456431, 0.0038228677217311867]	[0.0, 0.0, 0.0, 0.0, 0.0]
823220596687437824	[-0.0005394333492007492, 3.5147003704577545e-08, -0.0005383182504558427, 0.7157877709479133, 0.001303108096865841]	[0.0, 0.0, 0.0, 0.0, 0.0]
1229891962414587904	[1.4305222044516064e-06, 7.340322109828578e-08, 3.291758603746277e-06, 0.6101745045844424, 0.0031329633915581595]	[0.0, 0.0, 0.0, 0.0, 0.0]
816968928077500416	[-3.8712547057317833e-07, 0.0, -3.73177179530122e-07, 0.9185914034179182, 0.0014673517948215668]	[0.0, 0.0, 0.0, 0.0, 0.0]
825654804	[1.4960103505148057e-06, 2.7115975917215518e-08, 3.464001829265323e-06, 0.613625304136253, 0.00368528916441694]	[0.0, 0.0, 0.0, 0.0, 0.0]
1516569565144272902	[1.7289025145467203e-07, 0.0, 1.7234765136651572e-07, 1.0, 0.9666666666666667]	[0.0, 0.0, 0.0, 0.0, 0.0]
1546248279142301698	[-1.626986738378825e-08, 0.0, -4.0815546934061063e-08, 0.6, 1.5]	[0.0, 0.0, 0.0, 0.0, 0.0]
1586027737273184257	[1.6227461348868992e-06, -2.1111681587966507e-09, 0.00022071983886521476, 0.7771072796934866, 0.0007808498992440876]	[0.0, 0.0, 0.0, 0.0, 0.0]
1139230884354285568	[1.4769115483554853e-06, 7.511621109002827e-08, 3.408802788559541e-06, 0.6136829415310427, 0.0033415715659534523]	[0.0, 0.0, 0.0, 0.0, 0.0]
1198361171989893120	[-4.8348403812085165e-08, -6.808330610906942e-10, -6.878866476043712e-08, 0.8235294117647058, 0.05454545454545454]	[0.0, 0.0, 0.0, 0.0, 0.0]
1586022285345013760	[2.2030462312121256e-08, 0.0, 0.001386128633992058, 0.8731461028715684, 0.005345000772678102]	[0.0, 0.0, 0.0, 0.0, 0.0]
398054082	[4.619515169371613e-07, 0.0, 4.6170286886625026e-07, 0.16923076923076924, 0.5238095238095238]	[0.0, 0.0, 0.0, 0.0, 0.0]
1536682986371948547	[2.224684198947265e-08, 0.0, 0.0013958218736542388, 0.8736439055520102, 0.005363264186793598]	[0.0, 0.0, 0.0, 0.0, 0.0]
1604175610036862977	[1.6350163020806256e-08, -2.0045257576180254e-10, 4.658981137362633e-07, 0.807961729027849, 0.0017788025713458189]	[0.0, 0.0, 0.0, 0.0, 0.0]
1595948931149697025	[-5.353580214910075e-07, 3.929271077941974e-09, -4.874002838960984e-07, 0.8135303455855416, 0.0013947713868784296]	[0.0, 0.0, 0.0, 0.0, 0.0]
1565991010995474434	[-5.323253779979552e-08, 0.0, 4.3575750743676517e-07, 0.8840544482255712, 0.0037221173802515933]	[0.0, 0.0, 0.0, 0.0, 0.0]
1512852649598599175	[2.197231877329377e-08, 0.0, 0.001386128350416673, 0.873449920508744, 0.005306366867562974]	[0.0, 0.0, 0.0, 0.0, 0.0]
1586149818023518209	[2.2030462312121256e-08, 0.0, 0.001386128633992058, 0.8731461028715684, 0.005345000772678102]	[0.0, 0.0, 0.0, 0.0, 0.0]
1589248003478528007	[2.2105500654766896e-08, 0.0, 0.001388056553014856, 0.8730259001895135, 0.005354078126150139]	[0.0, 0.0, 0.0, 0.0, 0.0]
1597567891657875456	[1.2220166918724868e-05, 3.8854855728138257e-07, 1.2134691655566506e-05, 0.1494413407821229, 0.23160173160173161]	[0.0, 0.0, 0.0, 0.0, 0.0]
1353501845981966336	[-6.132445867392607e-07, -4.066642045738196e-11, 0.0011030691420229213, 0.8152119700748129, 0.004004596281813816]	[0.0, 0.0, 0.0, 0.0, 0.0]
1503212289343868929	[7.004713813294005e-08, 0.0, -1.0994781524236485e-05, 0.6, 1.5]	[0.0, 0.0, 0.0, 0.0, 0.0]
122406464	[1.583776169918141e-06, 8.067788793332786e-08, 3.615177762406113e-06, 0.5985771729044231, 0.003612966052457459]	[0.0, 0.0, 0.0, 0.0, 0.0]
183347440	[1.6599506027771728e-06, 8.576243273993455e-08, 3.8724715563925205e-06, 0.6082731451083389, 0.0039548673813091535]	[0.0, 0.0, 0.0, 0.0, 0.0]
1520249272310059015	[2.2201670162254395e-08, 0.0, 0.0013938723817158761, 0.8734459674848581, 0.005352189709731609]	[0.0, 0.0, 0.0, 0.0, 0.0]
997629108111724546	[8.306219514681343e-09, 1.33251392513302e-09, 3.755801469939721e-07, 0.8161796458903123, 0.0014573003292933301]	[0.0, 0.0, 0.0, 0.0, 0.0]
1518685617001013250	[1.6036318989568341e-06, -2.0898718643985196e-09, 0.0002182294762441108, 0.7782886940033183, 0.0007723678781899927]	[0.0, 0.0, 0.0, 0.0, 0.0]
1511938112712151040	[1.7209724104276868e-10, 0.0, -2.6517111305230947e-07, 0.75, 1.5]	[0.0, 0.0, 0.0, 0.0, 0.0]
1368253253310443527	[-0.00022098806864411243, 3.2802011803892077e-09, -0.00022089613511908383, 0.7585449631172927, 0.0005004260797510245]	[0.0, 0.0, 0.0, 0.0, 0.0]
1546125627081760769	[1.6149897810376789e-06, -2.1033778983808415e-09, 0.00021975476323274289, 0.7684775444873364, 0.000778717893748418]	[0.0, 0.0, 0.0, 0.0, 0.0]
20635049	[1.611028106023231e-06, 8.419584776528263e-08, 3.763118288420515e-06, 0.6120980290456431, 0.0038228677217311867]	[0.0, 0.0, 0.0, 0.0, 0.0]
1593237575124549634	[-1.0580359012800897e-07, 0.0, -1.0817186086418945e-07, 0.0756385068762279, 0.36666666666666664]	[0.0, 0.0, 0.0, 0.0, 0.0]
879523106527653889	[1.5300104196350174e-06, 2.8571513695606015e-08, 3.569154260569324e-06, 0.5973638398408356, 0.003627363184830917]	[0.0, 0.0, 0.0, 0.0, 0.0]
1595898631260844032	[1.622592681451348e-06, -2.110038396812937e-09, 0.00022067170923737532, 0.7772670688499473, 0.0007808922393722846]	[0.0, 0.0, 0.0, 0.0, 0.0]
365004971	[-3.908683206169904e-07, 0.0, -3.766660605423335e-07, 0.9197821761440989, 0.001483133347585463]	[0.0, 0.0, 0.0, 0.0, 0.0]
1596624149786644485	[-1.8277228749505066e-08, 0.0, 1.1311921252313804e-07, 0.6363636363636364, 0.5]	[0.0, 0.0, 0.0, 0.0, 0.0]
874160094	[-3.836829759790898e-07, 0.0, -3.6992878550171145e-07, 0.9183234269317483, 0.0014552175908378292]	[0.0, 0.0, 0.0, 0.0, 0.0]
1343869159562686469	[-3.3733644856409293e-07, 0.0, -3.284872116927818e-07, 0.9129866736347008, 0.0012650616805068744]	[0.0, 0.0, 0.0, 0.0, 0.0]
437210920	[-3.9097297630565296e-07, 0.0, -3.767322616134694e-07, 0.9186728072011723, 0.0014833390118329116]	[0.0, 0.0, 0.0, 0.0, 0.0]
1562158895224741888	[1.572072235233394e-06, -2.0431899989404998e-09, 0.00021265766900046407, 0.782775620609921, 0.0008014439749477064]	[0.0, 0.0, 0.0, 0.0, 0.0]
1596784198181863425	[2.217865249630949e-08, 0.0, 0.001388056607475323, 0.873266078184111, 0.005365700582285052]	[0.0, 0.0, 0.0, 0.0, 0.0]
1583116574948466688	[1.6181379527663582e-06, -2.1068548906343405e-09, 0.00022018751629168058, 0.7777353264243756, 0.000779920623859872]	[0.0, 0.0, 0.0, 0.0, 0.0]
1586067079312166914	[-2.4141530318288718e-08, -5.422174280524326e-09, -2.1956469235546696e-08, 0.42105263157894735, 0.4]	[0.0, 0.0, 0.0, 0.0, 0.0]
881134810730827776	[-3.8308463707615805e-07, 0.0, -3.694444238408469e-07, 0.918346464749821, 0.0014516353905958612]	[0.0, 0.0, 0.0, 0.0, 0.0]
1606396329067945984	[1.5950657157504398e-08, -2.0206313415791083e-10, 4.690160223902816e-07, 0.8066850447966919, 0.0017895460240507036]	[0.0, 0.0, 0.0, 0.0, 0.0]
766054909389201408	[1.3363853977081118e-06, 7.02157042953106e-08, 3.153948758394675e-06, 0.6370552434456929, 0.0030012792518582234]	[0.0, 0.0, 0.0, 0.0, 0.0]
2945495369	[2.0168474685110617e-07, 2.198793260336169e-09, 2.0154360250686222e-07, 0.5532786885245902, 0.08231707317073171]	[0.0, 0.0, 0.0, 0.0, 0.0]
1464263722260910081	[6.866630178036308e-07, 2.1882383244948578e-08, 4.469882688862364e-07, 0.9090403337969402, 0.026753990994678675]	[0.0, 0.0, 0.0, 0.0, 0.0]
143288338	[5.18698634469297e-07, -1.9274090412138796e-09, 0.0001953019755454821, 0.7734546340670945, 0.0007280342501809191]	[0.0, 0.0, 0.0, 0.0, 0.0]
1162845798608117761	[3.204375684083765e-07, 8.292192475892428e-08, 8.188900116820956e-07, 0.7724516576668979, 0.0006194230217035125]	[0.0, 0.0, 0.0, 0.0, 0.0]
2953744109	[-3.914402543169705e-07, 0.0, -3.771788274282836e-07, 0.9196475401237806, 0.001485310387007473]	[0.0, 0.0, 0.0, 0.0, 0.0]
1585283153475866624	[1.6181229720466742e-06, -2.1068548906343405e-09, 0.00022018749455993383, 0.7777724711051677, 0.000779920623859872]	[0.0, 0.0, 0.0, 0.0, 0.0]
1601606563059453952	[-0.0002162179652429667, 3.335354792845552e-09, -0.0002161298992945522, 0.7411195324627888, 0.0004810619495883115]	[0.0, 0.0, 0.0, 0.0, 0.0]
438821961	[1.8084936605055366e-06, 6.497894135628739e-08, 3.6086064733155123e-06, 0.6351453269130359, 0.003095908695012838]	[0.0, 0.0, 0.0, 0.0, 0.0]
1598843895579922432	[1.6159032532449074e-06, -2.1017420466288755e-09, 0.00021980102592653565, 0.7777565996378538, 0.000778962718697291]	[0.0, 0.0, 0.0, 0.0, 0.0]
1459336623229919235	[1.4924985259995528e-06, -2.014788242927901e-09, 0.0002073536832364525, 0.7726809829532876, 0.000741426751319579]	[0.0, 0.0, 0.0, 0.0, 0.0]
1593060853854642183	[1.6220287775700413e-06, -2.1095757705474662e-09, 0.00022062304873907105, 0.7772936219115112, 0.000780501736692092]	[0.0, 0.0, 0.0, 0.0, 0.0]
2688511189	[1.5866563386238163e-06, 8.292974495032884e-08, 3.7067790664506773e-06, 0.6135586660646326, 0.0037366142629300524]	[0.0, 0.0, 0.0, 0.0, 0.0]
1590583719194234880	[-6.534433558485973e-09, -4.042267606525687e-09, -9.36167412056672e-10, 0.3333333333333333, 1.0]	[0.0, 0.0, 0.0, 0.0, 0.0]
1588704907149860864	[-3.1298193344074296e-09, -1.717946839494043e-11, 3.1566929603433438e-09, 0.8687323943661972, 0.0025838754109568382]	[0.0, 0.0, 0.0, 0.0, 0.0]
1472252293282209800	[1.5098555128993712e-06, -2.0277247176057965e-09, 0.00020831241217424042, 0.7721856660145829, 0.0007446384786188689]	[0.0, 0.0, 0.0, 0.0, 0.0]
16453377	[-3.9495530340689535e-07, 0.0, -3.8053428777717467e-07, 0.9191566009747828, 0.0014967074162154403]	[0.0, 0.0, 0.0, 0.0, 0.0]
1586144310042451968	[1.6206111268310542e-06, -2.109162508258256e-09, 0.0002204297359789741, 0.777363184079602, 0.0007799503327628097]	[0.0, 0.0, 0.0, 0.0, 0.0]
1435705539099611136	[5.11533186190612e-07, -1.945615899839211e-09, 0.00019725699739266608, 0.7764163429108142, 0.0007090290676185887]	[0.0, 0.0, 0.0, 0.0, 0.0]
821153004992757760	[1.5885512130210283e-06, 2.86773009651682e-08, 3.6718041767073454e-06, 0.6067338810057257, 0.003988084426794168]	[0.0, 0.0, 0.0, 0.0, 0.0]
1225439204	[1.5789337109993963e-06, 8.043221835984025e-08, 3.60414238950512e-06, 0.5988009147660548, 0.003595442902303266]	[0.0, 0.0, 0.0, 0.0, 0.0]
1586944032726474752	[1.6188374905201762e-06, -2.107777331479627e-09, 0.0002202839082127497, 0.7774642498445645, 0.0007792137074121554]	[0.0, 0.0, 0.0, 0.0, 0.0]
712020000203145220	[1.5086928844502006e-06, 7.66666448770166e-08, 3.49019510565514e-06, 0.6191926430192285, 0.0036069599821895696]	[0.0, 0.0, 0.0, 0.0, 0.0]
1427330037456515080	[6.465440731924925e-07, 2.1696413982243633e-08, 3.846087414299329e-07, 0.9019607843137255, 0.024063224311099665]	[0.0, 0.0, 0.0, 0.0, 0.0]
3338767810	[1.0758680922672726e-09, 0.0, -1.254699431123071e-08, 0.2, 0.5]	[0.0, 0.0, 0.0, 0.0, 0.0]
1605382922348945408	[1.572528539411145e-08, -2.0131659548491376e-10, 4.670310888921554e-07, 0.8073095401509952, 0.0017850693084933635]	[0.0, 0.0, 0.0, 0.0, 0.0]
30884721	[-3.912551232079057e-07, 0.0, -3.770737292186546e-07, 0.919698081559912, 0.0014838827967697938]	[0.0, 0.0, 0.0, 0.0, 0.0]
2800980736	[1.4741778855289604e-06, 7.575453202650623e-08, 3.416496410922538e-06, 0.6205237172676707, 0.0033194368758713145]	[0.0, 0.0, 0.0, 0.0, 0.0]
1586346520185544704	[2.2105500654766896e-08, 0.0, 0.001388056553014856, 0.8730259001895135, 0.005354078126150139]	[0.0, 0.0, 0.0, 0.0, 0.0]
166581878	[-1.484743558222145e-10, 0.0, -6.871157874587701e-10, 0.7333333333333333, 0.36666666666666664]	[0.0, 0.0, 0.0, 0.0, 0.0]
1393029204384665601	[-0.0003397269684325252, -1.4811655772268908e-09, -0.0003403969651436886, 0.7810980792112867, 0.0006635219453761103]	[0.0, 0.0, 0.0, 0.0, 0.0]
1102929069417521153	[3.3274485143131174e-07, 8.410453211621043e-08, 8.300496770007012e-07, 0.7804538988749515, 0.0006332156922919544]	[0.0, 0.0, 0.0, 0.0, 0.0]
1252733774837755924	[-1.6973394101318523e-08, 1.982561647860275e-09, -4.584042438873376e-08, 0.3237822349570201, 0.07243589743589744]	[0.0, 0.0, 0.0, 0.0, 0.0]
