1520200806682832896	[-8.812705454419153e-06, -8.532786539049873e-06, 0.00015765080777313195, 0.8016621743036837, 0.0006777235736364309]	[0.0, 0.0, 0.0, 0.0, 0.0]
1463879060933820416	[-8.877029970929579e-06, -8.595395196018486e-06, 0.0001572268909492925, 0.801647066363316, 0.0006759712212487286]	[0.0, 0.0, 0.0, 0.0, 0.0]
955069564055941120	[-9.91573090366664e-06, -9.763401154143789e-06, -7.229683136561716e-07, 0.8197847257816504, 0.0007717154374353687]	[0.0, 0.0, 0.0, 0.0, 0.0]
1587961913954156545	[-8.811897177106947e-06, -8.531948723305266e-06, 0.000157650716633166, 0.8016878991111254, 0.0006777235736364309]	[0.0, 0.0, 0.0, 0.0, 0.0]
858012451366985730	[-9.922540949566431e-06, -9.771832630116942e-06, -6.87407128146828e-07, 0.8195136996864237, 0.0007725968588427447]	[0.0, 0.0, 0.0, 0.0, 0.0]
772588501934051328	[-9.908913817395747e-06, -9.758222815333677e-06, -6.745313044879744e-07, 0.819532253919301, 0.0007726937848067195]	[0.0, 0.0, 0.0, 0.0, 0.0]
1593636437378957315	[-8.810261179285561e-06, -8.530356612943436e-06, 0.00015762503374987916, 0.8016812654410114, 0.0006775817366528927]	[0.0, 0.0, 0.0, 0.0, 0.0]
1501738932400230400	[-8.881933570013127e-06, -8.599984273609237e-06, 0.00015755135485059972, 0.8017006257019091, 0.0006777778284155717]	[0.0, 0.0, 0.0, 0.0, 0.0]
808783915355951105	[-9.922319831988536e-06, -9.771644047163396e-06, -6.899382616255194e-07, 0.8195086853736252, 0.000772450574014193]	[0.0, 0.0, 0.0, 0.0, 0.0]
1453068880436400146	[-8.87617262945208e-06, -8.594431206762348e-06, 0.0001574484127530585, 0.8017000801924619, 0.0006771023821715066]	[0.0, 0.0, 0.0, 0.0, 0.0]
1581206457843912704	[-2.332664386334277e-06, -2.3305525461830817e-06, -7.181515002428075e-07, 0.25, 1.0]	[0.0, 0.0, 0.0, 0.0, 0.0]
1566095531499208704	[-8.812029203159715e-06, -8.53215465056012e-06, 0.00015762418446291744, 0.8016555441478439, 0.0006775817366528927]	[0.0, 0.0, 0.0, 0.0, 0.0]
303742383	[-9.78882809705496e-06, -9.676014853950533e-06, 2.230447405638292e-06, 0.8053806525472238, 0.0009559895998478027]	[0.0, 0.0, 0.0, 0.0, 0.0]
45546362	[-0.0003240988910574474, -0.0003257659235565112, -0.000308016059148242, 0.8448376932659193, 0.0005907829356042245]	[0.0, 0.0, 0.0, 0.0, 0.0]
1588771753362214912	[-8.811897177106949e-06, -8.531948723305268e-06, 0.000157650716633166, 0.8016878991111254, 0.0006777235736364309]	[0.0, 0.0, 0.0, 0.0, 0.0]
1529682349029326848	[-8.81010211273353e-06, -8.530331456993787e-06, 0.0001575438994879857, 0.8016163171060227, 0.0006771836572143792]	[0.0, 0.0, 0.0, 0.0, 0.0]
1547891496770105344	[-4.7086672235680115e-05, -4.7079632539209055e-05, -3.902764889851168e-05, 0.7857142857142857, 1.1]	[0.0, 0.0, 0.0, 0.0, 0.0]
2281732880	[-9.91864151083124e-06, -9.767827081113298e-06, -6.935652544415298e-07, 0.8188766350346243, 0.0007719626866003642]	[0.0, 0.0, 0.0, 0.0, 0.0]
1145808668149125120	[-1.0891340946157049e-05, -1.0741296372308601e-05, 7.19164562288498e-07, 0.8315823396712858, 0.000977790469400054]	[0.0, 0.0, 0.0, 0.0, 0.0]
4068912568	[-9.943709056758176e-06, -9.791390855243477e-06, -7.527740610800782e-07, 0.8197990361939916, 0.0007712318324528143]	[0.0, 0.0, 0.0, 0.0, 0.0]
1514367527438233610	[-8.81334865086367e-06, -8.533354084649906e-06, 0.00015767668446657615, 0.8016751708866853, 0.0006778926036410982]	[0.0, 0.0, 0.0, 0.0, 0.0]
736016838052720640	[-5.276958153913869e-06, -5.3166156537145985e-06, 1.1589653329329175e-06, 0.8326772524216021, 0.0008307166596947538]	[0.0, 0.0, 0.0, 0.0, 0.0]
20775133	[-1.3652900230232569e-05, -1.3708277438053659e-05, 1.648189172141817e-05, 0.7327555074033947, 0.0019072046402066436]	[0.0, 0.0, 0.0, 0.0, 0.0]
823220596687437824	[-0.00032422851354438207, -0.00032589745967205055, -0.00030812527733771906, 0.8447460113698881, 0.0005906583049912063]	[0.0, 0.0, 0.0, 0.0, 0.0]
1229891962414587904	[7.20143488042782e-07, 7.20143488042782e-07, 3.9015100900611e-06, 1.0, 2.0]	[0.0, 0.0, 0.0, 0.0, 0.0]
816968928077500416	[-9.922319831988561e-06, -9.771644047163435e-06, -6.899382616255028e-07, 0.8195086853736252, 0.000772450574014193]	[0.0, 0.0, 0.0, 0.0, 0.0]
825654804	[-9.922319831988558e-06, -9.771644047163418e-06, -6.899382616255024e-07, 0.8195086853736252, 0.000772450574014193]	[0.0, 0.0, 0.0, 0.0, 0.0]
1516569565144272902	[-8.810102112733512e-06, -8.530331456993774e-06, 0.00015754389948798486, 0.8016163171060227, 0.0006771836572143792]	[0.0, 0.0, 0.0, 0.0, 0.0]
1546248279142301698	[-8.77486099514412e-06, -8.49545260424343e-06, 0.00015758943194349128, 0.8015259833937102, 0.0006773462073001243]	[0.0, 0.0, 0.0, 0.0, 0.0]
1586027737273184257	[-8.790935180729733e-06, -8.511193876670527e-06, 0.0001575654692005356, 0.8016163171060227, 0.0006771836572143792]	[0.0, 0.0, 0.0, 0.0, 0.0]
1139230884354285568	[-1.0899516163458558e-05, -1.0749499835341746e-05, 7.249229845138341e-07, 0.8314722778028787, 0.0009784283957815017]	[0.0, 0.0, 0.0, 0.0, 0.0]
1198361171989893120	[-1.0869320963653674e-05, -1.0714163905542585e-05, 5.661845929080834e-07, 0.832707843012531, 0.0009637846381960861]	[0.0, 0.0, 0.0, 0.0, 0.0]
1586022285345013760	[-8.812975216288672e-06, -8.533347882087501e-06, 0.00015770689482714318, 0.80163034757213, 0.0006780345629869353]	[0.0, 0.0, 0.0, 0.0, 0.0]
398054082	[0.0001488815762306334, 0.00014888042689558005, 0.00014879734071024844, 0.09821428571428571, 0.55]	[0.0, 0.0, 0.0, 0.0, 0.0]
1536682986371948547	[-8.812705454419153e-06, -8.532786539049878e-06, 0.00015765080777313195, 0.8016621743036837, 0.0006777235736364309]	[0.0, 0.0, 0.0, 0.0, 0.0]
1604175610036862977	[-1.233949752799475e-05, -1.1953450637706827e-05, 0.00010664851068963878, 0.8017069385945467, 0.0005010840540962946]	[0.0, 0.0, 0.0, 0.0, 0.0]
1595948931149697025	[-1.2291642746718496e-05, -1.1907308026423263e-05, 0.00010681029656677204, 0.8016233838238229, 0.0005015289654275796]	[0.0, 0.0, 0.0, 0.0, 0.0]
1565991010995474434	[-1.0488950453720112e-05, -1.0215580062538614e-05, 0.00012652141800361733, 0.8138734798378494, 0.0005385677095576717]	[0.0, 0.0, 0.0, 0.0, 0.0]
1512852649598599175	[-8.812705454419156e-06, -8.532786539049885e-06, 0.00015765080777313195, 0.8016621743036837, 0.0006777235736364309]	[0.0, 0.0, 0.0, 0.0, 0.0]
1586149818023518209	[-8.812975216288672e-06, -8.533347882087508e-06, 0.00015770689482714318, 0.80163034757213, 0.0006780345629869353]	[0.0, 0.0, 0.0, 0.0, 0.0]
1589248003478528007	[-8.811897177106952e-06, -8.531948723305268e-06, 0.000157650716633166, 0.8016878991111254, 0.0006777235736364309]	[0.0, 0.0, 0.0, 0.0, 0.0]
1597567891657875456	[-1.0475996349293597e-05, -1.0202532035611025e-05, 0.00012640771268840762, 0.8140005862445706, 0.0005380959116724378]	[0.0, 0.0, 0.0, 0.0, 0.0]
1353501845981966336	[-9.16906057191816e-06, -8.864196955043515e-06, 0.00015605541618849135, 0.802330779054917, 0.0006732306363474887]	[0.0, 0.0, 0.0, 0.0, 0.0]
1503212289343868929	[-8.881933570013108e-06, -8.599984273609247e-06, 0.00015755135485059986, 0.8017006257019091, 0.0006777778284155717]	[0.0, 0.0, 0.0, 0.0, 0.0]
122406464	[-1.1008065023079566e-05, -1.0846756656168454e-05, 2.620254496297684e-08, 0.8332400323443429, 0.0009422741049767632]	[0.0, 0.0, 0.0, 0.0, 0.0]
183347440	[0.001025087437449948, 0.0010250871799382393, 0.001025132130190049, 0.0547945205479452, 2.0]	[0.0, 0.0, 0.0, 0.0, 0.0]
1520249272310059015	[-8.812705454419153e-06, -8.532786539049873e-06, 0.00015765080777313195, 0.8016621743036837, 0.0006777235736364309]	[0.0, 0.0, 0.0, 0.0, 0.0]
997629108111724546	[-9.93966782369991e-06, -9.784543215433953e-06, -7.98221490828971e-07, 0.8198865668591283, 0.0007694844875936332]	[0.0, 0.0, 0.0, 0.0, 0.0]
1518685617001013250	[-8.812705454419147e-06, -8.53278653904987e-06, 0.00015765080777313195, 0.8016621743036837, 0.0006777235736364309]	[0.0, 0.0, 0.0, 0.0, 0.0]
1511938112712151040	[-8.81202920315972e-06, -8.53215465056011e-06, 0.00015762418446291736, 0.8016555441478439, 0.0006775817366528927]	[0.0, 0.0, 0.0, 0.0, 0.0]
1368253253310443527	[-5.405726091206494e-07, -5.405726091206494e-07, -2.044859629299742e-06, 0.5714285714285714, 0.6666666666666666]	[0.0, 0.0, 0.0, 0.0, 0.0]
1546125627081760769	[-8.812705454419156e-06, -8.532786539049874e-06, 0.00015765080777313195, 0.8016621743036837, 0.0006777235736364309]	[0.0, 0.0, 0.0, 0.0, 0.0]
20635049	[6.952021578289925e-06, 6.949764682773057e-06, 2.585010441457578e-06, 0.6666666666666666, 2.0]	[0.0, 0.0, 0.0, 0.0, 0.0]
1593237575124549634	[3.427163164232263e-05, 3.4270528372417666e-05, 3.406270350493172e-05, 0.09099616858237548, 0.25]	[0.0, 0.0, 0.0, 0.0, 0.0]
879523106527653889	[-9.93005943025698e-06, -9.778771992300969e-06, -7.175268769404706e-07, 0.8195442414288647, 0.000772156112480244]	[0.0, 0.0, 0.0, 0.0, 0.0]
1595898631260844032	[-8.810330898483626e-06, -8.53045547834717e-06, 0.00015759679419235695, 0.8016809957654305, 0.0006774670658562509]	[0.0, 0.0, 0.0, 0.0, 0.0]
365004971	[-1.0293630153469635e-05, -1.0135076143392146e-05, -1.221513521355686e-06, 0.8199481206449316, 0.0007680272005782524]	[0.0, 0.0, 0.0, 0.0, 0.0]
1596624149786644485	[-1.6931624599737143e-05, -1.6868252801173463e-05, -5.982173900083724e-06, 0.6571428571428571, 0.4107142857142857]	[0.0, 0.0, 0.0, 0.0, 0.0]
874160094	[-9.9399257878817e-06, -9.788504206336097e-06, -7.166652447909788e-07, 0.8196106631054497, 0.0007729834321801378]	[0.0, 0.0, 0.0, 0.0, 0.0]
1343869159562686469	[-1.0779746720345423e-05, -1.048529917469407e-05, 0.00012481264188744405, 0.8145355451490859, 0.0005336476944138508]	[0.0, 0.0, 0.0, 0.0, 0.0]
437210920	[-9.949594008254078e-06, -9.797397551643464e-06, -7.490228588390933e-07, 0.8197158537210852, 0.0007721537640201083]	[0.0, 0.0, 0.0, 0.0, 0.0]
1562158895224741888	[-7.843732112591819e-06, -7.607976736921541e-06, 0.00013172807587465547, 0.815415095897196, 0.000565091211514901]	[0.0, 0.0, 0.0, 0.0, 0.0]
1596784198181863425	[-8.803316834866047e-06, -8.523498577074336e-06, 0.00015757920358447022, 0.8017000801924619, 0.0006773253332357711]	[0.0, 0.0, 0.0, 0.0, 0.0]
1583116574948466688	[-8.812975216288672e-06, -8.533347882087501e-06, 0.00015770689482714318, 0.80163034757213, 0.0006780345629869353]	[0.0, 0.0, 0.0, 0.0, 0.0]
1586067079312166914	[-1.7639593014859808e-05, -1.7612858695165646e-05, -1.6744284469186553e-05, 0.5925925925925926, 0.38095238095238093]	[0.0, 0.0, 0.0, 0.0, 0.0]
881134810730827776	[-9.939925787881702e-06, -9.788504206336091e-06, -7.166652447909767e-07, 0.8196106631054497, 0.0007729834321801378]	[0.0, 0.0, 0.0, 0.0, 0.0]
1606396329067945984	[-1.2338091498271392e-05, -1.1951940329100478e-05, 0.00010659245385855204, 0.8017592838784011, 0.000500889377989106]	[0.0, 0.0, 0.0, 0.0, 0.0]
766054909389201408	[-9.908913817395747e-06, -9.758222815333677e-06, -6.745313044879744e-07, 0.819532253919301, 0.0007726937848067195]	[0.0, 0.0, 0.0, 0.0, 0.0]
2945495369	[0.0001927088363614316, 0.0001917667618373763, 0.0001846215849154381, 0.5336856010568032, 0.008971796580057739]	[0.0, 0.0, 0.0, 0.0, 0.0]
1464263722260910081	[-8.876825849664383e-06, -8.595008525940208e-06, 0.00015747423909229813, 0.8017130758372899, 0.0006772711320327755]	[0.0, 0.0, 0.0, 0.0, 0.0]
143288338	[-8.876350916499736e-06, -8.594561257671474e-06, 0.00015730777269411792, 0.8018012243197333, 0.0006766384078103497]	[0.0, 0.0, 0.0, 0.0, 0.0]
1162845798608117761	[-9.613319123049825e-06, -9.480230016528139e-06, 8.960595761999617e-07, 0.8356541172425649, 0.0008408550740180798]	[0.0, 0.0, 0.0, 0.0, 0.0]
2953744109	[-9.891006007330615e-06, -9.768573551706412e-06, 1.8938167649616388e-06, 0.8172385256859125, 0.0009466988909066319]	[0.0, 0.0, 0.0, 0.0, 0.0]
1585283153475866624	[-8.792084487765547e-06, -8.512346244145789e-06, 0.00015748122432811203, 0.8015516799179276, 0.0006766777735791026]	[0.0, 0.0, 0.0, 0.0, 0.0]
1601606563059453952	[-1.6931624599737143e-05, -1.6868252801173463e-05, -5.982173900083724e-06, 0.6571428571428571, 0.4107142857142857]	[0.0, 0.0, 0.0, 0.0, 0.0]
438821961	[-7.413891027877225e-06, -7.271804088186697e-06, 1.2758810308655713e-06, 0.8157539529502507, 0.0007417065790890114]	[0.0, 0.0, 0.0, 0.0, 0.0]
1598843895579922432	[-8.870671209859742e-06, -8.588927993881181e-06, 0.0001574276444787191, 0.8017382380295693, 0.000677042037759224]	[0.0, 0.0, 0.0, 0.0, 0.0]
1459336623229919235	[-8.876825849664424e-06, -8.595008525940231e-06, 0.00015747423909229891, 0.8017130758372899, 0.0006772711320327755]	[0.0, 0.0, 0.0, 0.0, 0.0]
1593060853854642183	[-8.810261179285561e-06, -8.530356612943436e-06, 0.00015762503374987916, 0.8016812654410114, 0.0006775817366528927]	[0.0, 0.0, 0.0, 0.0, 0.0]
2688511189	[2.755668133784381e-07, 2.755668133784381e-07, 4.152010424316728e-07, 0.4666666666666667, 1.1666666666666667]	[0.0, 0.0, 0.0, 0.0, 0.0]
1590583719194234880	[-4.19261538685991e-06, -4.193037827017858e-06, 7.886089689648466e-07, 0.2, 1.0]	[0.0, 0.0, 0.0, 0.0, 0.0]
1588704907149860864	[-7.843054418606754e-06, -7.6072742766617685e-06, 0.00013172799945904194, 0.8154375343973583, 0.000565091211514901]	[0.0, 0.0, 0.0, 0.0, 0.0]
1472252293282209800	[-8.87949201210888e-06, -8.597694163524706e-06, 0.00015747242809942743, 0.8016937191249118, 0.0006772982326342733]	[0.0, 0.0, 0.0, 0.0, 0.0]
16453377	[-1.0614028671373244e-05, -1.033589989280593e-05, 0.00012577857422861762, 0.8139930380251376, 0.0005363313966014942]	[0.0, 0.0, 0.0, 0.0, 0.0]
1586144310042451968	[-8.813313717361798e-06, -8.533420654460473e-06, 0.0001576780766174891, 0.80164944483666, 0.0006778926036410982]	[0.0, 0.0, 0.0, 0.0, 0.0]
1435705539099611136	[-8.875698418788983e-06, -8.5939845815688e-06, 0.00015728199920335485, 0.8017882322779131, 0.0006764699790794244]	[0.0, 0.0, 0.0, 0.0, 0.0]
821153004992757760	[-9.922319831988558e-06, -9.771644047163418e-06, -6.899382616255024e-07, 0.8195086853736252, 0.000772450574014193]	[0.0, 0.0, 0.0, 0.0, 0.0]
1225439204	[-9.720742990416479e-06, -9.578325075278533e-06, 2.642850895855664e-07, 0.8367301604931415, 0.0008131700408878757]	[0.0, 0.0, 0.0, 0.0, 0.0]
1586944032726474752	[-8.812029203159715e-06, -8.53215465056012e-06, 0.00015762418446291744, 0.8016555441478439, 0.0006775817366528927]	[0.0, 0.0, 0.0, 0.0, 0.0]
712020000203145220	[-9.908913817395747e-06, -9.758222815333677e-06, -6.745313044879744e-07, 0.819532253919301, 0.0007726937848067195]	[0.0, 0.0, 0.0, 0.0, 0.0]
1427330037456515080	[-8.876409679470599e-06, -8.594649436529949e-06, 0.0001572796224417718, 0.8018009357174902, 0.0006765240555796105]	[0.0, 0.0, 0.0, 0.0, 0.0]
3338767810	[4.801888799297406e-06, 4.801392384129385e-06, 8.856131428729785e-08, 0.2, 0.5]	[0.0, 0.0, 0.0, 0.0, 0.0]
1605382922348945408	[-1.2338202443655946e-05, -1.195204757351096e-05, 0.00010662089808347267, 0.8017508865248227, 0.0005009866979756925]	[0.0, 0.0, 0.0, 0.0, 0.0]
30884721	[-9.790172054738938e-06, -9.677633736149308e-06, 2.2532374336633467e-06, 0.8050410540385717, 0.0009580132949340275]	[0.0, 0.0, 0.0, 0.0, 0.0]
2800980736	[3.9531799863607495e-05, 3.934344344010379e-05, 3.6289456598024375e-05, 0.5421423366529026, 0.008464741620588436]	[0.0, 0.0, 0.0, 0.0, 0.0]
1586346520185544704	[-8.812975216288672e-06, -8.533347882087508e-06, 0.00015770689482714318, 0.80163034757213, 0.0006780345629869353]	[0.0, 0.0, 0.0, 0.0, 0.0]
166581878	[-1.1409013341707158e-05, -1.1410037358279157e-05, -1.101024319669025e-05, 0.20588235294117646, 0.4666666666666667]	[0.0, 0.0, 0.0, 0.0, 0.0]
1393029204384665601	[-8.865341927697455e-06, -8.583856358304209e-06, 0.00015707005436333633, 0.80188920909382, 0.000675340953740102]	[0.0, 0.0, 0.0, 0.0, 0.0]
1102929069417521153	[-5.093044493110701e-06, -5.180914899297048e-06, 2.9550483980052034e-06, 0.844630781714904, 0.0010657515387969602]	[0.0, 0.0, 0.0, 0.0, 0.0]
1252733774837755924	[-9.894752109609154e-06, -9.741329922248164e-06, -7.852785899721618e-07, 0.8123665259498386, 0.0007553430232617205]	[0.0, 0.0, 0.0, 0.0, 0.0]
