1520200806682832896	[-0.00859165861641176, -0.003905971751302019, -0.0014303360305002227, 0.8016621743036837, 0.0006777235736364309]	[0.0, 0.0, 0.0, 0.0, 0.0]
1463879060933820416	[-0.008691634956914752, -0.003906982079497042, -0.0016570024730634034, 0.801647066363316, 0.0006759712212487286]	[0.0, 0.0, 0.0, 0.0, 0.0]
955069564055941120	[3.987876371826432e-05, -5.2482067899005656e-05, 0.0004907089893974982, 0.8197847257816504, 0.0007717154374353687]	[0.0, 0.0, 0.0, 0.0, 0.0]
1587961913954156545	[-0.00859165861641176, -0.0039059717513020196, -0.0014303360305002227, 0.8016878991111254, 0.0006777235736364309]	[0.0, 0.0, 0.0, 0.0, 0.0]
858012451366985730	[3.996654405861566e-05, -5.259759117216364e-05, 0.0004917891321100247, 0.8195136996864237, 0.0007725968588427447]	[0.0, 0.0, 0.0, 0.0, 0.0]
772588501934051328	[3.996654405861561e-05, -5.259759117216365e-05, 0.0004917891321100249, 0.819532253919301, 0.0007726937848067195]	[0.0, 0.0, 0.0, 0.0, 0.0]
1593636437378957315	[-0.008590243885864022, -0.0039053285812458197, -0.0014301005067013613, 0.8016812654410114, 0.0006775817366528927]	[0.0, 0.0, 0.0, 0.0, 0.0]
1501738932400230400	[-0.008708812101098383, -0.003914703387954544, -0.0016602771815081945, 0.8017006257019091, 0.0006777778284155717]	[0.0, 0.0, 0.0, 0.0, 0.0]
808783915355951105	[3.9957748604377385e-05, -5.258601599805003e-05, 0.0004916809038679231, 0.8195086853736252, 0.000772450574014193]	[0.0, 0.0, 0.0, 0.0, 0.0]
1453068880436400146	[-0.008703078847575608, -0.0039121262297004585, -0.0016591841748054242, 0.8017000801924619, 0.0006771023821715066]	[0.0, 0.0, 0.0, 0.0, 0.0]
1581206457843912704	[-1.9040710748141745e-206, -1.9040710748141745e-206, -1.9040710748141745e-206, 0.25, 1.0]	[0.0, 0.0, 0.0, 0.0, 0.0]
1566095531499208704	[-0.008590243885864018, -0.003905328581245819, -0.0014301005067013615, 0.8016555441478439, 0.0006775817366528927]	[0.0, 0.0, 0.0, 0.0, 0.0]
303742383	[-6.483364395846364e-05, -0.00015221449477884852, 0.00046994779468818626, 0.8053806525472238, 0.0009559895998478027]	[0.0, 0.0, 0.0, 0.0, 0.0]
45546362	[-0.001746137709912894, -0.0008688227366373056, 0.008494922222905543, 0.8448376932659193, 0.0005907829356042245]	[0.0, 0.0, 0.0, 0.0, 0.0]
1588771753362214912	[-0.00859165861641176, -0.0039059717513020196, -0.0014303360305002227, 0.8016878991111254, 0.0006777235736364309]	[0.0, 0.0, 0.0, 0.0, 0.0]
1529682349029326848	[-0.008586002488290351, -0.003903400341327496, -0.0014293944004603954, 0.8016163171060227, 0.0006771836572143792]	[0.0, 0.0, 0.0, 0.0, 0.0]
1547891496770105344	[-5.019305653267345e-51, -4.5009942979753656e-51, 9.707017139769561e-21, 0.7857142857142857, 1.1]	[0.0, 0.0, 0.0, 0.0, 0.0]
2281732880	[3.992260580678483e-05, -5.253976586283493e-05, 0.0004912484671782782, 0.8188766350346243, 0.0007719626866003642]	[0.0, 0.0, 0.0, 0.0, 0.0]
1145808668149125120	[6.595113657950752e-06, -0.00010922375079681122, 0.0005168101534313077, 0.8315823396712858, 0.000977790469400054]	[0.0, 0.0, 0.0, 0.0, 0.0]
4068912568	[3.987000651258035e-05, -5.247054385049175e-05, 0.0004906012356556529, 0.8197990361939916, 0.0007712318324528143]	[0.0, 0.0, 0.0, 0.0, 0.0]
1514367527438233610	[-0.008593073813021282, -0.003906615133240959, -0.0014305716318888744, 0.8016751708866853, 0.0006778926036410982]	[0.0, 0.0, 0.0, 0.0, 0.0]
736016838052720640	[0.0006447791425015264, 0.00045366300267141033, 0.0007722219680170656, 0.8326772524216021, 0.0008307166596947538]	[0.0, 0.0, 0.0, 0.0, 0.0]
20775133	[-0.0009622109812231645, -0.0009480057453136684, 0.000592098953205421, 0.7327555074033947, 0.0019072046402066436]	[0.0, 0.0, 0.0, 0.0, 0.0]
823220596687437824	[-0.0017469765270673758, -0.000869240105445938, 0.008499003050234401, 0.8447460113698881, 0.0005906583049912063]	[0.0, 0.0, 0.0, 0.0, 0.0]
1229891962414587904	[0.0, 0.0, 0.0, 1.0, 2.0]	[0.0, 0.0, 0.0, 0.0, 0.0]
816968928077500416	[3.99577486043773e-05, -5.258601599805017e-05, 0.0004916809038679232, 0.8195086853736252, 0.000772450574014193]	[0.0, 0.0, 0.0, 0.0, 0.0]
825654804	[3.99577486043774e-05, -5.258601599805007e-05, 0.0004916809038679232, 0.8195086853736252, 0.000772450574014193]	[0.0, 0.0, 0.0, 0.0, 0.0]
1516569565144272902	[-0.008586002488290357, -0.0039034003413274962, -0.0014293944004603965, 0.8016163171060227, 0.0006771836572143792]	[0.0, 0.0, 0.0, 0.0, 0.0]
1546248279142301698	[-0.00858600231954662, -0.0039034003279701493, -0.0014293940696516036, 0.8015259833937102, 0.0006773462073001243]	[0.0, 0.0, 0.0, 0.0, 0.0]
1586027737273184257	[-0.008586002183725128, -0.003903400331540384, -0.0014293937963279608, 0.8016163171060227, 0.0006771836572143792]	[0.0, 0.0, 0.0, 0.0, 0.0]
1139230884354285568	[6.6023830033989745e-06, -0.00010934414071226685, 0.0005173797981305981, 0.8314722778028787, 0.0009784283957815017]	[0.0, 0.0, 0.0, 0.0, 0.0]
1198361171989893120	[6.49388913937908e-06, -0.00010765413718931038, 0.0005120801616481197, 0.832707843012531, 0.0009637846381960861]	[0.0, 0.0, 0.0, 0.0, 0.0]
1586022285345013760	[-0.008594489475922933, -0.003907258727167358, -0.0014308073109056594, 0.80163034757213, 0.0006780345629869353]	[0.0, 0.0, 0.0, 0.0, 0.0]
398054082	[0.004952684016654624, 0.004952684016654624, 0.004952684016654623, 0.09821428571428571, 0.55]	[0.0, 0.0, 0.0, 0.0, 0.0]
1536682986371948547	[-0.00859165861641176, -0.0039059717513020196, -0.0014303360305002227, 0.8016621743036837, 0.0006777235736364309]	[0.0, 0.0, 0.0, 0.0, 0.0]
1604175610036862977	[-0.0070703081417257995, -0.0035561837970590642, -0.0024351508054125323, 0.8017069385945467, 0.0005010840540962946]	[0.0, 0.0, 0.0, 0.0, 0.0]
1595948931149697025	[-0.006991517314815666, -0.0035524521839695815, -0.002272419146438641, 0.8016233838238229, 0.0005015289654275796]	[0.0, 0.0, 0.0, 0.0, 0.0]
1565991010995474434	[-0.006970914443867753, -0.003190886612602463, -0.0010629878118804648, 0.8138734798378494, 0.0005385677095576717]	[0.0, 0.0, 0.0, 0.0, 0.0]
1512852649598599175	[-0.00859165861641176, -0.003905971751302019, -0.0014303360305002234, 0.8016621743036837, 0.0006777235736364309]	[0.0, 0.0, 0.0, 0.0, 0.0]
1586149818023518209	[-0.008594489475922933, -0.003907258727167358, -0.0014308073109056576, 0.80163034757213, 0.0006780345629869353]	[0.0, 0.0, 0.0, 0.0, 0.0]
1589248003478528007	[-0.00859165861641176, -0.0039059717513020196, -0.0014303360305002234, 0.8016878991111254, 0.0006777235736364309]	[0.0, 0.0, 0.0, 0.0, 0.0]
1597567891657875456	[-0.006964438478226471, -0.003187922285291485, -0.0010620002983193276, 0.8140005862445706, 0.0005380959116724378]	[0.0, 0.0, 0.0, 0.0, 0.0]
1353501845981966336	[-0.009355229014353794, -0.003998664262762678, -0.002996957055457143, 0.802330779054917, 0.0006732306363474887]	[0.0, 0.0, 0.0, 0.0, 0.0]
1503212289343868929	[-0.00870881210109838, -0.003914703387954543, -0.0016602771815081951, 0.8017006257019091, 0.0006777778284155717]	[0.0, 0.0, 0.0, 0.0, 0.0]
122406464	[-6.03232890138459e-06, -0.0001070630322179782, 0.00047669569052127434, 0.8332400323443429, 0.0009422741049767632]	[0.0, 0.0, 0.0, 0.0, 0.0]
183347440	[0.1792699719267427, 0.1792699719267427, 0.1792699719267427, 0.0547945205479452, 2.0]	[0.0, 0.0, 0.0, 0.0, 0.0]
1520249272310059015	[-0.00859165861641176, -0.003905971751302019, -0.0014303360305002227, 0.8016621743036837, 0.0006777235736364309]	[0.0, 0.0, 0.0, 0.0, 0.0]
997629108111724546	[3.975651657745947e-05, -5.2321185711445736e-05, 0.0004892047358718652, 0.8198865668591283, 0.0007694844875936332]	[0.0, 0.0, 0.0, 0.0, 0.0]
1518685617001013250	[-0.00859165861641176, -0.003905971751302019, -0.0014303360305002216, 0.8016621743036837, 0.0006777235736364309]	[0.0, 0.0, 0.0, 0.0, 0.0]
1511938112712151040	[-0.008590243885864022, -0.0039053285812458193, -0.0014301005067013607, 0.8016555441478439, 0.0006775817366528927]	[0.0, 0.0, 0.0, 0.0, 0.0]
1368253253310443527	[0.0, 0.0, -1.0587926885662277e-232, 0.5714285714285714, 0.6666666666666666]	[0.0, 0.0, 0.0, 0.0, 0.0]
1546125627081760769	[-0.00859165861641176, -0.0039059717513020196, -0.0014303360305002227, 0.8016621743036837, 0.0006777235736364309]	[0.0, 0.0, 0.0, 0.0, 0.0]
20635049	[0.0, 0.0, 0.0, 0.6666666666666666, 2.0]	[0.0, 0.0, 0.0, 0.0, 0.0]
1593237575124549634	[-6.500971940541503e-05, -7.971308905767889e-05, -6.500971940541503e-05, 0.09099616858237548, 0.25]	[0.0, 0.0, 0.0, 0.0, 0.0]
879523106527653889	[3.992260546576329e-05, -5.2539766203856356e-05, 0.0004912484668372563, 0.8195442414288647, 0.000772156112480244]	[0.0, 0.0, 0.0, 0.0, 0.0]
1595898631260844032	[-0.008588829621147875, -0.0039046856229677076, -0.001429865060453963, 0.8016809957654305, 0.0006774670658562509]	[0.0, 0.0, 0.0, 0.0, 0.0]
365004971	[-3.4756972894644794e-05, -0.00012653324228644112, 0.0004132198969258108, 0.8199481206449316, 0.0007680272005782524]	[0.0, 0.0, 0.0, 0.0, 0.0]
1596624149786644485	[-8.379842473891896e-90, -8.379842473891896e-90, 1.1531344380424289e-05, 0.6571428571428571, 0.4107142857142857]	[0.0, 0.0, 0.0, 0.0, 0.0]
874160094	[3.9957748604377364e-05, -5.258601599805007e-05, 0.0004916809038679232, 0.8196106631054497, 0.0007729834321801378]	[0.0, 0.0, 0.0, 0.0, 0.0]
1343869159562686469	[-0.007565684846701454, -0.0032564208256366895, -0.002320771390975924, 0.8145355451490859, 0.0005336476944138508]	[0.0, 0.0, 0.0, 0.0, 0.0]
437210920	[3.9905057067756294e-05, -5.251667180112935e-05, 0.0004910325334452401, 0.8197158537210852, 0.0007721537640201083]	[0.0, 0.0, 0.0, 0.0, 0.0]
1562158895224741888	[-0.00720369796864293, -0.0032750193377472747, -0.0011993934700145177, 0.815415095897196, 0.000565091211514901]	[0.0, 0.0, 0.0, 0.0, 0.0]
1596784198181863425	[-0.008587415822033284, -0.0039040428763631057, -0.0014296296917197312, 0.8017000801924619, 0.0006773253332357711]	[0.0, 0.0, 0.0, 0.0, 0.0]
1583116574948466688	[-0.008594489475922933, -0.003907258727167358, -0.0014308073109056594, 0.80163034757213, 0.0006780345629869353]	[0.0, 0.0, 0.0, 0.0, 0.0]
1586067079312166914	[-3.881629071998659e-30, -3.881629071998659e-30, -3.881629071998659e-30, 0.5925925925925926, 0.38095238095238093]	[0.0, 0.0, 0.0, 0.0, 0.0]
881134810730827776	[3.9957748604377385e-05, -5.258601599805004e-05, 0.0004916809038679232, 0.8196106631054497, 0.0007729834321801378]	[0.0, 0.0, 0.0, 0.0, 0.0]
1606396329067945984	[-0.007066980937894398, -0.003554510298801625, -0.00243400485209234, 0.8017592838784011, 0.000500889377989106]	[0.0, 0.0, 0.0, 0.0, 0.0]
766054909389201408	[3.996654405861561e-05, -5.259759117216365e-05, 0.0004917891321100249, 0.819532253919301, 0.0007726937848067195]	[0.0, 0.0, 0.0, 0.0, 0.0]
2945495369	[0.04914423809676786, 0.035647396893641346, 0.04352539178197056, 0.5336856010568032, 0.008971796580057739]	[0.0, 0.0, 0.0, 0.0, 0.0]
1464263722260910081	[-0.008704511453147224, -0.003912770201096294, -0.0016594572915420182, 0.8017130758372899, 0.0006772711320327755]	[0.0, 0.0, 0.0, 0.0, 0.0]
143288338	[-0.008695922887332577, -0.003908909549689195, -0.0016578199385163203, 0.8018012243197333, 0.0006766384078103497]	[0.0, 0.0, 0.0, 0.0, 0.0]
1162845798608117761	[3.4599255894692885e-05, -6.642106224397452e-05, 0.0005539416727635127, 0.8356541172425649, 0.0008408550740180798]	[0.0, 0.0, 0.0, 0.0, 0.0]
2953744109	[-6.459399449275262e-05, -0.00015048764921350127, 0.00046368932042733553, 0.8172385256859125, 0.0009466988909066319]	[0.0, 0.0, 0.0, 0.0, 0.0]
1585283153475866624	[-0.008581764972580008, -0.0039014739948082544, -0.0014286883873151329, 0.8015516799179276, 0.0006766777735791026]	[0.0, 0.0, 0.0, 0.0, 0.0]
1601606563059453952	[-8.379842473891896e-90, -8.379842473891896e-90, 1.1531344380424289e-05, 0.6571428571428571, 0.4107142857142857]	[0.0, 0.0, 0.0, 0.0, 0.0]
438821961	[0.00011602401014112698, 0.00011343009304412037, 0.0005370341171235963, 0.8157539529502507, 0.0007417065790890114]	[0.0, 0.0, 0.0, 0.0, 0.0]
1598843895579922432	[-0.008701646713488461, -0.003911482470241895, -0.0016589111479542134, 0.8017382380295693, 0.000677042037759224]	[0.0, 0.0, 0.0, 0.0, 0.0]
1459336623229919235	[-0.008704511453147223, -0.003912770201096295, -0.0016594572915420176, 0.8017130758372899, 0.0006772711320327755]	[0.0, 0.0, 0.0, 0.0, 0.0]
1593060853854642183	[-0.008590243885864022, -0.0039053285812458197, -0.0014301005067013613, 0.8016812654410114, 0.0006775817366528927]	[0.0, 0.0, 0.0, 0.0, 0.0]
2688511189	[0.0, 0.0, 0.0, 0.4666666666666667, 1.1666666666666667]	[0.0, 0.0, 0.0, 0.0, 0.0]
1590583719194234880	[-7.514664529329969e-175, -7.514664529329969e-175, 3.570792524194475e-172, 0.2, 1.0]	[0.0, 0.0, 0.0, 0.0, 0.0]
1588704907149860864	[-0.007203697968642931, -0.0032750193377472747, -0.001199393470014518, 0.8154375343973583, 0.000565091211514901]	[0.0, 0.0, 0.0, 0.0, 0.0]
1472252293282209800	[-0.008704511453147221, -0.003912770201096293, -0.0016594572915420193, 0.8016937191249118, 0.0006772982326342733]	[0.0, 0.0, 0.0, 0.0, 0.0]
16453377	[-0.007082904897066205, -0.0031876499239907024, -0.001333374299001562, 0.8139930380251376, 0.0005363313966014942]	[0.0, 0.0, 0.0, 0.0, 0.0]
1586144310042451968	[-0.008593073813021278, -0.003906615133240958, -0.001430571631888875, 0.80164944483666, 0.0006778926036410982]	[0.0, 0.0, 0.0, 0.0, 0.0]
1435705539099611136	[-0.008694493107180104, -0.003908266848349226, -0.0016575473604271203, 0.8017882322779131, 0.0006764699790794244]	[0.0, 0.0, 0.0, 0.0, 0.0]
821153004992757760	[3.9957748604377385e-05, -5.258601599805003e-05, 0.0004916809038679231, 0.8195086853736252, 0.000772450574014193]	[0.0, 0.0, 0.0, 0.0, 0.0]
1225439204	[2.2629852066555967e-05, -6.586881975850199e-05, 0.0005150424572397257, 0.8367301604931415, 0.0008131700408878757]	[0.0, 0.0, 0.0, 0.0, 0.0]
1586944032726474752	[-0.008590243885864018, -0.003905328581245819, -0.0014301005067013615, 0.8016555441478439, 0.0006775817366528927]	[0.0, 0.0, 0.0, 0.0, 0.0]
712020000203145220	[3.996654405861561e-05, -5.259759117216365e-05, 0.0004917891321100249, 0.819532253919301, 0.0007726937848067195]	[0.0, 0.0, 0.0, 0.0, 0.0]
1427330037456515080	[-0.008694493107180104, -0.003908266848349226, -0.0016575473604271203, 0.8018009357174902, 0.0006765240555796105]	[0.0, 0.0, 0.0, 0.0, 0.0]
3338767810	[0.0, 0.0, -2.4781749354831817e-49, 0.2, 0.5]	[0.0, 0.0, 0.0, 0.0, 0.0]
1605382922348945408	[-0.00706864414828223, -0.0035553468510018597, -0.0024345776939026695, 0.8017508865248227, 0.0005009866979756925]	[0.0, 0.0, 0.0, 0.0, 0.0]
30884721	[-6.494068749125864e-05, -0.0001524658119545379, 0.0004707237159658881, 0.8050410540385717, 0.0009580132949340275]	[0.0, 0.0, 0.0, 0.0, 0.0]
2800980736	[0.002058659233303937, 0.0018387117725748598, 0.002055295809579272, 0.5421423366529026, 0.008464741620588436]	[0.0, 0.0, 0.0, 0.0, 0.0]
1586346520185544704	[-0.008594489475922933, -0.003907258727167358, -0.0014308073109056576, 0.80163034757213, 0.0006780345629869353]	[0.0, 0.0, 0.0, 0.0, 0.0]
166581878	[-7.4652322264051e-40, -7.4652322264051e-40, -7.4652322264051e-40, 0.20588235294117646, 0.4666666666666667]	[0.0, 0.0, 0.0, 0.0, 0.0]
1393029204384665601	[-0.008683071769765092, -0.003903132836068963, -0.0016553699583116155, 0.80188920909382, 0.000675340953740102]	[0.0, 0.0, 0.0, 0.0, 0.0]
1102929069417521153	[0.0007607570047937304, 0.0005229963306196824, 0.0008672693033769365, 0.844630781714904, 0.0010657515387969602]	[0.0, 0.0, 0.0, 0.0, 0.0]
1252733774837755924	[2.900700849701486e-05, -5.2829758741869794e-05, 0.0005316980865863832, 0.8123665259498386, 0.0007553430232617205]	[0.0, 0.0, 0.0, 0.0, 0.0]
