1520200806682832896	[0.0, 0.0, 0.0, 0.38999717958086677, 0.05240529150443394]	[0.0, 0.0, 0.0, 0.11826828428113673, 0.06220455533420972]
1463879060933820416	[0.0, 0.0, 0.0, 0.5141318977119784, 0.006747209269464462]	[0.0, 0.0, 0.0, 0.0, 8.673617379884035e-19]
955069564055941120	[0.0, 0.0, 0.0, 0.44765736109626936, 0.005761624018709182]	[0.0, 0.0, 0.0, 0.08515246904769651, 0.00016401247264820383]
1587961913954156545	[0.0, -4.805885683985362e-25, 0.0, 0.47216312277179107, 0.013988670492154503]	[0.0, 4.805885683985362e-25, 0.0, 0.035706126622882146, 0.008343020805054037]
772588501934051328	[0.0, 0.0, 0.0, 0.5141318977119784, 0.006747209269464462]	[0.0, 0.0, 0.0, 0.0, 8.673617379884035e-19]
1501738932400230400	[0.0, 0.0, 0.0, 0.5141318977119784, 0.006747209269464462]	[0.0, 0.0, 0.0, 0.0, 8.673617379884035e-19]
808783915355951105	[0.0, 0.0, 0.0, 0.4338264694122351, 0.011254019292604502]	[0.0, 0.0, 0.0, 0.0, 0.0]
1566095531499208704	[0.0, 0.0, 0.0, 0.32723358449946177, 0.005993572681926617]	[0.0, 0.0, 0.0, 0.0, 1.734723475976807e-18]
2281732880	[0.0, 0.0, 0.0, 0.32723358449946177, 0.005993572681926617]	[0.0, 0.0, 0.0, 0.0, 1.734723475976807e-18]
4068912568	[0.0, 0.0, 0.0, 0.4200638071605814, 0.023995584077918315]	[0.0, 0.0, 0.0, 0.029089367345398593, 0.011962703040596934]
1514367527438233610	[0.0, 0.0, 0.0, 0.4000703487098174, 0.05486913137750903]	[0.0, 0.0, 0.0, 0.14598813125342258, 0.061091119191374506]
1229891962414587904	[0.0, 0.0, 0.0, 0.24285714285714285, 0.25757575757575774]	[0.0, 0.0, 0.0, 0.0, 1.6653345369377348e-16]
1546248279142301698	[0.0, 0.0, 0.0, 0.5078692493946732, 0.005645649687100463]	[0.0, 0.0, 0.0, 0.0, 8.673617379884035e-19]
1139230884354285568	[0.0, 0.0, 0.0, 0.32723358449946177, 0.005993572681926617]	[0.0, 0.0, 0.0, 0.0, 1.734723475976807e-18]
1586022285345013760	[0.0, 0.0, 0.0, 0.4090850836091358, 0.005497469658114347]	[0.0, 0.0, 0.0, 0.060648806399788646, 0.0007215375010299276]
1536682986371948547	[0.0, 0.0, 0.0, 0.3740694789081884, 0.0050808897876643095]	[0.0, 0.0, 0.0, 1.6653345369377348e-16, 1.734723475976807e-18]
1565991010995474434	[0.0, 0.0, 0.0, 0.5661261261261261, 0.025646467284837406]	[0.0, 0.0, 0.0, 0.0, 3.469446951953614e-18]
1512852649598599175	[0.0, 0.0, 0.0, 0.32723358449946177, 0.005993572681926617]	[0.0, 0.0, 0.0, 0.0, 1.734723475976807e-18]
1503212289343868929	[0.0, 0.0, 0.0, 0.4874226213129205, 0.6562254376563058]	[0.0, 0.0, 0.0, 0.10719230380137099, 1.2899428367274026]
1520249272310059015	[0.0, 0.0, 0.0, 0.32723358449946177, 0.005993572681926617]	[0.0, 0.0, 0.0, 0.0, 1.734723475976807e-18]
1518685617001013250	[0.0, 0.0, 0.0, 0.4338264694122351, 0.011254019292604502]	[0.0, 0.0, 0.0, 0.0, 0.0]
1368253253310443527	[0.0, 0.0, 0.0, 0.5661261261261258, 0.025646467284837406]	[0.0, 0.0, 0.0, 3.3306690738754696e-16, 3.469446951953614e-18]
1546125627081760769	[0.0, 0.0, 0.0, 0.4338264694122351, 0.011254019292604502]	[0.0, 0.0, 0.0, 0.0, 0.0]
1595898631260844032	[0.0, 0.0, 0.0, 0.3445691732021118, 0.1073923907365677]	[0.0, 0.0, 0.0, 0.01733558870265006, 0.10139881805464111]
1596624149786644485	[0.0, 0.0, 0.0, 0.5078692493946732, 0.005645649687100463]	[0.0, 0.0, 0.0, 0.0, 8.673617379884035e-19]
1596784198181863425	[0.0, 0.0, 0.0, 0.32723358449946177, 0.005993572681926619]	[0.0, 0.0, 0.0, 0.0, 8.673617379884035e-19]
1583116574948466688	[0.0, 0.0, 0.0, 0.5064029907194599, 0.02073324363410969]	[0.0, 0.0, 0.0, 0.10344350491166139, 0.008509952992009413]
1586067079312166914	[0.0, 0.0, 0.0, 0.5141318977119784, 0.006747209269464464]	[0.0, 0.0, 0.0, 0.0, 1.734723475976807e-18]
766054909389201408	[0.0, 0.0, 0.0, 0.4874639240034503, 0.018189197464698652]	[0.0, 0.0, 0.0, 0.11339444509526198, 0.01310830767703434]
143288338	[0.0, 0.0, 0.0, 0.3939884757428706, 0.007138599622644373]	[0.0, 0.0, 0.0, 0.028169715472474287, 0.0029100411560573102]
1162845798608117761	[0.0, 0.0, 0.0, 0.5661261261261258, 0.025646467284837406]	[0.0, 0.0, 0.0, 3.3306690738754696e-16, 3.469446951953614e-18]
1585283153475866624	[0.0, 0.0, 0.0, 0.4809157823176605, 0.0175115156450753]	[0.0, 0.0, 0.0, 0.06988369394323206, 0.010867960005422566]
1601606563059453952	[0.0, 0.0, 0.0, 0.5078692493946732, 0.005645649687100463]	[0.0, 0.0, 0.0, 0.0, 8.673617379884035e-19]
1598843895579922432	[0.0, 0.0, 0.0, 0.5078692493946732, 0.005645649687100463]	[0.0, 0.0, 0.0, 0.0, 8.673617379884035e-19]
1593060853854642183	[0.0, -9.611771367970716e-25, 0.0, 0.43645699614890887, 0.022331691297208543]	[0.0, 5.510129769479473e-40, 0.0, 0.0, 3.469446951953614e-18]
1590583719194234880	[0.0, 0.0, 0.0, 0.5661261261261258, 0.025646467284837406]	[0.0, 0.0, 0.0, 3.3306690738754696e-16, 3.469446951953614e-18]
1472252293282209800	[0.0, 0.0, 0.0, 0.46690138359070793, 0.014852131290662726]	[0.0, 0.0, 0.0, 0.057287431813095036, 0.006232112791960015]
1586144310042451968	[0.0, 0.0, 0.0, 0.5661261261261258, 0.025646467284837406]	[0.0, 0.0, 0.0, 3.3306690738754696e-16, 3.469446951953614e-18]
821153004992757760	[0.0, 0.0, 0.0, 0.5515619069432628, 0.020646262885403163]	[0.0, 0.0, 0.0, 0.02522596759728841, 0.00866060806804952]
