1520200806682832896	[-0.1444560447284497, -0.014377772245745914, -0.13527748296741246, 0.38999717958086677, 0.05240529150443394]	[0.2383213229453453, 0.020333240506645346, 0.23469679003428875, 0.11826828428113673, 0.06220455533420972]
1463879060933820416	[0.0074985529965503625, -1.838962407768685e-78, 0.3710222352716355, 0.5141318977119784, 0.006747209269464462]	[2.6020852139652106e-18, 2.3970182936024055e-94, 0.0, 0.0, 8.673617379884035e-19]
955069564055941120	[0.013751365682185993, -1.7057108702181966e-78, 0.25106866031383585, 0.44765736109626936, 0.005761624018709182]	[0.029438360838506265, 1.2061197230748937e-78, 0.08194729657022984, 0.08515246904769651, 0.00016401247264820383]
1587961913954156545	[-0.12468415862290418, -0.00048358342796695814, 0.06424834005605072, 0.47216312277179107, 0.013988670492154503]	[0.15925158888101457, 0.00048358342796695814, 0.1288748311530704, 0.035706126622882146, 0.008343020805054037]
772588501934051328	[0.0074985529965503625, -1.838962407768685e-78, 0.3710222352716355, 0.5141318977119784, 0.006747209269464462]	[2.6020852139652106e-18, 2.3970182936024055e-94, 0.0, 0.0, 8.673617379884035e-19]
1501738932400230400	[0.0074985529965503625, -1.838962407768685e-78, 0.3710222352716355, 0.5141318977119784, 0.006747209269464462]	[2.6020852139652106e-18, 2.3970182936024055e-94, 0.0, 0.0, 8.673617379884035e-19]
808783915355951105	[-0.48127028121523285, -0.04313331673723773, -0.2577808961300996, 0.4338264694122351, 0.011254019292604502]	[2.7755575615628914e-16, 1.3877787807814457e-17, 1.1102230246251565e-16, 0.0, 0.0]
1566095531499208704	[-0.027880763469662558, 0.0, 0.366959638523265, 0.32723358449946177, 0.005993572681926617]	[3.469446951953614e-18, 0.0, 5.551115123125783e-17, 0.0, 1.734723475976807e-18]
2281732880	[-0.027880763469662558, 0.0, 0.366959638523265, 0.32723358449946177, 0.005993572681926617]	[3.469446951953614e-18, 0.0, 5.551115123125783e-17, 0.0, 1.734723475976807e-18]
4068912568	[0.03728279414640149, -1.136776203334543e-91, 0.03707954464941966, 0.4200638071605814, 0.023995584077918315]	[0.059690861464066165, 1.7974009962079264e-91, 0.044450809649675224, 0.029089367345398593, 0.011962703040596934]
1514367527438233610	[0.030888445936446535, -2.9797312460252236e-18, 0.024338876443721475, 0.4000703487098174, 0.05486913137750903]	[0.04393677642033787, 6.662881620792544e-18, 0.2720753982610481, 0.14598813125342258, 0.061091119191374506]
1229891962414587904	[-4.251454681035575e-07, 0.0, 0.009462297390782767, 0.24285714285714285, 0.25757575757575774]	[2.117582368135751e-22, 0.0, 3.469446951953614e-18, 0.0, 1.6653345369377348e-16]
1546248279142301698	[0.03456743025811027, -2.558566305327295e-78, 0.1931231712091211, 0.5078692493946732, 0.005645649687100463]	[0.0, 4.794036587204811e-94, 5.551115123125783e-17, 0.0, 8.673617379884035e-19]
1139230884354285568	[-0.027880763469662558, 0.0, 0.366959638523265, 0.32723358449946177, 0.005993572681926617]	[3.469446951953614e-18, 0.0, 5.551115123125783e-17, 0.0, 1.734723475976807e-18]
1586022285345013760	[0.10062138800544694, -4.5974060194246895e-79, 0.17327739317931048, 0.4090850836091358, 0.005497469658114347]	[0.05376449386008759, 7.962940808659669e-79, 0.11416803781286383, 0.060648806399788646, 0.0007215375010299276]
1536682986371948547	[0.13166233300841249, -3.9787167116709e-91, 0.10736244581520211, 0.3740694789081884, 0.0050808897876643095]	[0.0, 5.450188595210433e-107, 1.3877787807814457e-17, 1.6653345369377348e-16, 1.734723475976807e-18]
1565991010995474434	[-0.06826189322027952, -1.2508061884985289e-15, 0.05290545286964549, 0.5661261261261261, 0.025646467284837406]	[0.0, 0.0, 0.0, 0.0, 3.469446951953614e-18]
1512852649598599175	[-0.027880763469662558, 0.0, 0.366959638523265, 0.32723358449946177, 0.005993572681926617]	[3.469446951953614e-18, 0.0, 5.551115123125783e-17, 0.0, 1.734723475976807e-18]
1503212289343868929	[-0.3850162249721863, -0.03450665338979018, -0.20522606273573452, 0.4874226213129205, 0.6562254376563058]	[0.19250811248609323, 0.017253326694895096, 0.10510966678873013, 0.10719230380137099, 1.2899428367274026]
1520249272310059015	[-0.027880763469662558, 0.0, 0.366959638523265, 0.32723358449946177, 0.005993572681926617]	[3.469446951953614e-18, 0.0, 5.551115123125783e-17, 0.0, 1.734723475976807e-18]
1518685617001013250	[-0.48127028121523285, -0.04313331673723773, -0.2577808961300996, 0.4338264694122351, 0.011254019292604502]	[2.7755575615628914e-16, 1.3877787807814457e-17, 1.1102230246251565e-16, 0.0, 0.0]
1368253253310443527	[-0.06826189322027948, -1.2508061884985289e-15, 0.05290545286964553, 0.5661261261261258, 0.025646467284837406]	[4.163336342344337e-17, 0.0, 3.469446951953614e-17, 3.3306690738754696e-16, 3.469446951953614e-18]
1546125627081760769	[-0.4812702812152329, -0.04313331673723774, -0.25778089613009963, 0.4338264694122351, 0.011254019292604502]	[2.220446049250313e-16, 0.0, 5.551115123125783e-17, 0.0, 0.0]
1595898631260844032	[-0.014656907353429824, 0.0, 0.24330157696230506, 0.3445691732021118, 0.1073923907365677]	[0.013223856116232741, 0.0, 0.12365806156095994, 0.01733558870265006, 0.10139881805464111]
1596624149786644485	[0.03456743025811027, -2.558566305327295e-78, 0.19312317120912117, 0.5078692493946732, 0.005645649687100463]	[0.0, 4.794036587204811e-94, 2.7755575615628914e-17, 0.0, 8.673617379884035e-19]
1596784198181863425	[-0.02788076346966256, 0.0, 0.366959638523265, 0.32723358449946177, 0.005993572681926619]	[0.0, 0.0, 5.551115123125783e-17, 0.0, 8.673617379884035e-19]
1583116574948466688	[-0.05816661078262525, -9.381046413738967e-16, 0.1314189992830504, 0.5064029907194599, 0.02073324363410969]	[0.017485542098774932, 5.416149672252565e-16, 0.13598945147043448, 0.10344350491166139, 0.008509952992009413]
1586067079312166914	[0.0074985529965503625, -1.838962407768685e-78, 0.3710222352716356, 0.5141318977119784, 0.006747209269464464]	[2.6020852139652106e-18, 2.3970182936024055e-94, 5.551115123125783e-17, 0.0, 1.734723475976807e-18]
766054909389201408	[0.12453473901849291, -8.939193738075668e-18, 0.09126958574927024, 0.4874639240034503, 0.018189197464698652]	[0.007127593989919527, 8.939193738075668e-18, 0.01609286006593189, 0.11339444509526198, 0.01310830767703434]
143288338	[-0.07264853839946943, -0.014377772245745914, -0.014352001499898511, 0.3939884757428706, 0.007138599622644373]	[0.288939205285292, 0.020333240506645343, 0.17213022212976078, 0.028169715472474287, 0.0029100411560573102]
1162845798608117761	[-0.06826189322027948, -1.2508061884985289e-15, 0.05290545286964553, 0.5661261261261258, 0.025646467284837406]	[4.163336342344337e-17, 0.0, 3.469446951953614e-17, 3.3306690738754696e-16, 3.469446951953614e-18]
1585283153475866624	[-0.1330984043185221, -0.010783329184309748, 0.05615011284129238, 0.4809157823176605, 0.0175115156450753]	[0.20360362062378312, 0.01867727402196402, 0.2263665815617297, 0.06988369394323206, 0.010867960005422566]
1601606563059453952	[0.03456743025811027, -2.558566305327295e-78, 0.19312317120912117, 0.5078692493946732, 0.005645649687100463]	[0.0, 4.794036587204811e-94, 2.7755575615628914e-17, 0.0, 8.673617379884035e-19]
1598843895579922432	[0.03456743025811027, -2.558566305327295e-78, 0.19312317120912117, 0.5078692493946732, 0.005645649687100463]	[0.0, 4.794036587204811e-94, 2.7755575615628914e-17, 0.0, 8.673617379884035e-19]
1593060853854642183	[-0.28393574750391887, -0.0009671668559339162, -0.06462649109701973, 0.43645699614890887, 0.022331691297208543]	[0.0, 3.2526065174565133e-19, 2.7755575615628914e-17, 0.0, 3.469446951953614e-18]
1590583719194234880	[-0.06826189322027948, -1.2508061884985289e-15, 0.05290545286964553, 0.5661261261261258, 0.025646467284837406]	[4.163336342344337e-17, 0.0, 3.469446951953614e-17, 3.3306690738754696e-16, 3.469446951953614e-18]
1472252293282209800	[-0.3780181842164946, -0.03234998755292862, -0.18010930888016338, 0.46690138359070793, 0.014852131290662726]	[0.17883787798984496, 0.01867727402196366, 0.13453113542140865, 0.057287431813095036, 0.006232112791960015]
1586144310042451968	[-0.06826189322027948, -1.2508061884985289e-15, 0.05290545286964553, 0.5661261261261258, 0.025646467284837406]	[4.163336342344337e-17, 0.0, 3.469446951953614e-17, 3.3306690738754696e-16, 3.469446951953614e-18]
821153004992757760	[-0.04255456235068206, -9.381046413738967e-16, 0.0879598824545144, 0.5515619069432628, 0.020646262885403163]	[0.04452640319312659, 5.416149672252565e-16, 0.06071605307133855, 0.02522596759728841, 0.00866060806804952]
