532655237	[-5.197793530515653e-05, -5.1977935328526484e-05, 0.00022800707461786054, 0.9172724385503098, 0.0004211792663869618]	[0.00010395587061031308, 0.00010395587065705297, 0.00045716868090891474, 0.015883699392095985, 0.00014235673747152596]
552278840	[-0.0002598896765257827, -0.0002598896766426324, 0.0011423438536000553, 0.8979591836734693, 0.00019340295929344168]	[2.42434975903054e-20, 0.0, 0.0, 1.1102230246251565e-16, 0.0]
892926801860677632	[-0.00028026678075380334, -0.0002802667808798149, 0.0012319113196118743, 0.8959316228491906, 0.00021131889283845586]	[1.6642390003274e-05, 1.6642390010756645e-05, 7.315154716262011e-05, 0.001657162100581973, 1.4632643269058142e-05]
905719296134971392	[1.6022804860835527e-22, 1.6022804860835527e-22, 0.0015078033645491444, 0.8660802839310989, 0.003916344977492433]	[5.180342400831715e-25, 5.180342400831715e-25, 4.8748878672191535e-06, 0.0013721132999614978, 2.682632713481335e-05]
377925526	[-0.0002598896765257827, -0.0002598896766426324, 0.0011423438536000553, 0.8979591836734693, 0.00019340295929344168]	[0.0, 0.0, 0.0, 1.1102230246251565e-16, 0.0]
3545097856	[-0.00010395587061031307, -0.00010395587065705297, 0.00045496816875602124, 0.8784556220775247, 0.0009323784603551315]	[0.00012731941938102855, 0.000127319419438273, 0.0005612398964880078, 0.015924591359002087, 0.0006033709700062227]
890502281887612928	[-0.00010395587061031307, -0.00010395587065705297, 0.00045557485249672207, 0.8571994516190411, 0.0006633346135127979]	[0.00012731941938102855, 0.000127319419438273, 0.0005607445412880213, 0.0332801818619709, 0.00038369758893981473]
3398737828	[-0.0002693416568016936, -0.00026934165692279305, 0.0011838899885477836, 0.896712198967838, 0.00020188975137622753]	[1.8903960551821804e-05, 1.8903960560321278e-05, 8.309226989545642e-05, 0.002493969411262631, 1.697358416557173e-05]
1664655710	[-0.0003315516236964689, -0.00033155162384316584, 0.0010209174904653266, 0.889291545491627, 0.0002602544216200005]	[8.787873739088073e-05, 8.78787374274866e-05, 0.00014895566322754877, 0.010659513883721453, 8.196543455438811e-05]
743729451708481536	[-5.197793530515653e-05, -5.1977935328526484e-05, 0.00022846877072001107, 0.8897041962852557, 0.0053185469243566]	[0.00010395587061031308, 0.00010395587065705297, 0.0004569375414400222, 0.0041274936941068764, 0.0025625719825315787]
211577392	[-0.00010444265899834336, -0.00010444265904508324, 0.0006637522336119244, 0.6781220842792014, 0.011000852498580517]	[0.00012692506995034414, 0.00012692507000758717, 0.0005433915244178037, 0.25412632525512957, 0.013054618156990008]
751805919743315969	[-0.0001559338059154696, -0.00015593380598557944, 0.0006854063121600332, 0.7247404224847833, 0.004390809889569881]	[0.00012731941938102855, 0.000127319419438273, 0.0005596319104249489, 0.21214878939464762, 0.005140752610999582]
909435307304607744	[-0.0003495239326899016, -0.00034952393284487336, 0.0010400124157976646, 0.8891496109077671, 0.000275980574540212]	[7.593338930142e-05, 7.593338933333187e-05, 0.0001973243266863779, 0.008273107749281323, 7.009844124017952e-05]
222496251	[-0.0003191325069039694, -0.00031913250704525037, 0.00099719123898805, 0.8920699186042496, 0.00024828066822407034]	[7.255737176721462e-05, 7.255737179713665e-05, 0.00017777494875994768, 0.007212876408384427, 6.721119539611822e-05]
876224066759405568	[-0.0004336573322685261, -0.0004336573324640709, 0.0015308199690452786, 0.9375254160704873, 0.4504287445331814]	[0.000744208073924415, 0.0007442080742601439, 0.0025294610764429806, 0.08382905665484479, 0.3668987794046125]
54219545	[-0.00012120604330405085, -0.0001212060433586495, 0.0004645378913027976, 0.7181494909249362, 0.004734310525260884]	[0.0001509313703146056, 0.00015093137038261958, 0.0005690673000438228, 0.20758922512045927, 0.005389853298532702]
1028440310	[-0.00010395587061031307, -0.00010395587065705297, 0.00045547165957898994, 0.8610416637437567, 0.0006316360453776737]	[0.00012731941938102855, 0.000127319419438273, 0.0005608288005928273, 0.030560474868578175, 0.0003603355385781467]
179181381	[0.0, 0.0, 0.0, 0.5833333333333334, 0.013725490196078433]	[0.0, 0.0, 0.0, 0.0, 1.734723475976807e-18]
25816024	[-0.0002598896765257827, -0.0002598896766426324, 0.0011423438536000553, 0.8979591836734693, 0.00019340295929344168]	[0.0, 0.0, 0.0, 1.1102230246251565e-16, 0.0]
569257486	[-0.0002598896765257827, -0.0002598896766426324, 0.0011423438536000553, 0.8979591836734693, 0.00019340295929344168]	[0.0, 0.0, 9.69739903612216e-20, 1.1102230246251565e-16, 0.0]
20447568	[-0.000284805243619065, -0.00028480524374607807, 0.0010607772020368416, 0.8992446157373927, 0.0002166023433451027]	[4.983113418656458e-05, 4.983113420689135e-05, 0.00016313330312642694, 0.002570864127846484, 4.6398768103322034e-05]
3356627800	[-0.00023070016095783947, -0.000230700161060555, 0.0008280543933695935, 0.8897291277179393, 0.0002460143035248556]	[0.00012350328475162537, 0.00012350328480598325, 0.0004464411142496791, 0.010863141313065889, 6.675095402445839e-05]
58429842	[-2.058649020831006e-05, -2.058649020831006e-05, 0.006230634241886806, 0.89543016860732, 0.004169429771905978]	[7.151606686205202e-07, 7.151606686205202e-07, 0.00021644799600463135, 0.0356919830695466, 0.00014666635798199306]
19590930	[-0.00042187630239757417, -0.00042187630258765026, 0.0015922751127796305, 0.8832616987832944, 0.00034871853672769157]	[0.00019851529397667673, 0.0001985152940664157, 0.0005515658749338107, 0.018026218206717452, 0.00019035536882318888]
245957521	[-0.0003517966361909899, -0.00035179663634937595, 0.0014045252191129004, 0.8944390958176992, 0.0002817801310834961]	[0.00018381391933041446, 0.0001838139194134871, 0.0005243627310256903, 0.0070401757115402305, 0.00017675434358010883]
3289816264	[-3.343946108035484e-26, -3.343946108035484e-26, -3.351107813318089e-06, 0.8927593487971535, 0.001150364280124884]	[1.0459637497766539e-29, 1.0459637497766539e-29, 1.0482038828020876e-09, 0.005568988078908355, 1.029580448784111e-05]
714602578529665024	[-5.197793530515653e-05, -5.1977935328526484e-05, 0.00022754537851570996, 0.9285522063810419, 0.0003447859201570887]	[0.00010395587061031308, 0.00010395587065705297, 0.00045739923754217255, 0.015296511353786223, 7.569148043182353e-05]
826067879879651329	[-0.00010395587061031307, -0.00010395587065705297, 0.00045693754144002214, 0.655066520381325, 0.007552371891828688]	[0.00012731941938102855, 0.000127319419438273, 0.0005596319104249489, 0.19893812015639925, 0.006011921217745517]
1631211283	[-0.00042421744699073556, -0.00042421744717950583, 0.0013641078581804046, 0.8754865116756267, 0.0003552975743841557]	[0.0002143648230053766, 0.00021436482309825233, 0.00029763094294862636, 0.027523315876833022, 0.0002142463835097051]
117754884	[-5.1977935305156547e-05, -5.1977935328526484e-05, 0.00022846877072001101, 0.5368903828596384, 0.009525906209477403]	[0.00010395587061031309, 0.00010395587065705297, 0.0004569375414400221, 0.1805388535362526, 0.004666972304593162]
42401449	[-0.0002598896765257827, -0.0002598896766426324, 0.0011423438536000553, 0.8979591836734693, 0.00019340295929344168]	[0.0, 0.0, 0.0, 1.1102230246251565e-16, 0.0]
223782598	[-0.00027899757879262034, -0.0002789975789181668, 0.0011562790954493247, 0.8965815968636177, 0.00021089862543514768]	[3.821580453367531e-05, 3.8215804551068846e-05, 2.787048369853858e-05, 0.0027551736197034328, 3.499133228341202e-05]
786863976030220289	[-0.00010395587061031307, -0.00010395587065705297, 0.00045693754144002203, 0.9039842989580509, 0.00042153019928598657]	[0.00012731941938102858, 0.000127319419438273, 0.0005596319104249486, 0.004919486029556082, 0.0001862651114703917]
1707513156	[-0.00011887602473524715, -0.00011887602478869533, 0.0005205080297317721, 0.8950256079620983, 0.0007778586620396458]	[0.00014749166546982275, 0.00014749166553613692, 0.0006499197949213966, 0.002431305368499013, 0.000450415666196294]
2920256952	[-1.151525283299441e-26, -1.151525283299441e-26, -1.1539914967006207e-06, 0.9340957168579997, 0.00038258288342705646]	[1.2411352482214135e-30, 1.2411352482214135e-30, 1.2437933786381516e-10, 0.0010523725999675992, 2.4388472972028916e-08]
2906686402	[-0.00046381091258647123, -0.00046381091279084654, 0.0012735938442544462, 0.8667956814933355, 0.0004012137081793347]	[0.0002598295930458314, 0.00025982959315748975, 0.0002111495459857229, 0.039275138186001896, 0.0002674086052563246]
359850032	[-0.0003207148995614831, -0.0003207148997041565, 0.0011293812373791025, 0.8894211042466325, 0.00025015161209112133]	[0.00012165044607140083, 0.00012165044612304809, 2.5925232441905384e-05, 0.017076158853674084, 0.00011349730559535934]
845781575170244610	[-5.197793530515653e-05, -5.1977935328526484e-05, 0.00022827690574407818, 0.7320636894355227, 0.002646604377532307]	[0.00010395587061031308, 0.00010395587065705297, 0.00045703362495151174, 0.1268226570294153, 0.001947991482166579]
857912957346471936	[-0.0001559338059154696, -0.00015593380598557944, 0.0006849414215708007, 0.879770173420186, 0.0002874654111038327]	[0.00012731941938102855, 0.000127319419438273, 0.0005602012827898781, 0.022277013852696093, 0.00011520251641144898]
791162759228624896	[-0.0002598896765257827, -0.0002598896766426324, 0.0011423438536000553, 0.8979591836734693, 0.00019340295929344168]	[0.0, 0.0, 0.0, 1.1102230246251565e-16, 0.0]
878977884999876610	[-0.00010395587061031307, -0.00010395587065705297, 0.00045620450113737637, 0.8834218842404706, 0.0003457253714549639]	[0.00012731941938102855, 0.000127319419438273, 0.0005602304353282143, 0.012616757067989356, 0.0001243713033064985]
1274709210	[-0.0002598896765257827, -0.0002598896766426324, 0.0011423438536000553, 0.8979591836734693, 0.00019340295929344168]	[0.0, 0.0, 9.69739903612216e-20, 1.1102230246251565e-16, 0.0]
26203837	[-0.00026068250236344184, -0.00026068250248064806, 0.0011458287158490391, 0.8979527493191648, 0.00019412168009105623]	[1.585651675318372e-06, 1.5856516760313217e-06, 6.969724497967421e-06, 1.2868708608992919e-05, 1.4374415952291322e-06]
142334501	[-0.0005763263685574745, -0.0005763263688087603, 0.0017495392609413892, 0.8822143174650883, 0.0005014680628255176]	[0.0001582225464771, 0.00015822254654431986, 0.00030361612439328255, 0.007966868427920562, 0.00015403272252956042]
741963075985760256	[-0.00021828956080843318, -0.00021828956090657892, 0.0009592933036453791, 0.8910581261864479, 0.0002383057493174924]	[0.00011097952451792033, 0.00011097952456781815, 0.00048819832938367443, 0.01130570683354234, 6.862568877659583e-05]
222036996	[-0.00010395587061031307, -0.00010395587065705297, 0.00045624518385580307, 0.9193253918041974, 0.00030690359723171897]	[0.00012731941938102858, 0.000127319419438273, 0.000560197218025243, 0.01744543588612954, 9.267288280971912e-05]
36327895	[-0.0002598896765257827, -0.0002598896766426324, 0.0011423438536000553, 0.8979591836734693, 0.00019340295929344168]	[0.0, 0.0, 0.0, 1.1102230246251565e-16, 0.0]
809247439383392257	[-5.197793530515653e-05, -5.1977935328526484e-05, 0.00022846877072001101, 0.9059926707195778, 0.0004975726126168349]	[0.00010395587061031308, 0.00010395587065705297, 0.0004569375414400221, 0.004016743523054256, 0.0001520848266616966]
422684232	[-0.0002598896765257827, -0.0002598896766426324, 0.0011423438536000553, 0.8979591836734693, 0.00019340295929344168]	[0.0, 3.4285483091569347e-20, 0.0, 1.1102230246251565e-16, 0.0]
388187529	[-0.00010395587061031307, -0.00010395587065705297, 0.00045620338364010023, 0.8858966983797917, 0.00034588981591427494]	[0.00012731941938102855, 0.000127319419438273, 0.000560231347761684, 0.010827774523444389, 0.00012450501132703766]
800434576350789632	[-0.0003341884967970238, -0.0003341884969476985, 0.001190811972005009, 0.8928495426053076, 0.0002594290372331142]	[3.7202401279747e-05, 3.7202401296683194e-05, 2.5161571663127594e-05, 0.0025573581409645487, 3.305799397100619e-05]
827106904245731328	[-0.0026839085858622923, -0.002683908587032748, 0.004876007651975798, 0.887637231616319, 0.0025583065273753073]	[0.0009340123299524087, 0.0009340123303597325, 0.0017277689871582752, 0.02110955456593492, 0.0009212795552132792]
86711514	[-2.534116411424023e-116, -3.1820247024603647e-116, -2.534116411424023e-96, 0.6717948717948717, 0.014669652855543114]	[2.817681462947307e-132, 0.0, 0.0, 0.0, 0.0]
819581851903938562	[-5.197793530515653e-05, -5.1977935328526484e-05, 0.00022846877072001107, 0.9059926707195778, 0.0004975726126168349]	[0.00010395587061031308, 0.00010395587065705297, 0.0004569375414400222, 0.004016743523054256, 0.0001520848266616966]
293013635	[-0.00010395587061031307, -0.00010395587065705297, 0.00045620547622340533, 0.8795456866415968, 0.0003455484982949048]	[0.00012731941938102855, 0.000127319419438273, 0.0005602296391730681, 0.015276848024287484, 0.0001242275217961233]
2368436134	[-4.0343460791203825e-98, -4.034345421151404e-98, -4.034346079120384e-78, 0.7381974248927039, 0.008838643371017472]	[0.0, 0.0, 4.794036587204811e-94, 0.0, 0.0]
2862964321	[-0.0004555815369204487, -0.00045558153712528396, 0.0020025065076530965, 0.8624799286535344, 0.00037461217884367226]	[9.917148342742445e-05, 9.917148347201319e-05, 0.0004359077900290418, 0.01799069240417948, 9.211852550385553e-05]
54851559	[-0.0001559338059154696, -0.00015593380598557944, 0.0006854063121600331, 0.8027465280841799, 0.03321703863804082]	[0.00012731941938102855, 0.00012731941943827296, 0.0005596319104249486, 0.12072001603450705, 0.05654751106078077]
777573276692451328	[-0.0004529330962375534, -0.00045293309643924145, 0.0014584421300270882, 0.8862225057359601, 0.0003839094491562988]	[0.00023914842799263881, 0.00023914842809723207, 0.0004643601424630188, 0.014426083048746355, 0.00023684258988149347]
560467206	[-0.0002598896765257827, -0.0002598896766426324, 0.0011423438536000553, 0.8979591836734693, 0.00019340295929344168]	[0.0, 0.0, 0.0, 1.1102230246251565e-16, 0.0]
140101267	[-0.002592673083844389, -0.0025926730849757593, 0.0040565527958864485, 0.9079462720986508, 0.0018283929875958838]	[0.0011663976920862457, 0.0011663976925935086, 0.00145711535352069, 0.005236166739196471, 0.0008355067379584141]
862688770205863937	[-1.187956180283323e-91, -1.187956180283323e-91, -1.187956180283323e-71, 0.7876554719850123, 0.010122752698299596]	[4.07233775711433e-92, 4.07233775711433e-92, 4.07233775711433e-72, 0.14599906953075883, 0.002050624691552125]
474013625	[-0.0002598896765257827, -0.0002598896766426324, 0.0011423438536000553, 0.8979591836734693, 0.00019340295929344168]	[0.0, 0.0, 0.0, 1.1102230246251565e-16, 0.0]
801355099796803584	[-0.0002598896765257827, -0.0002598896766426324, 0.0011423438536000553, 0.8979591836734693, 0.00019340295929344168]	[0.0, 0.0, 1.3714193236627739e-19, 1.1102230246251565e-16, 0.0]
21422783	[-0.0002598896765257827, -0.00025988967664263235, 0.0011423438536000553, 0.8979591836734693, 0.00019340295929344168]	[0.0, 3.4285483091569347e-20, 0.0, 1.1102230246251565e-16, 0.0]
39475170	[-0.0002598896765257827, -0.0002598896766426324, 0.0011423438536000553, 0.8979591836734693, 0.00019340295929344168]	[0.0, 2.42434975903054e-20, 0.0, 1.1102230246251565e-16, 0.0]
875915736300040192	[-0.00020791174122062613, -0.00020791174131410594, 0.0009138750828800443, 0.8831635450743998, 0.0002662307332831148]	[0.00010395587061031308, 0.00010395587065705297, 0.00045693754144002214, 0.02959127719813934, 0.0001456555479793463]
192463771	[-0.0003148847330037316, -0.0003148847331455439, 0.0012274318948055092, 0.8919599783594, 0.00024282029963839828]	[6.735491337325872e-05, 6.735491340383158e-05, 0.00010421114208313586, 0.007347495940831543, 6.0523634145298254e-05]
884586449831686145	[-0.0003283201680951582, -0.00032832016824159405, 0.0011295424891060995, 0.8887669043963173, 0.0002559320668367164]	[8.917981108127709e-05, 8.917981111925284e-05, 0.00012427734913439715, 0.012025684105843908, 8.154424001779237e-05]
802492036268126208	[1.5815702719537764e-22, 1.5815702719537764e-22, 0.0014883143107807012, 0.8285176274592265, 0.003904212137617357]	[3.962524821812688e-24, 3.962524821812688e-24, 3.728877877707061e-05, 0.07602042822907974, 4.284076809166572e-05]
154172528	[-0.00010917885299203134, -0.00010917885304111957, 0.00047792425305015555, 0.877787616021197, 0.0009381215700559851]	[0.00013397101094409468, 0.00013397101100432975, 0.0005904751172120067, 0.015198923370105602, 0.0005983430125202562]
288567673	[-0.00026423758521937894, -0.00026423758533818353, 0.00116145506585958, 0.8976776917663617, 0.0001972374141756933]	[8.695817387192494e-06, 8.695817391102256e-06, 3.8222424519049424e-05, 0.0005629838142153342, 7.668909764503203e-06]
704221216912105473	[-0.0002598896765257827, -0.0002598896766426324, 0.0011423438536000553, 0.8979591836734693, 0.00019340295929344168]	[0.0, 0.0, 0.0, 1.1102230246251565e-16, 0.0]
465965880	[-6.222202264838206e-05, -6.222202267545068e-05, 0.001123190266305378, 0.6351900302323931, 0.008453819026904844]	[0.00011946357162975879, 0.00011946357168386708, 0.001665602563551857, 0.15763354396616655, 0.005482193014808297]
1156991923	[-0.00022137023970368843, -0.0002213702398043568, 0.0011173861172651348, 0.8985870930593787, 0.0002265369581374097]	[0.00011371207775444231, 0.00011371207780335437, 0.000228584699528661, 0.00174395453536951, 4.352443651474142e-05]
3292722958	[-0.00010395587061031307, -0.00010395587065705297, 0.0004562456186145545, 0.9175011059930889, 0.0003117448912368196]	[0.00012731941938102858, 0.000127319419438273, 0.0005601968630463923, 0.016172376159771837, 9.672842203486777e-05]
2173684107	[-0.00026415091801335397, -0.00026415091813211964, 0.0011610741205621976, 0.8973547351415802, 0.00019738899891501895]	[2.9658424917069868e-06, 2.96584249304047e-06, 1.3036346754663195e-05, 0.00041993659413387793, 2.7272383234277094e-06]
2413215217	[-0.0001559338059154696, -0.00015593380598557944, 0.0006854063121600332, 0.8056789833660121, 0.014398403452821978]	[0.00012731941938102855, 0.000127319419438273, 0.0005596319104249489, 0.21601674449451286, 0.01745949040224619]
22900494	[-0.0002598896765257827, -0.0002598896766426324, 0.0011423438536000553, 0.8979591836734693, 0.00019340295929344168]	[0.0, 0.0, 9.69739903612216e-20, 1.1102230246251565e-16, 0.0]
860264322311659520	[-5.197793530515653e-05, -5.1977935328526484e-05, 0.00022846877072001107, 0.9059926707195778, 0.0004975726126168349]	[0.00010395587061031308, 0.00010395587065705297, 0.0004569375414400222, 0.004016743523054256, 0.0001520848266616966]
311380778	[-0.00020791174437808732, -0.00020791174447378483, 0.001195325894015125, 0.8867883995703544, 0.00028903423784786074]	[0.00010395586429539071, 0.00010395586433769514, 0.00010596408083013962, 0.02234156820622988, 0.0001912625571088382]
474708096	[-0.0002598896765257827, -0.0002598896766426324, 0.0011423438536000553, 0.8979591836734693, 0.00019340295929344168]	[0.0, 0.0, 9.69739903612216e-20, 1.1102230246251565e-16, 0.0]
1653321740	[-0.00010395587061031309, -0.00010395587065705297, 0.0004562450594764651, 0.9203777644041649, 0.00030692798570469096]	[0.00012731941938102858, 0.000127319419438273, 0.0005601973195805585, 0.01832988674433399, 9.26927985882106e-05]
890041069639016448	[-0.00011221834936866802, -0.00011221834941912284, 0.0004932552280495206, 0.7491187161989752, 0.0034181810307725227]	[0.00013805835103543473, 0.00013805835109750755, 0.0006068348341179347, 0.12427689945520531, 0.003168389322332597]
1143130812	[-0.00010395587061031307, -0.00010395587065705297, 0.00045554234741607065, 0.8514777465158098, 0.0006083971146119436]	[0.00012731941938102855, 0.000127319419438273, 0.0005607710885476076, 0.044577334944119536, 0.0003402711482542408]
4376048613	[-0.0003047193070183403, -0.00030471930715534603, 0.00133939228406071, 0.9030658918898409, 0.00023276906218259557]	[2.2415112985227543e-05, 2.2415112995305693e-05, 9.852552394047934e-05, 0.007416839825559596, 1.9683098903968424e-05]
1005305156	[-0.00010395587061031307, -0.00010395587065705297, 0.0004562453081681442, 0.9190721549618349, 0.00030850444383787235]	[0.00012731941938102858, 0.000127319419438273, 0.0005601971165246529, 0.01724021882587843, 9.399132985423831e-05]
37105136	[-0.0002598896765257827, -0.0002598896766426324, 0.0011423438536000553, 0.8979591836734693, 0.00019340295929344168]	[0.0, 0.0, 1.3714193236627739e-19, 1.1102230246251565e-16, 0.0]
818479808837455873	[-0.000299535875915278, -0.00029953587605024377, 0.0011238689539907916, 0.8951653969805964, 0.00022905653037910868]	[3.2540744370593556e-05, 3.2540744385460813e-05, 1.8859553857131128e-05, 0.002313834471478241, 2.929111002748898e-05]
756914316566224896	[-0.0003295292539833743, -0.00032952925412989156, 0.0011462207271043256, 0.89376441950184, 0.0002588814052656414]	[0.0001392791549151833, 0.00013927915497451848, 7.753747008540412e-06, 0.008389528343258812, 0.00013095689194439939]
849608792098705408	[-0.0003422823327713289, -0.00034228233292565467, 0.0012184121014296935, 0.8978561053582972, 0.0002655275710303865]	[4.120643924168122e-05, 4.1206439260423796e-05, 3.8161276647332846e-05, 0.00027367691392741903, 3.606388051440072e-05]
11985982	[-6.992002777487162e-95, -6.992002777487162e-95, -6.992002777487161e-75, 0.6028119507908611, 0.01222554890219561]	[0.0, 0.0, 0.0, 0.0, 0.0]
3372055939	[-5.197793530515653e-05, -5.1977935328526484e-05, 0.00022581125642295424, 0.880054017734403, 0.0010698341639643514]	[0.00010395587061031308, 0.00010395587065705297, 0.00045826629902504635, 0.010465835161644097, 0.0004440938979044894]
562662319	[-0.00010395587061031307, -0.00010395587065705297, 0.0004562450594764652, 0.9203777644041649, 0.00030692798570469096]	[0.00012731941938102858, 0.000127319419438273, 0.0005601973195805586, 0.01832988674433399, 9.26927985882106e-05]
847424832400629760	[-0.0001559338059154696, -0.00015593380598557944, 0.0006854063121600332, 0.7514008623167576, 0.005402359972997034]	[0.00012731941938102855, 0.000127319419438273, 0.0005596319104249489, 0.17961787647893962, 0.006382839086911902]
886794351459827713	[-0.00032930771516121793, -0.0003293077153092789, 0.0014474705166676502, 0.886844474223798, 0.0002573499213431564]	[0.00011000072309249704, 0.00011000072314195478, 0.0004835076621581524, 0.018745770696160104, 0.0001019011495068863]
817189988462800896	[-5.197793530515653e-05, -5.1977935328526484e-05, 0.00022754537851571002, 0.9285522063810419, 0.0003447859201570887]	[0.00010395587061031308, 0.00010395587065705297, 0.00045739923754217266, 0.015296511353786223, 7.569148043182353e-05]
3664826895	[-5.197793530515653e-05, -5.1977935328526484e-05, 0.00022583233382781164, 0.8763123009406183, 0.0011712289193026983]	[0.00010395587061031308, 0.00010395587065705297, 0.00045825575988717475, 0.010825386767902966, 0.0004889145071648215]
80172249	[-5.197793530515653e-05, -5.1977935328526484e-05, 0.00022754537851571002, 0.9285522063810419, 0.0003447859201570887]	[0.00010395587061031308, 0.00010395587065705297, 0.00045739923754217266, 0.015296511353786223, 7.569148043182353e-05]
65375944	[-3.254721819267352e-05, -3.254721819267352e-05, 0.009850625827785526, 0.641641676561173, 0.009075625658418332]	[8.537220681676325e-06, 8.537220681676325e-06, 0.002583844986277692, 0.03619706899426875, 0.0016692890637519952]
