532655237	[-5.180842176814706e-05, 1.245312172893797e-11, -5.180706409920259e-05, 0.9172724385503098, 0.0004211792663869618]	[0.00010361375426457492, 2.5192320409562248e-11, 0.00010361443311528376, 0.015883699392095985, 0.00014235673747152596]
552278840	[-0.00025903593028180804, 6.283773610516486e-11, -0.00025903593028180804, 0.8979591836734693, 0.00019340295929344168]	[0.0, 0.0, 0.0, 1.1102230246251565e-16, 0.0]
892926801860677632	[-0.0002793466256810294, 6.083603913172393e-11, -0.00027934670356463546, 0.8959316228491906, 0.00021131889283845586]	[1.658815266525067e-05, 1.6364543624713832e-12, 1.658821694249914e-05, 0.001657162100581973, 1.4632643269058142e-05]
905719296134971392	[1.7524926222430484e-08, 0.0, 0.0018573671352222695, 0.8660802839310989, 0.003916344977492433]	[7.794177233953967e-11, 0.0, 6.0049103216201174e-06, 0.0013721132999614978, 2.682632713481335e-05]
377925526	[-0.00025903593028180804, 6.283773610516486e-11, -0.00025903593028180804, 0.8979591836734693, 0.00019340295929344168]	[0.0, 0.0, 0.0, 1.1102230246251565e-16, 0.0]
3545097856	[-0.00010361967217714916, 2.2150071272633972e-11, 0.0003561582831362332, 0.8784556220775247, 0.0009323784603551315]	[0.00012689684336303497, 3.322133922169475e-11, 0.0005023039718623524, 0.015924591359002087, 0.0006033709700062227]
890502281887612928	[-0.00010361869354609569, 1.9553522685256463e-11, 0.00021452007026490343, 0.8571994516190411, 0.0006633346135127979]	[0.00012689764241194412, 3.5341412265501207e-11, 0.0003866568553241982, 0.0332801818619709, 0.00038369758893981473]
3398737828	[-0.0002684571443689077, 6.270373263460403e-11, -0.0002684572361575287, 0.896712198967838, 0.00020188975137622753]	[1.8842428174199408e-05, 2.680069411216652e-13, 1.884261175144127e-05, 0.002493969411262631, 1.697358416557173e-05]
1664655710	[-0.0003310334652954212, 3.631645783602545e-11, -0.00033102949595927196, 0.889291545491627, 0.0002602544216200005]	[8.828922678883657e-05, 3.2481818263691553e-11, 8.828436882349374e-05, 0.010659513883721453, 8.196543455438811e-05]
743729451708481536	[-5.18044448755812e-05, -1.4768980751659834e-11, -5.1798771447946954e-05, 0.8897041962852557, 0.0053185469243566]	[0.00010361574270311342, 3.8803358428412346e-11, 0.00010361857941693056, 0.0041274936941068764, 0.0025625719825315787]
211577392	[-0.00010363458466368786, 6.09508484688287e-11, 0.0037087472721278403, 0.6781220842792014, 0.011000852498580517]	[0.0001268846673756491, 6.54084679914358e-11, 0.004609446405001222, 0.25412632525512957, 0.013054618156990008]
751805919743315969	[-0.00015542648549974263, 1.621375502695132e-11, 0.002156765035612817, 0.7247404224847833, 0.004390809889569881]	[0.0001268951361245646, 5.710248170940053e-11, 0.0029587398432822888, 0.21214878939464762, 0.005140752610999582]
909435307304607744	[-0.000349174204087345, 2.433792828524821e-11, -0.00034916867662978374, 0.8891496109077671, 0.000275980574540212]	[7.632972445430741e-05, 3.143503011944434e-11, 7.632514902698183e-05, 0.008273107749281323, 7.009844124017952e-05]
222496251	[-0.00031861473397518916, 3.717286396716265e-11, -0.0003186110297020821, 0.8920699186042496, 0.00024828066822407034]	[7.296885325295345e-05, 3.143292052640358e-11, 7.296431646377888e-05, 0.007212876408384427, 6.721119539611822e-05]
876224066759405568	[-0.00043347434056360216, 1.2567547221032971e-11, -0.00043346561926526354, 0.9375254160704873, 0.4504287445331814]	[0.0007442230567710074, 2.5135094442065946e-11, 0.000744205795428925, 0.08382905665484479, 0.3668987794046125]
54219545	[-0.00012103879114815754, -1.1093612344743778e-11, 0.002359544568887596, 0.7181494909249362, 0.004734310525260884]	[0.00015076751342758327, 4.382765482326795e-11, 0.002994889448982745, 0.20758922512045927, 0.005389853298532702]
1028440310	[-0.00010361713015544357, 2.2515873439467313e-11, 7.005118770332262e-06, 0.8610416637437567, 0.0006316360453776737]	[0.00012689891891574164, 3.292276825632192e-11, 0.0002966068334344844, 0.030560474868578175, 0.0003603355385781467]
179181381	[1.3034577993727774e-09, 1.0591256446620371e-09, 2.7243193456386226e-09, 0.5833333333333334, 0.013725490196078433]	[0.0, 0.0, 0.0, 0.0, 1.734723475976807e-18]
25816024	[-0.00025903593028180804, 6.283773610516486e-11, -0.00025903593028180804, 0.8979591836734693, 0.00019340295929344168]	[0.0, 0.0, 0.0, 1.1102230246251565e-16, 0.0]
569257486	[-0.00025903593028180804, 6.283773610516486e-11, -0.00025903593028180804, 0.8979591836734693, 0.00019340295929344168]	[0.0, 0.0, 0.0, 1.1102230246251565e-16, 0.0]
20447568	[-0.0002841195462933193, 5.0396006717948644e-11, -0.0002841177688660872, 0.8992446157373927, 0.0002166023433451027]	[5.0167232023022414e-05, 2.4883458774432428e-11, 5.01636771685583e-05, 0.002570864127846484, 4.6398768103322034e-05]
3356627800	[-0.00023018562885203042, 3.6698390831291475e-11, -0.0001857781583803717, 0.8897291277179393, 0.0002460143035248556]	[0.00012337864578872512, 3.2017336374349385e-11, 0.00020869109937026603, 0.010863141313065889, 6.675095402445839e-05]
58429842	[-2.7676967615367565e-07, 1.254431057977363e-09, -2.7240918016644227e-07, 0.89543016860732, 0.004169429771905978]	[1.0160961302051243e-08, 4.3578081794598566e-11, 1.0421541132541747e-08, 0.0356919830695466, 0.00014666635798199306]
19590930	[-0.00042135592639302945, 3.683933577171551e-11, -0.0004213506196817973, 0.8832616987832944, 0.00034871853672769157]	[0.00019892333334922102, 3.1841415551500966e-11, 0.00019891683603355336, 0.018026218206717452, 0.00019035536882318888]
245957521	[-0.00035110959223562074, 4.980310792056969e-11, -0.0003511067485053589, 0.8944390958176992, 0.0002817801310834961]	[0.0001841473239076254, 2.6069256369190337e-11, 0.00018414163644710167, 0.0070401757115402305, 0.00017675434358010883]
3289816264	[-8.534329296602797e-09, 0.0, 0.0001563603516418415, 0.8927593487971535, 0.001150364280124884]	[3.794803946531316e-11, 0.0, 0.0003127361818620688, 0.005568988078908355, 1.029580448784111e-05]
714602578529665024	[-5.180955485597332e-05, 1.2476206923748593e-11, -5.1809058002742324e-05, 0.9285522063810419, 0.0003447859201570887]	[0.00010361318771291735, 2.5180764590708137e-11, 0.00010361343613953284, 0.015296511353786223, 7.569148043182353e-05]
826067879879651329	[-0.0001036233915493976, -1.4712126957662467e-11, 0.0012852405869149828, 0.655066520381325, 0.007552371891828688]	[0.0001268938065105356, 6.332748822874793e-11, 0.002831883564274156, 0.19893812015639925, 0.006011921217745517]
1631211283	[-0.00042369544126670213, 3.6782280776401105e-11, -0.00042368930793599017, 0.8754865116756267, 0.0003552975743841557]	[0.00021474500979000934, 3.1911693365177723e-11, 0.0002147371594575013, 0.027523315876833022, 0.0002142463835097051]
117754884	[-5.181758720664114e-05, -3.733506816815412e-11, 0.005317663576589056, 0.5368903828596384, 0.009525906209477403]	[0.00010360917153761388, 5.008780181483628e-11, 0.002788640825490889, 0.1805388535362526, 0.004666972304593162]
42401449	[-0.00025903593028180804, 6.283773610516486e-11, -0.00025903593028180804, 0.8979591836734693, 0.00019340295929344168]	[0.0, 0.0, 0.0, 1.1102230246251565e-16, 0.0]
223782598	[-0.0002783126648745234, 4.9661657313080055e-11, -0.0002783113036622928, 0.8965815968636177, 0.00021089862543514768]	[3.855346918543074e-05, 2.63521575841696e-11, 3.855074676096955e-05, 0.0027551736197034328, 3.499133228341202e-05]
786863976030220289	[-0.00010361444908069258, 2.5031961426886728e-11, -0.00010361278521719917, 0.9039842989580509, 0.00042153019928598657]	[0.0001269011080034336, 3.0868285764138093e-11, 0.00012690246654228712, 0.004919486029556082, 0.0001862651114703917]
1707513156	[-0.00011849108494460471, 2.5731024941624286e-11, -0.00011849076277783723, 0.8950256079620983, 0.0007778586620396458]	[0.00014700370889952175, 3.1528024037679495e-11, 0.00014700429393867077, 0.002431305368499013, 0.000450415666196294]
2920256952	[-2.955725665124236e-09, -1.1415076484435889e-13, -2.3167961996926752e-09, 0.9340957168579997, 0.00038258288342705646]	[2.6369247658659437e-12, 1.230338056092744e-17, 1.1568388114800061e-11, 0.0010523725999675992, 2.4388472972028916e-08]
2906686402	[-0.00046328718746946557, 3.670320708907506e-11, -0.00046327980225046157, 0.8667956814933355, 0.0004012137081793347]	[0.00026021752843791444, 3.2008975755017865e-11, 0.0002602084260467793, 0.039275138186001896, 0.0002674086052563246]
359850032	[-0.0003200275653844781, 5.4981596351856574e-11, -0.00032002474874745745, 0.8894211042466325, 0.00025015161209112133]	[0.00012198327020534005, 1.571227950661658e-11, 0.00012197763693129886, 0.017076158853674084, 0.00011349730559535934]
845781575170244610	[-5.180931568996938e-05, 1.0222477782989432e-11, 0.0003754064357969282, 0.7320636894355227, 0.002646604377532307]	[0.00010361330730200968, 2.6312213560475687e-11, 0.0007834126744594711, 0.1268226570294153, 0.001947991482166579]
857912957346471936	[-0.00015542313858354996, 3.598929268421366e-11, -4.6888081824656685e-05, 0.879770173420186, 0.0002874654111038327]	[0.00012689923524300659, 3.288249338671117e-11, 0.00025982699041767935, 0.022277013852696093, 0.00011520251641144898]
791162759228624896	[-0.00025903593028180804, 6.283773610516486e-11, -0.00025903593028180804, 0.8979591836734693, 0.00019340295929344168]	[0.0, 0.0, 0.0, 1.1102230246251565e-16, 0.0]
878977884999876610	[-0.00010361646905899746, 2.4024008508305664e-11, 6.752212124900921e-05, 0.8834218842404706, 0.0003457253714549639]	[0.0001268994586980543, 3.1691275976334346e-11, 0.000266633816020702, 0.012616757067989356, 0.0001243713033064985]
1274709210	[-0.00025903593028180804, 6.283773610516486e-11, -0.00025903593028180804, 0.8979591836734693, 0.00019340295929344168]	[0.0, 0.0, 0.0, 1.1102230246251565e-16, 0.0]
26203837	[-0.0002598261479515043, 6.071346107382227e-11, -0.00025982614623877966, 0.8979527493191648, 0.00019412168009105623]	[1.5804353393924055e-06, 4.2485500626851545e-12, 1.5804319139431582e-06, 1.2868708608992919e-05, 1.4374415952291322e-06]
142334501	[-0.0005744319222779641, 1.1609188845381905e-10, -0.0005744306417061612, 0.8822143174650883, 0.0005014680628255176]	[0.0001577021826965471, 2.6628049085464683e-11, 0.00015770154240445886, 0.007966868427920562, 0.00015403272252956042]
741963075985760256	[-0.0002175735032759666, 4.887864372354654e-11, -0.0001714792854950528, 0.8910581261864479, 0.0002383057493174924]	[0.00011061372470011943, 2.6460625104106216e-11, 0.0002019692822728963, 0.01130570683354234, 6.862568877659583e-05]
222036996	[-0.00010361614475704484, 2.5066607674173502e-11, -0.00010361575871992662, 0.9193253918041974, 0.00030690359723171897]	[0.00012689972348948962, 3.083999722168647e-11, 0.0001269000386874768, 0.01744543588612954, 9.267288280971912e-05]
36327895	[-0.00025903593028180804, 6.283773610516486e-11, -0.00025903593028180804, 0.8979591836734693, 0.00019340295929344168]	[0.0, 0.0, 0.0, 1.1102230246251565e-16, 0.0]
809247439383392257	[-5.1807288680320805e-05, 1.243003653412735e-11, -5.180507019566285e-05, 0.9059926707195778, 0.0004975726126168349]	[0.00010361432080074362, 2.5203849785518753e-11, 0.0001036154300430726, 0.004016743523054256, 0.0001520848266616966]
422684232	[-0.00025903593028180804, 6.283773610516486e-11, -0.00025903593028180804, 0.8979591836734693, 0.00019340295929344168]	[0.0, 0.0, 0.0, 1.1102230246251565e-16, 0.0]
388187529	[-0.00010361647945308023, 2.402231469215383e-11, 6.778309282955388e-05, 0.8858966983797917, 0.00034588981591427494]	[0.00012689945021132122, 3.169265900247681e-11, 0.00026684698573594583, 0.010827774523444389, 0.00012450501132703766]
800434576350789632	[-0.00033400887340862977, 1.165143173152172e-11, -0.00033400292193705656, 0.8928495426053076, 0.0002594290372331142]	[3.7538984307950616e-05, 2.559315299796003e-11, 3.7536010368559406e-05, 0.0025573581409645487, 3.305799397100619e-05]
827106904245731328	[-0.002683801169122122, -5.297776738893955e-13, -0.002683783869238047, 0.887637231616319, 0.0025583065273753073]	[0.0009339726904051416, 1.059555347778791e-12, 0.0009339734144598348, 0.02110955456593492, 0.0009212795552132792]
86711514	[-2.6420079439633288e-09, 1.189849405526144e-10, -2.603032318080417e-09, 0.6717948717948717, 0.014669652855543114]	[0.0, 0.0, 0.0, 0.0, 0.0]
819581851903938562	[-5.1807288680320805e-05, 1.243003653412735e-11, -5.180507019566285e-05, 0.9059926707195778, 0.0004975726126168349]	[0.00010361432080074362, 2.5203849785518753e-11, 0.0001036154300430726, 0.004016743523054256, 0.0001520848266616966]
293013635	[-0.00010361649240077484, 2.4025486468476472e-11, 6.729430950728663e-05, 0.8795456866415968, 0.0003455484982949048]	[0.00012689943963958085, 3.169006919695849e-11, 0.0002664477240763077, 0.015276848024287484, 0.0001242275217961233]
2368436134	[-1.1444536564895519e-08, -6.638531050095598e-11, -1.858281645780596e-08, 0.7381974248927039, 0.008838643371017472]	[0.0, 0.0, 0.0, 0.0, 0.0]
2862964321	[-0.0004540865569386849, 9.428796184551071e-11, -0.0004540869473467129, 0.8624799286535344, 0.00037461217884367226]	[9.884652460624218e-05, 1.606193655706707e-11, 9.884672614144787e-05, 0.01799069240417948, 9.211852550385553e-05]
54851559	[-0.00015541732983142338, 3.5275289189722185e-11, -0.000155418441334226, 0.8027465280841799, 0.03321703863804082]	[0.0001269063495325288, 3.397444363083689e-11, 0.0001269049882088957, 0.12072001603450705, 0.05654751106078077]
777573276692451328	[-0.00045241164342699186, 3.673851880417097e-11, -0.000452405439102164, 0.8862225057359601, 0.0003839094491562988]	[0.0002395503681912582, 3.196509572244324e-11, 0.0002395426101051112, 0.014426083048746355, 0.00023684258988149347]
560467206	[-0.00025903593028180804, 6.283773610516486e-11, -0.00025903593028180804, 0.8979591836734693, 0.00019340295929344168]	[0.0, 0.0, 0.0, 1.1102230246251565e-16, 0.0]
140101267	[-0.002592409128469658, 1.2567547221032971e-11, -0.002592413504516976, 0.9079462720986508, 0.0018283929875958838]	[0.001166692586886252, 2.5135094442065946e-11, 0.0011666947759006899, 0.005236166739196471, 0.0008355067379584141]
862688770205863937	[-1.9437406162133256e-09, 0.0, 0.0028634192891974306, 0.7876554719850123, 0.010122752698299596]	[1.8447144404746504e-09, 0.0, 0.002716969071731803, 0.14599906953075883, 0.002050624691552125]
474013625	[-0.00025903593028180804, 6.283773610516486e-11, -0.00025903593028180804, 0.8979591836734693, 0.00019340295929344168]	[0.0, 0.0, 0.0, 1.1102230246251565e-16, 0.0]
801355099796803584	[-0.00025903593028180804, 6.283773610516486e-11, -0.00025903593028180804, 0.8979591836734693, 0.00019340295929344168]	[0.0, 0.0, 0.0, 1.1102230246251565e-16, 0.0]
21422783	[-0.00025903593028180804, 6.283773610516486e-11, -0.00025903593028180804, 0.8979591836734693, 0.00019340295929344168]	[0.0, 0.0, 0.0, 1.1102230246251565e-16, 0.0]
39475170	[-0.00025903593028180804, 6.283773610516486e-11, -0.00025903593028180804, 0.8979591836734693, 0.00019340295929344168]	[0.0, 0.0, 0.0, 1.1102230246251565e-16, 0.0]
875915736300040192	[-0.00020722898527650272, 4.981365103575265e-11, -0.00013690405307694608, 0.8831635450743998, 0.0002662307332831148]	[0.00010361389001061063, 2.604817013882444e-11, 0.0002442637544097239, 0.02959127719813934, 0.0001456555479793463]
192463771	[-0.0003143682067043122, 3.722177507523938e-11, -0.00031436518871312986, 0.8919599783594, 0.00024282029963839828]	[6.776792177088365e-05, 3.137301689716805e-11, 6.77642255016612e-05, 0.007347495940831543, 6.0523634145298254e-05]
884586449831686145	[-0.0003278023907815369, 3.706797879953831e-11, -0.00032779864571952464, 0.8887669043963173, 0.0002559320668367164]	[8.956607377032854e-05, 3.156138427062521e-11, 8.956141972943883e-05, 0.012025684105843908, 8.154424001779237e-05]
802492036268126208	[1.742939749733862e-08, 0.0, 0.0018333744370782183, 0.8285176274592265, 0.003904212137617357]	[2.336972805669114e-10, 0.0, 4.5904676804430804e-05, 0.07602042822907974, 4.284076809166572e-05]
154172528	[-0.00010882560877334153, 2.3087866900080373e-11, 0.00035130488308858976, 0.877787616021197, 0.0009381215700559851]	[0.00013352673145512913, 3.440669436502088e-11, 0.0005090344201877172, 0.015198923370105602, 0.0005983430125202562]
288567673	[-0.0002633697082386285, 6.361255802477402e-11, -0.00026336975749055634, 0.8976776917663617, 0.0001972374141756933]	[8.667555913640952e-06, 1.5496438392183411e-12, 8.667654417496632e-06, 0.0005629838142153342, 7.668909764503203e-06]
704221216912105473	[-0.00025903593028180804, 6.283773610516486e-11, -0.00025903593028180804, 0.8979591836734693, 0.00019340295929344168]	[0.0, 0.0, 0.0, 1.1102230246251565e-16, 0.0]
465965880	[-6.004557432098987e-05, 1.3783795558151082e-10, 0.004349206711473224, 0.6351900302323931, 0.008453819026904844]	[0.00011999408833740638, 2.4019581280931066e-10, 0.003254989894991139, 0.15763354396616655, 0.005482193014808297]
1156991923	[-0.00022064356131751666, 5.331160905651616e-11, -0.0001827210109465196, 0.8985870930593787, 0.0002265369581374097]	[0.0001133383516656817, 2.8004580463673066e-11, 0.00018797024882491513, 0.00174395453536951, 4.352443651474142e-05]
3292722958	[-0.00010361619323283749, 2.506665067972782e-11, -4.981036564163471e-05, 0.9175011059930889, 0.0003117448912368196]	[0.00012689968390920643, 3.0839962107831e-11, 0.0001970624496645192, 0.016172376159771837, 9.672842203486777e-05]
2173684107	[-0.00026328326392355256, 6.387153962567184e-11, -0.00026328330945118804, 0.8973547351415802, 0.00019738899891501895]	[2.9561699145897743e-06, 7.060335456729439e-13, 2.9562054068226084e-06, 0.00041993659413387793, 2.7272383234277094e-06]
2413215217	[-0.0001554311247440039, 3.7702641663098917e-11, 0.002170203069931891, 0.8056789833660121, 0.014398403452821978]	[0.00012688945447596132, 3.07840780098635e-11, 0.004730015662032821, 0.21601674449451286, 0.01745949040224619]
22900494	[-0.00025903593028180804, 6.283773610516486e-11, -0.00025903593028180804, 0.8979591836734693, 0.00019340295929344168]	[0.0, 0.0, 0.0, 1.1102230246251565e-16, 0.0]
860264322311659520	[-5.1807288680320805e-05, 1.243003653412735e-11, -5.180507019566285e-05, 0.9059926707195778, 0.0004975726126168349]	[0.00010361432080074362, 2.5203849785518753e-11, 0.0001036154300430726, 0.004016743523054256, 0.0001520848266616966]
311380778	[-0.0002072299410277013, 4.9036954786369685e-11, -0.00013329170033880006, 0.8867883995703544, 0.00028903423784786074]	[0.00010361197850821347, 2.7601562637590345e-11, 0.00025148845988601595, 0.02234156820622988, 0.0001912625571088382]
474708096	[-0.00025903593028180804, 6.283773610516486e-11, -0.00025903593028180804, 0.8979591836734693, 0.00019340295929344168]	[0.0, 0.0, 0.0, 1.1102230246251565e-16, 0.0]
1653321740	[-0.00010361614739396963, 2.5066595370792934e-11, -0.0001036157702883147, 0.9203777644041649, 0.00030692798570469096]	[0.0001268997213364496, 3.084000726735668e-11, 0.0001269000292419279, 0.01832988674433399, 9.26927985882106e-05]
890041069639016448	[-0.00011185326782176051, 3.4423949661404448e-12, 0.0013754651541095747, 0.7491187161989752, 0.0034181810307725227]	[0.00013760237211691724, 4.666695521985411e-11, 0.0015640742488526997, 0.12427689945520531, 0.003168389322332597]
1143130812	[-0.00010361691815037163, 2.2591497130779476e-11, -2.5537815490513034e-06, 0.8514777465158098, 0.0006083971146119436]	[0.00012689909201651282, 3.2861016514387636e-11, 0.0002791072734749543, 0.044577334944119536, 0.0003402711482542408]
4376048613	[-0.0003037189446124662, 6.230257354133105e-11, -0.0003037189653163179, 0.9030658918898409, 0.00023276906218259557]	[2.2341803851625213e-05, 2.6854535140853025e-13, 2.2341814168954787e-05, 0.007416839825559596, 1.9683098903968424e-05]
1005305156	[-0.00010361614227951307, 2.5066619970926867e-11, -0.00010361572784460054, 0.9190721549618349, 0.00030850444383787235]	[0.00012689972551238585, 3.083998718143143e-11, 0.00012690006389707808, 0.01724021882587843, 9.399132985423831e-05]
37105136	[-0.00025903593028180804, 6.283773610516486e-11, -0.00025903593028180804, 0.8979591836734693, 0.00019340295929344168]	[0.0, 0.0, 0.0, 1.1102230246251565e-16, 0.0]
818479808837455873	[-0.0002991884121532628, 2.3591345419959652e-11, -0.00029918437373820426, 0.8951653969805964, 0.00022905653037910868]	[3.295199233138487e-05, 3.204455452031036e-11, 3.294870976866866e-05, 0.002313834471478241, 2.929111002748898e-05]
756914316566224896	[-0.0003288415339435965, 4.9875392569536905e-11, -0.00032883852569613465, 0.89376441950184, 0.0002588814052656414]	[0.00013961120732357686, 2.5924687071255914e-11, 0.00013960519082865323, 0.008389528343258812, 0.00013095689194439939]
849608792098705408	[-0.00034210306914475255, 1.1625157418943102e-11, -0.00034209691512204494, 0.8978561053582972, 0.0002655275710303865]	[4.154359737008427e-05, 2.56062895145533e-11, 4.154052043005564e-05, 0.00027367691392741903, 3.606388051440072e-05]
11985982	[-2.2294962388049083e-08, 0.0, 0.005952485391284545, 0.6028119507908611, 0.01222554890219561]	[0.0, 0.0, 0.0, 0.0, 0.0]
3372055939	[-5.1814307727598587e-05, 1.1571776455156508e-11, 0.0005686002320734541, 0.880054017734403, 0.0010698341639643514]	[0.00010361081127713983, 2.57054080404732e-11, 0.00041384429203488934, 0.010465835161644097, 0.0004440938979044894]
562662319	[-0.00010361614739396963, 2.5066595370792934e-11, -0.0001036157702883147, 0.9203777644041649, 0.00030692798570469096]	[0.0001268997213364496, 3.084000726735668e-11, 0.0001269000292419279, 0.01832988674433399, 9.26927985882106e-05]
847424832400629760	[-0.00015542267347552335, 3.7702641663098917e-11, 0.0025688120220680754, 0.7514008623167576, 0.005402359972997034]	[0.00012689980488468302, 3.07840780098635e-11, 0.003466485910603457, 0.17961787647893962, 0.006382839086911902]
886794351459827713	[-0.00032822662989777536, 7.183024451353765e-11, -0.000328226889129595, 0.886844474223798, 0.0002573499213431564]	[0.00010964034528537596, 1.760881863537627e-11, 0.00010964069461409675, 0.018745770696160104, 0.0001019011495068863]
817189988462800896	[-5.180955485597332e-05, 1.2476206923748593e-11, -5.1809058002742324e-05, 0.9285522063810419, 0.0003447859201570887]	[0.00010361318771291735, 2.5180764590708137e-11, 0.00010361343613953284, 0.015296511353786223, 7.569148043182353e-05]
3664826895	[-5.181428327385993e-05, 8.571439591484196e-12, 0.0005636992131140396, 0.8763123009406183, 0.0011712289193026983]	[0.00010361082350397446, 2.713314829769766e-11, 0.0004113676356234428, 0.010825386767902966, 0.0004889145071648215]
80172249	[-5.180955485597332e-05, 1.2476206923748593e-11, -5.1809058002742324e-05, 0.9285522063810419, 0.0003447859201570887]	[0.00010361318771291735, 2.5180764590708137e-11, 0.00010361343613953284, 0.015296511353786223, 7.569148043182353e-05]
65375944	[-4.39892290216492e-07, 1.9834611007440767e-09, 0.0049247649952396475, 0.641641676561173, 0.009075625658418332]	[1.1027474003665285e-07, 5.197988487777417e-10, 0.0012917884903491867, 0.03619706899426875, 0.0016692890637519952]
