532655237	[0.001068584366788886, 7.048113387340699e-07, 0.0368943729054258, 0.9172724385503098, 0.0004211792663869618]	[0.004678429688045715, 0.0007020297910258943, 0.034106634708591814, 0.015883699392095985, 0.00014235673747152596]
552278840	[0.01022248305675564, 0.0012432012193004814, 0.10342570206350574, 0.8979591836734693, 0.00019340295929344168]	[0.0, 0.0, 0.0, 1.1102230246251565e-16, 0.0]
892926801860677632	[0.01091403055769713, 0.001195539801292762, 0.10448538399813614, 0.8959316228491906, 0.00021131889283845586]	[0.0005648281187071206, 3.8989784844378116e-05, 0.0008893974187303195, 0.001657162100581973, 1.4632643269058142e-05]
905719296134971392	[0.0035598587060122777, 0.0031058397409553773, 0.09599652319187485, 0.8660802839310989, 0.003916344977492433]	[1.149200622040721e-05, 1.0034798318388264e-05, 0.0012191871435389755, 0.0013721132999614978, 2.682632713481335e-05]
377925526	[0.010222483056755641, 0.0012432012193004814, 0.10342570206350574, 0.8979591836734693, 0.00019340295929344168]	[0.0, 0.0, 1.3877787807814457e-17, 1.1102230246251565e-16, 0.0]
3545097856	[0.00028117232307426525, -0.0007113118353093798, 0.08654790222776657, 0.8784556220775247, 0.0009323784603551315]	[0.008117046223990947, 0.0015958532264675582, 0.013780665859463559, 0.015924591359002087, 0.0006033709700062227]
890502281887612928	[0.0007220833924150075, -0.00035021696941944807, 0.09172202732626382, 0.8571994516190411, 0.0006633346135127979]	[0.007757043843381044, 0.0013010205030778727, 0.009556010407248235, 0.0332801818619709, 0.00038369758893981473]
3398737828	[0.010522185819518875, 0.0012074578521458113, 0.10428206000164497, 0.896712198967838, 0.00020188975137622753]	[0.0005994055255264662, 7.14867343093402e-05, 0.0017127158762784366, 0.002493969411262631, 1.697358416557173e-05]
1664655710	[0.011942201978990161, 0.0010548448515641546, 0.09544317208719719, 0.889291545491627, 0.0002602544216200005]	[0.0021089656148913696, 0.00023158463584394237, 0.009776716752206992, 0.010659513883721453, 8.196543455438811e-05]
743729451708481536	[0.0029018075954365596, 0.0011444223207544035, 0.05147797667678664, 0.8897041962852557, 0.0053185469243566]	[0.0036603377306595407, 4.938944927303928e-05, 0.025973862693359544, 0.0041274936941068764, 0.0025625719825315787]
211577392	[-0.002569853590338669, -0.0017941545092381359, 0.12618814712163848, 0.6781220842792014, 0.011000852498580517]	[0.011902187049857559, 0.0034349017569726037, 0.03144278149153151, 0.25412632525512957, 0.013054618156990008]
751805919743315969	[0.003433033030615393, -0.0008481601721456589, 0.09797921621311315, 0.7247404224847833, 0.004390809889569881]	[0.00831534409908476, 0.002561384138400038, 0.006670555612375183, 0.21214878939464762, 0.005140752610999582]
909435307304607744	[0.012564721758508266, 0.0010111049134910058, 0.09711298779859176, 0.8891496109077671, 0.000275980574540212]	[0.001987496292941638, 0.00019686590863269858, 0.010043341474180123, 0.008273107749281323, 7.009844124017952e-05]
222496251	[0.011557204652329036, 0.0010220722962343948, 0.09467969782425265, 0.8920699186042496, 0.00024828066822407034]	[0.0016346943650106796, 0.00027082652908916007, 0.010711629005994702, 0.007212876408384427, 6.721119539611822e-05]
876224066759405568	[0.016988827472962032, 0.0014139801090420662, 0.10010419871613278, 0.9375254160704873, 0.4504287445331814]	[0.02913665556596265, 0.002258285879263094, 0.1538033116609853, 0.08382905665484479, 0.3668987794046125]
54219545	[0.0014322057700079786, -0.0013383326837437153, 0.08096919646514153, 0.7181494909249362, 0.004734310525260884]	[0.008241448961290318, 0.0023454688878316527, 0.03052080790996258, 0.20758922512045927, 0.005389853298532702]
1028440310	[0.0022904538688435366, -0.0002717709736346047, 0.08766387030821163, 0.8610416637437567, 0.0006316360453776737]	[0.006477830464920351, 0.0012379133523496195, 0.014191485692579945, 0.030560474868578175, 0.0003603355385781467]
179181381	[2.3625313562346067e-07, 2.3382867532671676e-07, 0.023529411764705858, 0.5833333333333334, 0.013725490196078433]	[0.0, 2.6469779601696886e-23, 0.0, 0.0, 1.734723475976807e-18]
25816024	[0.010222483056755638, 0.0012432012193004818, 0.10342570206350576, 0.8979591836734693, 0.00019340295929344168]	[0.0, 0.0, 0.0, 1.1102230246251565e-16, 0.0]
569257486	[0.01022248305675564, 0.0012432012193004818, 0.10342570206350574, 0.8979591836734693, 0.00019340295929344168]	[0.0, 0.0, 0.0, 1.1102230246251565e-16, 0.0]
20447568	[0.010764377654649208, 0.0011429329456593413, 0.09841819122122956, 0.8992446157373927, 0.0002166023433451027]	[0.0010837891957871354, 0.00020053654728227936, 0.010015021684552428, 0.002570864127846484, 4.6398768103322034e-05]
3356627800	[0.008467950471975553, 0.0008041151903947872, 0.08869008339639022, 0.8897291277179393, 0.0002460143035248556]	[0.005155314733856441, 0.0007110123044473711, 0.021830368710214237, 0.010863141313065889, 6.675095402445839e-05]
58429842	[0.005941331999073934, 0.005728719033976817, 0.07859828098724644, 0.89543016860732, 0.004169429771905978]	[9.647417345472629e-05, 9.523085843399638e-05, 0.0021354306475476923, 0.0356919830695466, 0.00014666635798199306]
19590930	[0.01597896213633248, 0.0013520533493751915, 0.13663810232717183, 0.8832616987832944, 0.00034871853672769157]	[0.0070528731834064, 0.00013718209951041238, 0.04068356015319079, 0.018026218206717452, 0.00019035536882318888]
245957521	[0.013261722357762129, 0.0012611418898094493, 0.11984362337233556, 0.8944390958176992, 0.0002817801310834961]	[0.006078478602012975, 3.588134101793656e-05, 0.03283584261765959, 0.0070401757115402305, 0.00017675434358010883]
3289816264	[-0.006452065933408202, -0.0020925737748825825, 0.06144968617443129, 0.8927593487971535, 0.001150364280124884]	[9.784861402621634e-07, 6.076450025832222e-06, 0.0017204134754157884, 0.005568988078908355, 1.029580448784111e-05]
714602578529665024	[0.00020175610723857548, -0.0002917284241710472, 0.043626866723328606, 0.9285522063810419, 0.0003447859201570887]	[0.005010363474758532, 0.0007674648217357649, 0.029899417670088586, 0.015296511353786223, 7.569148043182353e-05]
826067879879651329	[-0.0010218274020333657, -0.0025620087852616293, 0.09942610187024128, 0.655066520381325, 0.007552371891828688]	[0.009183715909651986, 0.0031117530116143727, 0.0035912749403766756, 0.19893812015639925, 0.006011921217745517]
1631211283	[0.015974610836593777, 0.0014836501551512347, 0.13020469452492456, 0.8754865116756267, 0.0003552975743841557]	[0.007432000170216336, 0.00032216617604029414, 0.033082733654190705, 0.027523315876833022, 0.0002142463835097051]
117754884	[-0.004222876849033627, -0.0034495006224013773, 0.09338951632240351, 0.5368903828596384, 0.009525906209477403]	[0.007222833053058309, 0.002346515004848919, 0.005047660213931929, 0.1805388535362526, 0.004666972304593162]
42401449	[0.010222483056755641, 0.001243201219300482, 0.1034257020635057, 0.8979591836734693, 0.00019340295929344168]	[0.0, 0.0, 1.3877787807814457e-17, 1.1102230246251565e-16, 0.0]
223782598	[0.010640053626528898, 0.0011183758734959008, 0.10355024310318399, 0.8965815968636177, 0.00021089862543514768]	[0.0008351411395465149, 0.00024965069160916157, 0.0002490820793565274, 0.0027551736197034328, 3.499133228341202e-05]
786863976030220289	[0.004007180233943308, 0.0005306538399615068, 0.048477834831518685, 0.9039842989580509, 0.00042153019928598657]	[0.005074773504256711, 0.0005817924989792839, 0.044864745724188096, 0.004919486029556082, 0.0001862651114703917]
1707513156	[0.0006674217508784617, -0.0008121279708502256, 0.07828156262266688, 0.8950256079620983, 0.0007778586620396458]	[0.008749129719547069, 0.0015740926309216134, 0.021686216572667144, 0.002431305368499013, 0.000450415666196294]
2920256952	[-0.002302928615062886, -0.0006753146744428282, 0.0286707541760221, 0.9340957168579997, 0.00038258288342705646]	[2.4850753890231366e-07, 7.308029805076083e-08, 3.2018561311034087e-06, 0.0010523725999675992, 2.4388472972028916e-08]
2906686402	[0.016914514525026965, 0.0014769867888736968, 0.12746753122606166, 0.8667956814933355, 0.0004012137081793347]	[0.008480567610544075, 0.00030843185927044317, 0.02988344080751378, 0.039275138186001896, 0.0002674086052563246]
359850032	[0.01223983338267407, 0.001282535160783374, 0.11028184744082212, 0.8894211042466325, 0.00025015161209112133]	[0.004034700651836862, 7.86678829657844e-05, 0.013712290754632778, 0.017076158853674084, 0.00011349730559535934]
845781575170244610	[0.0009149251567916246, 0.00010168545298253192, 0.09483427805085258, 0.7320636894355227, 0.002646604377532307]	[0.004703093258272415, 0.0006419643142401454, 0.02413611505282772, 0.1268226570294153, 0.001947991482166579]
857912957346471936	[0.005078680029635322, 0.0003591867408573359, 0.07487861104988239, 0.879770173420186, 0.0002874654111038327]	[0.006299846380977405, 0.0010826922018873216, 0.03496290342028775, 0.022277013852696093, 0.00011520251641144898]
791162759228624896	[0.010222483056755641, 0.0012432012193004818, 0.1034257020635057, 0.8979591836734693, 0.00019340295929344168]	[0.0, 0.0, 1.3877787807814457e-17, 1.1102230246251565e-16, 0.0]
878977884999876610	[0.00261081992954869, -1.3368859862546352e-05, 0.05858068578537218, 0.8834218842404706, 0.0003457253714549639]	[0.006214897825034452, 0.001025985828663981, 0.036615821809234596, 0.012616757067989356, 0.0001243713033064985]
1274709210	[0.01022248305675564, 0.0012432012193004823, 0.10342570206350574, 0.8979591836734693, 0.00019340295929344168]	[0.0, 0.0, 1.3877787807814457e-17, 1.1102230246251565e-16, 0.0]
26203837	[0.010258500788336785, 0.0012475952146692808, 0.10329133265550361, 0.8979527493191648, 0.00019412168009105623]	[7.203546316228924e-05, 8.787990737598068e-06, 0.00026873881600426587, 1.2868708608992919e-05, 1.4374415952291322e-06]
142334501	[0.021270368353349035, 0.00209079273884865, 0.13553031570912624, 0.8822143174650883, 0.0005014680628255176]	[0.005524104379743604, 0.00042381509586503604, 0.016052670070293092, 0.007966868427920562, 0.00015403272252956042]
741963075985760256	[0.007969732402683971, 0.0008048548394051426, 0.0917373386163914, 0.8910581261864479, 0.0002383057493174924]	[0.005349417974615026, 0.0007908658118641064, 0.024097703015172646, 0.01130570683354234, 6.862568877659583e-05]
222036996	[0.0027073106059261947, 9.211360714391117e-05, 0.05857177277417623, 0.9193253918041974, 0.00030690359723171897]	[0.006136112611184481, 0.0009398590996741006, 0.03662307990591154, 0.01744543588612954, 9.267288280971912e-05]
36327895	[0.01022248305675564, 0.0012432012193004812, 0.10342570206350574, 0.8979591836734693, 0.00019340295929344168]	[0.0, 0.0, 1.3877787807814457e-17, 1.1102230246251565e-16, 0.0]
809247439383392257	[0.001935412626339199, 0.0002931380468485156, 0.030161879087522984, 0.9059926707195778, 0.0004975726126168349]	[0.004143535215208221, 0.0004750315862259834, 0.036631911487991387, 0.004016743523054256, 0.0001520848266616966]
422684232	[0.010222483056755641, 0.0012432012193004816, 0.10342570206350574, 0.8979591836734693, 0.00019340295929344168]	[0.0, 0.0, 1.3877787807814457e-17, 1.1102230246251565e-16, 0.0]
388187529	[0.0026057502708648284, -1.5609868915216125e-05, 0.058735795718474024, 0.8858966983797917, 0.00034588981591427494]	[0.006219036613407008, 0.0010278160443807861, 0.03648968838097065, 0.010827774523444389, 0.00012450501132703766]
800434576350789632	[0.012567484713784568, 0.0009552755827624268, 0.10714562105383203, 0.8928495426053076, 0.0002594290372331142]	[0.001174791437553857, 0.00014402653475577542, 0.001896420987095609, 0.0025573581409645487, 3.305799397100619e-05]
827106904245731328	[0.10178477681472028, 0.00854432917169139, 0.31380450517937375, 0.887637231616319, 0.0025583065273753073]	[0.03726087186811383, 0.0037574016487483927, 0.08043510121718092, 0.02110955456593492, 0.0009212795552132792]
86711514	[-0.001766471814187117, -0.0012731767770333162, 0.09435874284912711, 0.6717948717948717, 0.014669652855543114]	[0.0, 0.0, 0.0, 0.0, 0.0]
819581851903938562	[0.001935412626339199, 0.00029313804684851543, 0.030161879087522984, 0.9059926707195778, 0.0004975726126168349]	[0.004143535215208221, 0.00047503158622598307, 0.036631911487991387, 0.004016743523054256, 0.0001520848266616966]
293013635	[0.0026059524904555272, -1.9523298822557044e-05, 0.05876086530546407, 0.8795456866415968, 0.0003455484982949048]	[0.006218878675648275, 0.0010310744433850983, 0.03647023837363529, 0.015276848024287484, 0.0001242275217961233]
2368436134	[-0.008291990479600856, -0.004939783722560932, 0.05337872666117359, 0.7381974248927039, 0.008838643371017472]	[0.0, 0.0, 0.0, 0.0, 0.0]
2862964321	[0.01753926443025428, 0.0017411376318820545, 0.15628000802526104, 0.8624799286535344, 0.00037461217884367226]	[0.0037068688697856626, 0.00025364080422312534, 0.02666481306808036, 0.01799069240417948, 9.211852550385553e-05]
54851559	[0.0068015502097778565, 0.0014066406759805656, 0.10393581322363524, 0.8027465280841799, 0.03321703863804082]	[0.004248978909090638, 0.0007323400933589711, 0.022675654105437888, 0.12072001603450705, 0.05654751106078077]
777573276692451328	[0.016282383202834847, 0.0012497303629906433, 0.12809723908145715, 0.8862225057359601, 0.0003839094491562988]	[0.007473667608091106, 6.26002389009643e-05, 0.03233268163818675, 0.014426083048746355, 0.00023684258988149347]
560467206	[0.01022248305675564, 0.0012432012193004818, 0.10342570206350574, 0.8979591836734693, 0.00019340295929344168]	[0.0, 0.0, 1.3877787807814457e-17, 1.1102230246251565e-16, 0.0]
140101267	[0.09591831922462055, 0.006560767223650184, 0.2938688728836155, 0.9079462720986508, 0.0018283929875958838]	[0.04284805918312852, 0.0026647949296115894, 0.0952329323496589, 0.005236166739196471, 0.0008355067379584141]
862688770205863937	[-0.001488993647992577, -0.0017090730877516755, 0.1371055610827298, 0.7876554719850123, 0.010122752698299596]	[0.0018130970905005507, 0.0015372756001870486, 0.01285194218522278, 0.14599906953075883, 0.002050624691552125]
474013625	[0.010222483056755641, 0.0012432012193004812, 0.10342570206350574, 0.8979591836734693, 0.00019340295929344168]	[0.0, 0.0, 0.0, 1.1102230246251565e-16, 0.0]
801355099796803584	[0.01022248305675564, 0.001243201219300482, 0.10342570206350574, 0.8979591836734693, 0.00019340295929344168]	[0.0, 0.0, 0.0, 1.1102230246251565e-16, 0.0]
21422783	[0.010222483056755643, 0.0012432012193004823, 0.10342570206350576, 0.8979591836734693, 0.00019340295929344168]	[0.0, 0.0, 0.0, 1.1102230246251565e-16, 0.0]
39475170	[0.010222483056755643, 0.0012432012193004816, 0.10342570206350572, 0.8979591836734693, 0.00019340295929344168]	[0.0, 0.0, 0.0, 1.1102230246251565e-16, 0.0]
875915736300040192	[0.008033994499574499, 0.0009796429089315036, 0.08834208814901294, 0.8831635450743998, 0.0002662307332831148]	[0.004376977114362287, 0.0005271166207379564, 0.030167227828985548, 0.02959127719813934, 0.0001456555479793463]
192463771	[0.011663398106171714, 0.000994337747880158, 0.10434005459879703, 0.8919599783594, 0.00024282029963839828]	[0.0017647533168832958, 0.0003047942602987484, 0.0011198485782418848, 0.007347495940831543, 6.0523634145298254e-05]
884586449831686145	[0.012165435298023617, 0.0010723211895967912, 0.10007159707036313, 0.8887669043963173, 0.0002559320668367164]	[0.0024672523571835255, 0.0002108752758999835, 0.010451045828568253, 0.012025684105843908, 8.154424001779237e-05]
802492036268126208	[0.00352325867389749, 0.003075104597543332, 0.09619955273840473, 0.8285176274592265, 0.003904212137617357]	[6.938840850177895e-05, 5.817134252558172e-05, 0.0011169276644354736, 0.07602042822907974, 4.284076809166572e-05]
154172528	[0.0004534131981093689, -0.0007149005659423265, 0.08701902974262853, 0.877787616021197, 0.0009381215700559851]	[0.008338558588649065, 0.0015933553990325636, 0.014303616251251173, 0.015198923370105602, 0.0005983430125202562]
288567673	[0.01034908961237453, 0.0012197765614576227, 0.10337101373184572, 0.8976776917663617, 0.0001972374141756933]	[0.00025321311123778224, 4.684931568571691e-05, 0.00010937666332003771, 0.0005629838142153342, 7.668909764503203e-06]
704221216912105473	[0.010222483056755641, 0.0012432012193004816, 0.10342570206350576, 0.8979591836734693, 0.00019340295929344168]	[0.0, 0.0, 0.0, 1.1102230246251565e-16, 0.0]
465965880	[-0.0038485980717036217, -0.0004762917624187577, 0.10858673597235984, 0.6351900302323931, 0.008453819026904844]	[0.009512091411168657, 0.0030780464368103397, 0.018073368995721813, 0.15763354396616655, 0.005482193014808297]
1156991923	[0.008752620254798126, 0.001018514474054159, 0.10028494584002334, 0.8985870930593787, 0.0002265369581374097]	[0.0041700093668489814, 0.0003935856063911767, 0.008246644206944294, 0.00174395453536951, 4.352443651474142e-05]
3292722958	[0.0026963846022931733, 9.433753947736537e-05, 0.059244937248860485, 0.9175011059930889, 0.0003117448912368196]	[0.006145068276500685, 0.0009380512128692232, 0.03609205451150668, 0.016172376159771837, 9.672842203486777e-05]
2173684107	[0.010366273669190703, 0.0012386493952184804, 0.10368491510116609, 0.8973547351415802, 0.00019738899891501895]	[9.81043862744226e-05, 1.3574546267325871e-05, 0.00039721516539181686, 0.00041993659413387793, 2.7272383234277094e-06]
2413215217	[0.00251672635865435, -0.0008679555760937591, 0.10738669908640644, 0.8056789833660121, 0.014398403452821978]	[0.010510556015054252, 0.003160905991556751, 0.02434369961245147, 0.21601674449451286, 0.01745949040224619]
22900494	[0.010222483056755641, 0.0012432012193004816, 0.10342570206350574, 0.8979591836734693, 0.00019340295929344168]	[0.0, 0.0, 1.3877787807814457e-17, 1.1102230246251565e-16, 0.0]
860264322311659520	[0.0019354126263391991, 0.00029313804684851543, 0.03016187908752299, 0.9059926707195778, 0.0004975726126168349]	[0.004143535215208222, 0.00047503158622598307, 0.0366319114879914, 0.004016743523054256, 0.0001520848266616966]
311380778	[0.007982325391646849, 0.0009286345963762004, 0.10988600743028312, 0.8867883995703544, 0.00028903423784786074]	[0.004480315330217582, 0.0006291332458485624, 0.012920610733554772, 0.02234156820622988, 0.0001912625571088382]
474708096	[0.010222483056755641, 0.0012432012193004816, 0.10342570206350574, 0.8979591836734693, 0.00019340295929344168]	[0.0, 0.0, 0.0, 1.1102230246251565e-16, 0.0]
1653321740	[0.002707062098387292, 9.204052684586014e-05, 0.05857497463030733, 0.9203777644041649, 0.00030692798570469096]	[0.00613631552093367, 0.0009399187718551412, 0.03662046571797352, 0.01832988674433399, 9.26927985882106e-05]
890041069639016448	[0.0024436817490962564, -0.0003348242985801909, 0.09126443194758159, 0.7491187161989752, 0.0034181810307725227]	[0.006941752664807564, 0.0014441033770667315, 0.01108591768306421, 0.12427689945520531, 0.003168389322332597]
1143130812	[0.002338190882181777, -0.0001799013089387339, 0.08989063206653006, 0.8514777465158098, 0.0006083971146119436]	[0.006438790216342129, 0.0011651777943575132, 0.0138448745735314, 0.044577334944119536, 0.0003402711482542408]
4376048613	[0.011865722298995744, 0.0012859766382628903, 0.10452258019423835, 0.9030658918898409, 0.00023276906218259557]	[0.0008216690812722557, 2.196129423773612e-05, 0.0005551298731686754, 0.007416839825559596, 1.9683098903968424e-05]
1005305156	[0.0027075586861159398, 9.218635458633467e-05, 0.05859737393011799, 0.9190721549618349, 0.00030850444383787235]	[0.006135910058736966, 0.0009397997039824195, 0.03660218411068449, 0.01724021882587843, 9.399132985423831e-05]
37105136	[0.010222483056755641, 0.0012432012193004818, 0.10342570206350574, 0.8979591836734693, 0.00019340295929344168]	[0.0, 0.0, 1.3877787807814457e-17, 1.1102230246251565e-16, 0.0]
818479808837455873	[0.011292964909465547, 0.0009478653827082337, 0.10644029456932942, 0.8951653969805964, 0.00022905653037910868]	[0.0008782787023660849, 0.00024192273179579407, 0.0025052691940156964, 0.002313834471478241, 2.929111002748898e-05]
756914316566224896	[0.012547493508400431, 0.001316495944984477, 0.11064177518760872, 0.89376441950184, 0.0002588814052656414]	[0.004650020903289577, 0.00014658945136799084, 0.014432146248205907, 0.008389528343258812, 0.00013095689194439939]
849608792098705408	[0.012413869369932275, 0.0009046779885432136, 0.10796178000782278, 0.8978561053582972, 0.0002655275710303865]	[0.001096338912705889, 0.00016932530289946182, 0.0022714017160985252, 0.00027367691392741903, 3.606388051440072e-05]
11985982	[-0.009925126751056362, -0.0023102452222007867, 0.08174963566191817, 0.6028119507908611, 0.01222554890219561]	[0.0, 0.0, 0.0, 0.0, 0.0]
3372055939	[-0.0031472180212529974, -0.0014288331992946624, 0.07790407753732062, 0.880054017734403, 0.0010698341639643514]	[0.006685236705033743, 0.001336730836050951, 0.0129155147312354, 0.010465835161644097, 0.0004440938979044894]
562662319	[0.0027070620983872923, 9.20405268458602e-05, 0.05857497463030733, 0.9203777644041649, 0.00030692798570469096]	[0.006136315520933671, 0.0009399187718551416, 0.03662046571797352, 0.01832988674433399, 9.26927985882106e-05]
847424832400629760	[0.00502159102215004, -0.00036367477076448883, 0.11658940766208029, 0.7514008623167576, 0.005402359972997034]	[0.006371907367857947, 0.0019749438426882745, 0.01792621394201989, 0.17961787647893962, 0.006382839086911902]
886794351459827713	[0.012794011288482204, 0.0013542409445201427, 0.11808017325237474, 0.886844474223798, 0.0002573499213431564]	[0.004103019895436931, 0.00021233979470095421, 0.026898765384651187, 0.018745770696160104, 0.0001019011495068863]
817189988462800896	[0.00020175610723857513, -0.0002917284241710474, 0.043626866723328606, 0.9285522063810419, 0.0003447859201570887]	[0.005010363474758532, 0.0007674648217357646, 0.02989941767008858, 0.015296511353786223, 7.569148043182353e-05]
3664826895	[-0.0030613840307199837, -0.001369301625235592, 0.0792968217522907, 0.8763123009406183, 0.0011712289193026983]	[0.0066419338158486005, 0.0013062515610883115, 0.01206445990894099, 0.010825386767902966, 0.0004889145071648215]
80172249	[0.00020175610723857442, -0.00029172842417104746, 0.0436268667233286, 0.9285522063810419, 0.0003447859201570887]	[0.005010363474758531, 0.0007674648217357646, 0.029899417670088576, 0.015296511353786223, 7.569148043182353e-05]
65375944	[0.007875866603992846, 0.008344832202501973, 0.10702747893116564, 0.641641676561173, 0.009075625658418332]	[0.004680511979285437, 0.003028163534172576, 0.017394802748299763, 0.03619706899426875, 0.0016692890637519952]
