532655237	[0.0, 0.0, 0.0, 0.0, 0.0]	[0.0, 0.0, 0.0, 0.0, 0.0]
552278840	[-0.0001780375119929239, 0.0, 0.002481157364530148, 1.0, 0.5]	[6.2341624917916505e-19, 0.0, 6.071532165918825e-18, 0.0, 0.0]
892926801860677632	[0.0002287624669131544, 0.0, 0.01297865768638071, 0.11111111111111079, 0.5]	[3.2526065174565133e-19, 0.0, 7.28583859910259e-17, 3.191891195797325e-16, 0.0]
905719296134971392	[0.0, 0.0, 0.0014335285988021907, 0.0, 0.0]	[0.0, 0.0, 3.2526065174565133e-18, 0.0, 0.0]
377925526	[0.00032451753312297754, 0.0, -4.851954205106777e-05, 1.0, 0.4444444444444441]	[5.736713707129711e-05, 0.0, 8.723318372190291e-06, 0.0, 0.07856742013183848]
3545097856	[0.0, 0.0, 0.0, 0.0, 0.0]	[0.0, 0.0, 0.0, 0.0, 0.0]
890502281887612928	[0.0006135130966474137, 0.0, -0.0009130340694831542, 1.0, 0.5]	[1.5178830414797062e-18, 0.0, 2.2768245622195593e-18, 0.0, 0.0]
3398737828	[0.0005684486001704597, 0.0, 0.003564684901870761, 0.8000000000000013, 0.4444444444444441]	[0.00019401918121170886, 0.0, 0.0027481695324243186, 0.2828427124746184, 0.07856742013183848]
1664655710	[0.0, 0.0, 0.0, 0.0, 0.0]	[0.0, 0.0, 0.0, 0.0, 0.0]
743729451708481536	[0.0, 0.0, 0.0, 0.0, 0.0]	[0.0, 0.0, 0.0, 0.0, 0.0]
211577392	[-0.00031707923650986405, 0.0, -0.0006663135928124951, 0.0, 0.0]	[1.3552527156068805e-18, 0.0, 7.589415207398531e-19, 0.0, 0.0]
751805919743315969	[0.0, 0.0, 0.0, 0.0, 0.0]	[0.0, 0.0, 0.0, 0.0, 0.0]
909435307304607744	[0.0, 0.0, 0.0, 0.0, 0.0]	[0.0, 0.0, 0.0, 0.0, 0.0]
222496251	[0.013776636653713285, 0.0, 0.46830092903233855, 0.025000000000000088, 0.5]	[6.418476861114186e-17, 0.0, 8.881784197001252e-16, 8.673617379884035e-17, 0.0]
876224066759405568	[0.0, 0.0, 0.0, 0.0, 0.0]	[0.0, 0.0, 0.0, 0.0, 0.0]
54219545	[0.0003393727391637445, 0.0, 0.0007003607053048785, 0.0, 0.0]	[4.336808689942018e-19, 0.0, 4.445228907190568e-18, 0.0, 0.0]
1028440310	[0.0, 0.0, 0.0, 0.0, 0.0]	[0.0, 0.0, 0.0, 0.0, 0.0]
179181381	[0.0, 0.0, 0.0, 0.0, 0.0]	[0.0, 0.0, 0.0, 0.0, 0.0]
25816024	[0.00034362153187722386, 0.0, 0.005839096868965278, 1.0, 0.5]	[2.1141942363467336e-18, 0.0, 2.6020852139652106e-18, 0.0, 0.0]
569257486	[0.0, 0.0, 0.0, 0.0, 0.0]	[0.0, 0.0, 0.0, 0.0, 0.0]
20447568	[0.0, 0.0, -0.0003781245880728297, 1.0, 0.5]	[0.0, 0.0, 1.2468324983583301e-18, 0.0, 0.0]
3356627800	[-0.0003327645332942979, 0.0, 0.002831848587025417, 1.0, 0.5]	[1.4094628242311558e-18, 0.0, 6.5052130349130266e-18, 0.0, 0.0]
58429842	[0.00033615435634176677, 0.0, 0.00033615435634176677, 0.0, 0.0]	[1.0842021724855044e-19, 0.0, 1.0842021724855044e-19, 0.0, 0.0]
19590930	[-0.0002967954359568797, 0.0, -0.011608633181639067, 0.75199203187251, 0.44488711819389076]	[0.00012240434926773914, 0.0, 0.02074211531825255, 0.3528427749591754, 0.07840950554648347]
245957521	[-0.0003220246357664476, 0.0, 0.0031399155583072907, 1.0, 0.5]	[2.710505431213761e-19, 0.0, 1.5178830414797062e-17, 0.0, 0.0]
3289816264	[0.0, 0.0, 0.0, 0.0, 0.0]	[0.0, 0.0, 0.0, 0.0, 0.0]
714602578529665024	[0.0, 0.0, 0.0, 0.0, 0.0]	[0.0, 0.0, 0.0, 0.0, 0.0]
826067879879651329	[0.0, 0.0, 0.0, 0.0, 0.0]	[0.0, 0.0, 0.0, 0.0, 0.0]
1631211283	[-0.00046378519025807625, 0.0, -0.011444880342384231, 0.2667684391755846, 1.2250996015936255]	[0.00022813240890534126, 0.0, 0.006154475766433452, 0.044835066989541913, 0.40267303660522374]
117754884	[0.0, 0.0, 0.0, 0.0, 0.0]	[0.0, 0.0, 0.0, 0.0, 0.0]
42401449	[-0.00032876797145954333, 0.0, 0.0002519678368417893, 1.0, 0.4444444444444441]	[5.811851551399705e-05, 0.0, 4.476762588201663e-05, 0.0, 0.07856742013183848]
223782598	[0.0005216257887854228, 0.0, 0.006812233790515149, 0.11111111111111079, 0.5]	[2.168404344971009e-18, 0.0, 2.7755575615628914e-17, 3.191891195797325e-16, 0.0]
786863976030220289	[0.0, 0.0, 0.0, 0.0, 0.0]	[0.0, 0.0, 0.0, 0.0, 0.0]
1707513156	[0.0, 0.0, 0.0, 0.0, 0.0]	[0.0, 0.0, 0.0, 0.0, 0.0]
2920256952	[0.0, 0.0, 0.0, 0.0, 0.0]	[0.0, 0.0, 0.0, 0.0, 0.0]
2906686402	[-0.001465288367838653, 0.0, 0.0028117033903214497, 1.0, 0.5]	[8.023096076392733e-18, 0.0, 1.1709383462843448e-17, 0.0, 0.0]
359850032	[0.000649474347374695, 0.0, 0.004640594082452398, 0.25, 0.5]	[1.3010426069826053e-18, 0.0, 0.0, 0.0, 0.0]
845781575170244610	[-0.0019590183296861324, 0.0, 0.002243512017197426, 1.0, 1.5]	[1.3444106938820255e-17, 0.0, 1.431146867680866e-17, 0.0, 0.0]
857912957346471936	[0.0, 0.0, 0.0, 0.0, 0.0]	[0.0, 0.0, 0.0, 0.0, 0.0]
791162759228624896	[0.001350544975987228, 0.0, 0.00713523595497012, 0.11111111111111079, 0.5]	[4.119968255444917e-18, 0.0, 0.0, 3.191891195797325e-16, 0.0]
878977884999876610	[0.0, 0.0, 0.0, 0.0, 0.0]	[0.0, 0.0, 0.0, 0.0, 0.0]
1274709210	[9.496811790422801e-05, 0.0, 0.0005369154698699121, 1.0, 0.17500000000000035]	[0.0002494149552507291, 0.0, 0.0004561055077055949, 0.0, 0.03535533905932741]
26203837	[0.0, 0.0, 0.000709415018023231, 1.0, 0.5]	[0.0, 0.0, 2.6020852139652106e-18, 0.0, 0.0]
142334501	[0.0003196753705618045, 0.0, 0.003407987152787315, 1.0, 0.5]	[1.0842021724855044e-19, 0.0, 9.107298248878237e-18, 0.0, 0.0]
741963075985760256	[0.0006540520083792853, 0.0, 0.006767215445184328, 0.11111111111111079, 0.5]	[1.4094628242311558e-18, 0.0, 8.673617379884035e-18, 3.191891195797325e-16, 0.0]
222036996	[0.0, 0.0, 0.0, 0.0, 0.0]	[0.0, 0.0, 0.0, 0.0, 0.0]
36327895	[0.0002907908519193551, 0.0, 0.0016897369083653958, 1.0, 0.28888888888888925]	[4.7942157286103225e-05, 0.0, 0.00020067086267936985, 0.0, 0.06285393610547078]
809247439383392257	[0.0, 0.0, 0.0, 0.0, 0.0]	[0.0, 0.0, 0.0, 0.0, 0.0]
422684232	[0.0010058652230994212, 0.0, 0.03619831370376632, 0.09420902249587497, 0.36055776892430197]	[3.4187752786699396e-06, 0.0, 0.012555234401598276, 0.007468315479680961, 0.06161360270736808]
388187529	[0.0, 0.0, 0.0, 0.0, 0.0]	[0.0, 0.0, 0.0, 0.0, 0.0]
800434576350789632	[0.00042594482788793723, 0.0, 0.007321689180164791, 0.25, 0.5]	[1.734723475976807e-18, 0.0, 2.949029909160572e-17, 0.0, 0.0]
827106904245731328	[0.0, 0.0, 0.0, 0.0, 0.0]	[0.0, 0.0, 0.0, 0.0, 0.0]
86711514	[-0.0021580058949421236, 0.0, -0.0044080579519169905, 0.0, 0.0]	[5.204170427930421e-18, 0.0, 1.9949319973733282e-17, 0.0, 0.0]
819581851903938562	[0.0, 0.0, 0.0, 0.0, 0.0]	[0.0, 0.0, 0.0, 0.0, 0.0]
293013635	[0.0, 0.0, 0.0, 0.0, 0.0]	[0.0, 0.0, 0.0, 0.0, 0.0]
2368436134	[0.0005927116867583957, 0.0, -0.0015303215719363467, 1.0, 0.5]	[1.1926223897340549e-18, 0.0, 2.6020852139652106e-18, 0.0, 0.0]
2862964321	[0.013308813905785285, 0.0, -0.00019494481206676402, 0.019999999999999924, 0.5]	[3.9898639947466563e-17, 0.0, 7.860465750519907e-19, 7.632783294297951e-17, 0.0]
54851559	[0.0004226003710238841, 0.0, 8.858597889206247e-06, 0.0, 0.0]	[1.3010426069826053e-18, 0.0, 1.5246593050577406e-20, 0.0, 0.0]
777573276692451328	[0.014186945701639347, 0.0, 0.4667968101305453, 0.025000000000000085, 0.5]	[2.0816681711721685e-17, 0.0, 2.0539125955565396e-15, 8.326672684688674e-17, 0.0]
560467206	[-0.0009445410287027528, 0.0, -0.0014006157554457789, 1.0, 0.4444444444444441]	[0.00016697284162615824, 0.0, 0.00024717044553972307, 0.0, 0.07856742013183848]
140101267	[0.0, 0.0, 0.0, 0.0, 0.0]	[0.0, 0.0, 0.0, 0.0, 0.0]
862688770205863937	[-0.001084431597824373, 0.0, 0.002726631363966346, 1.0, 0.5]	[6.505213034913027e-19, 0.0, 1.3010426069826053e-17, 0.0, 0.0]
474013625	[-0.0009396681919258297, 0.0, 0.0029280855386235455, 1.0, 0.44488711819389076]	[5.802069981276717e-05, 0.0, 0.0032045151079869664, 0.0, 0.07840950554648347]
801355099796803584	[-0.0038472682327098363, 0.0, 0.04937655999035194, 0.06708755112377801, 0.4107569721115543]	[0.0030806850650339666, 0.0, 0.06758877807109574, 0.02228527142143575, 0.05811181836877414]
21422783	[1.0996747325952242e-05, 0.0, 0.11952630226910252, 0.7311027383677957, 1.559760956175298]	[0.00025466894838739937, 0.0, 0.028512681117639247, 0.38762483822323096, 0.6336206348129024]
39475170	[0.0012216862382352699, 0.0, -0.05989006781506348, 0.0, 0.0]	[6.071532165918825e-18, 0.0, 1.5265566588595902e-16, 0.0, 0.0]
875915736300040192	[0.0006930155801587658, 0.0, -0.000463637429950331, 1.0, 1.0]	[5.421010862427522e-19, 0.0, 1.5178830414797062e-18, 0.0, 0.0]
192463771	[0.0004177638308464665, 0.0, 0.0007577195314745507, 1.0, 0.5]	[1.4094628242311558e-18, 0.0, 3.2526065174565133e-18, 0.0, 0.0]
884586449831686145	[0.0, 0.0, 0.0, 0.0, 0.0]	[0.0, 0.0, 0.0, 0.0, 0.0]
802492036268126208	[0.0, 0.0, 0.0, 0.0, 0.0]	[0.0, 0.0, 0.0, 0.0, 0.0]
154172528	[0.0, 0.0, 0.0, 0.0, 0.0]	[0.0, 0.0, 0.0, 0.0, 0.0]
288567673	[0.0, 0.0, 0.002038105653801917, 1.0, 0.5]	[0.0, 0.0, 6.938893903907228e-18, 0.0, 0.0]
704221216912105473	[0.01747824333547329, 0.0, 0.4712159656999111, 0.025000000000000085, 0.5]	[8.326672684688674e-17, 0.0, 1.7763568394002505e-15, 8.326672684688674e-17, 0.0]
465965880	[-0.0017011104900151058, 0.0, -0.0009867763014075937, 0.0, 0.0]	[1.0408340855860843e-17, 0.0, 3.903127820947816e-18, 0.0, 0.0]
1156991923	[0.0007103971015826787, 0.0, 0.013371271090383274, 0.11111111111111079, 0.5]	[3.0357660829594124e-18, 0.0, 0.0, 3.191891195797325e-16, 0.0]
3292722958	[0.0, 0.0, 0.0, 0.0, 0.0]	[0.0, 0.0, 0.0, 0.0, 0.0]
2173684107	[-8.978247767605675e-06, 0.0, 0.00014465104601082268, 0.25, 0.5]	[0.0, 0.0, 2.439454888092385e-19, 0.0, 0.0]
2413215217	[0.0, 0.0, 0.0, 0.0, 0.0]	[0.0, 0.0, 0.0, 0.0, 0.0]
22900494	[-0.00032471154115050347, 0.0, 0.00032769045719439465, 1.0, 0.5]	[1.5720931501039814e-18, 0.0, 4.87890977618477e-19, 0.0, 0.0]
860264322311659520	[0.0, 0.0, 0.0, 0.0, 0.0]	[0.0, 0.0, 0.0, 0.0, 0.0]
311380778	[0.0020535933060524406, 0.0, 0.012248779824730128, 0.047619047619047485, 0.5]	[9.974659986866641e-18, 0.0, 5.377642775528102e-17, 1.3183898417423734e-16, 0.0]
474708096	[0.0010136025023925756, 0.0, 0.008124534151347576, 0.10000000000000034, 0.5]	[2.3852447794681098e-18, 0.0, 1.734723475976807e-17, 3.3306690738754696e-16, 0.0]
1653321740	[0.0, 0.0, 0.0, 0.0, 0.0]	[0.0, 0.0, 0.0, 0.0, 0.0]
890041069639016448	[0.0, 0.0, 0.0, 0.0, 0.0]	[0.0, 0.0, 0.0, 0.0, 0.0]
1143130812	[0.0, 0.0, 0.0, 0.0, 0.0]	[0.0, 0.0, 0.0, 0.0, 0.0]
4376048613	[0.004232387056999823, 0.0, 0.0010239910696442918, 0.05000000000000017, 0.5]	[1.9949319973733282e-17, 0.0, 2.168404344971009e-18, 1.6653345369377348e-16, 0.0]
1005305156	[0.0, 0.0, 0.0, 0.0, 0.0]	[0.0, 0.0, 0.0, 0.0, 0.0]
37105136	[0.0010976426465984159, 0.0, 0.0010976426465984159, 0.25, 0.5]	[1.0842021724855044e-18, 0.0, 1.0842021724855044e-18, 0.0, 0.0]
818479808837455873	[-0.0005052719096719084, 0.0, -0.0005709689245072234, 0.5, 0.5]	[9.75781955236954e-19, 0.0, 2.3852447794681098e-18, 0.0, 0.0]
756914316566224896	[0.00042594482788793723, 0.0, 0.008915175159507792, 0.25, 0.5]	[1.734723475976807e-18, 0.0, 8.673617379884035e-18, 0.0, 0.0]
849608792098705408	[-0.0006833011798208223, 0.0, 0.01871423235143068, 0.25, 0.5]	[3.2526065174565133e-19, 0.0, 5.551115123125783e-17, 0.0, 0.0]
11985982	[0.00036505977024716866, 0.0, 0.00036505977024716866, 0.0, 0.0]	[1.3010426069826053e-18, 0.0, 1.3010426069826053e-18, 0.0, 0.0]
3372055939	[0.0, 0.0, 0.0, 0.0, 0.0]	[0.0, 0.0, 0.0, 0.0, 0.0]
562662319	[0.0, 0.0, 0.0, 0.0, 0.0]	[0.0, 0.0, 0.0, 0.0, 0.0]
847424832400629760	[0.0, 0.0, 0.0, 0.0, 0.0]	[0.0, 0.0, 0.0, 0.0, 0.0]
886794351459827713	[0.0013131391347338379, 0.0, 0.013826984797809735, 0.11111111111111079, 0.5]	[1.0842021724855044e-18, 0.0, 7.28583859910259e-17, 3.191891195797325e-16, 0.0]
817189988462800896	[0.0, 0.0, 0.0, 0.0, 0.0]	[0.0, 0.0, 0.0, 0.0, 0.0]
3664826895	[0.0, 0.0, 0.0, 0.0, 0.0]	[0.0, 0.0, 0.0, 0.0, 0.0]
80172249	[0.0, 0.0, 0.0, 0.0, 0.0]	[0.0, 0.0, 0.0, 0.0, 0.0]
65375944	[0.0, 0.0, 0.0003167317864217424, 0.0, 0.0]	[0.0, 0.0, 1.0842021724855044e-18, 0.0, 0.0]
