532655237	[0.0, 0.0, 0.0, 0.0, 0.0]	[0.0, 0.0, 0.0, 0.0, 0.0]
552278840	[0.0, 0.0, 3.431503482694009e-48, 1.0, 0.5]	[0.0, 0.0, 2.2485504421959203e-62, 0.0, 0.0]
892926801860677632	[3.476493277481701e-43, 3.476493277481701e-43, -0.4593920817868137, 0.11111111111111079, 0.5]	[1.2744735289059618e-57, 1.2744735289059618e-57, 6.106226635438361e-16, 3.191891195797325e-16, 0.0]
905719296134971392	[0.0, 0.0, 7.35420343644174e-22, 0.0, 0.0]	[0.0, 0.0, 1.598672317118311e-36, 0.0, 0.0]
377925526	[0.0, 0.0, -1.511761252382953e-60, 1.0, 0.4444444444444441]	[0.0, 0.0, 2.672441582737636e-61, 0.0, 0.07856742013183848]
3545097856	[0.0, 0.0, -7.0140259237072066e-40, 0.0, 0.0]	[0.0, 0.0, 0.0, 0.0, 0.0]
890502281887612928	[4.153580724108022e-116, 4.153580724108022e-116, -2.505108984886818e-116, 1.0, 0.5]	[1.0143653266610305e-130, 1.0143653266610305e-130, 5.635362925894614e-131, 0.0, 0.0]
3398737828	[7.165364744502886e-116, 7.165364744502886e-116, 0.0011650217882740806, 0.8000000000000013, 0.4444444444444441]	[1.0133356001026024e-115, 1.0133356001026024e-115, 0.0016475896134373576, 0.2828427124746184, 0.07856742013183848]
1664655710	[0.0, 0.0, 0.0, 0.0, 0.0]	[0.0, 0.0, 0.0, 0.0, 0.0]
743729451708481536	[0.0, 0.0, 2.4117711723024525e-292, 0.0, 0.0]	[0.0, 0.0, 0.0, 0.0, 0.0]
211577392	[0.0, 0.0, 0.0, 0.0, 0.0]	[0.0, 0.0, 0.0, 0.0, 0.0]
751805919743315969	[0.0, 0.0, 1.740971471360665e-280, 0.0, 0.0]	[0.0, 0.0, 0.0, 0.0, 0.0]
909435307304607744	[0.0, 0.0, 0.0, 0.0, 0.0]	[0.0, 0.0, 0.0, 0.0, 0.0]
222496251	[0.018338147958153833, 0.018338147958153833, -35.649152821330105, 0.025000000000000088, 0.5]	[1.734723475976807e-17, 1.734723475976807e-17, 9.947598300641403e-14, 8.673617379884035e-17, 0.0]
876224066759405568	[0.0, 0.0, 2.7950858518930975e-248, 0.0, 0.0]	[0.0, 0.0, 0.0, 0.0, 0.0]
54219545	[0.0, 0.0, 0.0, 0.0, 0.0]	[0.0, 0.0, 0.0, 0.0, 0.0]
1028440310	[0.0, 0.0, 2.409988558141403e-108, 0.0, 0.0]	[0.0, 0.0, 8.320021692059082e-123, 0.0, 0.0]
179181381	[0.0, 0.0, -9.860439029426781e-06, 0.0, 0.0]	[0.0, 0.0, 3.218725199566341e-20, 0.0, 0.0]
25816024	[0.0, 0.0, 0.06611382922072509, 1.0, 0.5]	[0.0, 0.0, 4.163336342344337e-16, 0.0, 0.0]
569257486	[0.0, 0.0, -2.9139853761802573e-287, 0.0, 0.0]	[0.0, 0.0, 0.0, 0.0, 0.0]
20447568	[0.0, 0.0, -3.0615835339776483e-263, 1.0, 0.5]	[0.0, 0.0, 0.0, 0.0, 0.0]
3356627800	[0.0, 0.0, 0.0012985737764896806, 1.0, 0.5]	[0.0, 0.0, 8.023096076392733e-18, 0.0, 0.0]
58429842	[0.0, 0.0, 0.0, 0.0, 0.0]	[0.0, 0.0, 0.0, 0.0, 0.0]
19590930	[1.9068562932418473e-38, 1.906856390914534e-38, -0.3377898831640171, 0.75199203187251, 0.44488711819389076]	[2.712898585621061e-38, 2.71289872458072e-38, 0.48057617111502837, 0.3528427749591754, 0.07840950554648347]
245957521	[0.0, 0.0, 0.0, 1.0, 0.5]	[0.0, 0.0, 0.0, 0.0, 0.0]
3289816264	[0.0, 0.0, 0.03978361792109441, 0.0, 0.0]	[0.0, 0.0, 3.469446951953614e-17, 0.0, 0.0]
714602578529665024	[0.0, 0.0, 0.0, 0.0, 0.0]	[0.0, 0.0, 0.0, 0.0, 0.0]
826067879879651329	[0.0, 0.0, 3.617704521918477e-212, 0.0, 0.0]	[0.0, 0.0, 0.0, 0.0, 0.0]
1631211283	[5.592111523625952e-07, 5.592111523625952e-07, -0.2506475039053985, 0.2667684391755846, 1.2250996015936255]	[2.55334691932867e-07, 2.55334691932867e-07, 0.11444459251653374, 0.044835066989541913, 0.40267303660522374]
117754884	[0.0, 0.0, 1.4302910609083308e-84, 0.0, 0.0]	[0.0, 0.0, 5.02914452164201e-99, 0.0, 0.0]
42401449	[-3.02459e-318, -3.02459e-318, 1.4522370743758233e-58, 1.0, 0.4444444444444441]	[0.0, 0.0, 2.567216707954142e-59, 0.0, 0.07856742013183848]
223782598	[1.6673982522888065e-47, 1.6673982522888065e-47, 0.015646171694192, 0.11111111111111079, 0.5]	[7.049509494452075e-62, 7.049509494452075e-62, 5.204170427930421e-17, 3.191891195797325e-16, 0.0]
786863976030220289	[0.0, 0.0, 0.0, 0.0, 0.0]	[0.0, 0.0, 0.0, 0.0, 0.0]
1707513156	[0.0, 0.0, 2.031659643044184e-78, 0.0, 0.0]	[0.0, 0.0, 9.348371345049382e-93, 0.0, 0.0]
2920256952	[0.0, 0.0, 0.0, 0.0, 0.0]	[0.0, 0.0, 0.0, 0.0, 0.0]
2906686402	[-5.925629658638585e-21, -5.925629658638585e-21, 0.0030083200978006184, 1.0, 0.5]	[3.385423730368188e-35, 3.385423730368188e-35, 1.3010426069826053e-17, 0.0, 0.0]
359850032	[4.504494454797622e-06, 4.504494454797622e-06, 0.0010787478364863725, 0.25, 0.5]	[1.7787691892340307e-20, 1.7787691892340307e-20, 3.686287386450715e-18, 0.0, 0.0]
845781575170244610	[-3.531108609101882e-08, -3.531108609101882e-08, 0.0014581900806576033, 1.0, 1.5]	[1.1249656330721176e-22, 1.1249656330721176e-22, 6.505213034913027e-19, 0.0, 0.0]
857912957346471936	[0.0, 0.0, 1.2187536359868837e-268, 0.0, 0.0]	[0.0, 0.0, 0.0, 0.0, 0.0]
791162759228624896	[1.6673982522888065e-47, 1.6673982522888065e-47, 0.015646171694192, 0.11111111111111079, 0.5]	[7.049509494452075e-62, 7.049509494452075e-62, 5.204170427930421e-17, 3.191891195797325e-16, 0.0]
878977884999876610	[0.0, 0.0, 1.0316315463910697e-232, 0.0, 0.0]	[0.0, 0.0, 0.0, 0.0, 0.0]
1274709210	[-3.936378141218226e-29, -3.936378141218226e-29, 0.002170212255231784, 1.0, 0.17500000000000035]	[5.566879353939802e-29, 5.566879353939802e-29, 0.00043844908636815556, 0.0, 0.03535533905932741]
26203837	[0.0, 0.0, 2.190888082760221e-37, 1.0, 0.5]	[0.0, 0.0, 9.605248176893828e-52, 0.0, 0.0]
142334501	[0.0, 0.0, -2.5447560581489256e-75, 1.0, 0.5]	[0.0, 0.0, 3.9272747722381812e-90, 0.0, 0.0]
741963075985760256	[1.6673982522888065e-47, 1.6673982522888065e-47, 0.015646171694192, 0.11111111111111079, 0.5]	[7.049509494452075e-62, 7.049509494452075e-62, 5.204170427930421e-17, 3.191891195797325e-16, 0.0]
222036996	[0.0, 0.0, 0.0, 0.0, 0.0]	[0.0, 0.0, 0.0, 0.0, 0.0]
36327895	[6.32109594698009e-168, 6.32109594698009e-168, 9.518262604885968e-05, 1.0, 0.28888888888888925]	[0.0, 0.0, 2.0709009332397415e-05, 0.0, 0.06285393610547078]
809247439383392257	[0.0, 0.0, 0.0, 0.0, 0.0]	[0.0, 0.0, 0.0, 0.0, 0.0]
422684232	[-9.6839042303052e-06, -9.6839042303052e-06, 0.0587540757155706, 0.09420902249587497, 0.36055776892430197]	[4.278906205813106e-06, 4.278906205813106e-06, 0.01904755289291619, 0.007468315479680961, 0.06161360270736808]
388187529	[0.0, 0.0, 8.016738544495661e-18, 0.0, 0.0]	[0.0, 0.0, 3.0814879110195774e-33, 0.0, 0.0]
800434576350789632	[3.224414135026311e-115, 3.224414135026311e-115, 0.00524259804723334, 0.25, 0.5]	[9.918238749574521e-130, 9.918238749574521e-130, 1.214306433183765e-17, 0.0, 0.0]
827106904245731328	[0.0, 0.0, -0.10087395177279389, 0.0, 0.0]	[0.0, 0.0, 1.3877787807814457e-17, 0.0, 0.0]
86711514	[-1.4174764257460965e-09, -1.4174764257460965e-09, -1.4174764257460965e-09, 0.0, 0.0]	[8.478601278668534e-24, 8.478601278668534e-24, 8.478601278668534e-24, 0.0, 0.0]
819581851903938562	[0.0, 0.0, 0.0, 0.0, 0.0]	[0.0, 0.0, 0.0, 0.0, 0.0]
293013635	[0.0, 0.0, 7.1234985766849825e-109, 0.0, 0.0]	[0.0, 0.0, 3.876373742891163e-123, 0.0, 0.0]
2368436134	[2.385602066487164e-124, 2.385602066487164e-124, -1.4733668109320926e-21, 1.0, 0.5]	[7.137743364290032e-139, 7.137743364290032e-139, 5.454293787815414e-36, 0.0, 0.0]
2862964321	[6.651361509689049e-08, 6.651361509689049e-08, 0.07822683600747955, 0.019999999999999924, 0.5]	[1.3234889800848443e-23, 1.3234889800848443e-23, 1.3877787807814457e-16, 7.632783294297951e-17, 0.0]
54851559	[1.9907070680793726e-243, 1.9907070680793726e-243, 1.9907070680199142e-243, 0.0, 0.0]	[0.0, 0.0, 0.0, 0.0, 0.0]
777573276692451328	[0.01833814795815383, 0.01833814795815383, -35.64915360832294, 0.025000000000000085, 0.5]	[2.0816681711721685e-17, 2.0816681711721685e-17, 1.7053025658242404e-13, 8.326672684688674e-17, 0.0]
560467206	[-3.064656805797158e-39, -3.064656805797158e-39, -1.462205889486281e-15, 1.0, 0.4444444444444441]	[5.4175990234716915e-40, 5.4175990234716915e-40, 2.5848392498666465e-16, 0.0, 0.07856742013183848]
140101267	[0.0, 0.0, 0.13281709633548627, 0.0, 0.0]	[0.0, 0.0, 3.0531133177191805e-16, 0.0, 0.0]
862688770205863937	[-1.1748593529090554e-37, -1.1748593529090554e-37, 8.936474504917179e-08, 1.0, 0.5]	[2.7145266586873862e-52, 2.7145266586873862e-52, 9.26442286059391e-23, 0.0, 0.0]
474013625	[-1.584085875515963e-54, -1.584085875515963e-54, 1.894011332127774e-18, 1.0, 0.44488711819389076]	[2.7918855179853105e-55, 2.7918855179853105e-55, 3.338116254174218e-19, 0.0, 0.07840950554648347]
801355099796803584	[-0.07819534324625531, -0.07819534324625531, -2.262534635448518, 0.06708755112377801, 0.4107569721115543]	[0.028657548865299837, 0.028657548865299837, 5.338187432788467, 0.02228527142143575, 0.05811181836877414]
21422783	[-4.772781370650417e-06, -4.772781370650417e-06, -2.273898405977347, 0.7311027383677957, 1.559760956175298]	[6.991151626967152e-06, 6.991151626967152e-06, 1.1092994987636298, 0.38762483822323096, 0.6336206348129024]
39475170	[2.3935556630335636e-29, 2.3935556630335636e-29, -0.865226034499271, 0.0, 0.0]	[4.484155085839415e-44, 4.484155085839415e-44, 2.7755575615628914e-15, 0.0, 0.0]
875915736300040192	[0.0, 0.0, -3.915593842610845e-122, 1.0, 1.0]	[0.0, 0.0, 0.0, 0.0, 0.0]
192463771	[1.4409291600196849e-249, 1.4409291600196849e-249, 1.4409291600196849e-249, 1.0, 0.5]	[0.0, 0.0, 0.0, 0.0, 0.0]
884586449831686145	[0.0, 0.0, 3.582710573581548e-39, 0.0, 0.0]	[0.0, 0.0, 7.83036536159823e-54, 0.0, 0.0]
802492036268126208	[0.0, 0.0, 4.700668630159027e-08, 0.0, 0.0]	[0.0, 0.0, 1.7205356741102976e-22, 0.0, 0.0]
154172528	[0.0, 0.0, 1.0997333010615849e-29, 0.0, 0.0]	[0.0, 0.0, 5.74532370373175e-44, 0.0, 0.0]
288567673	[0.0, 0.0, 5.077302640490624e-25, 1.0, 0.5]	[0.0, 0.0, 6.428484731059385e-40, 0.0, 0.0]
704221216912105473	[0.018345435217022452, 0.018340577033230353, -35.649140248342526, 0.025000000000000085, 0.5]	[6.938893903907228e-17, 5.204170427930421e-17, 4.973799150320701e-14, 8.326672684688674e-17, 0.0]
465965880	[-6.500756128455085e-13, -6.500756128455085e-13, -6.500756128455085e-13, 0.0, 0.0]	[3.6350710512584224e-27, 3.6350710512584224e-27, 3.6350710512584224e-27, 0.0, 0.0]
1156991923	[3.476493277481701e-43, 3.476493277481701e-43, -0.4593920817868137, 0.11111111111111079, 0.5]	[1.2744735289059618e-57, 1.2744735289059618e-57, 6.106226635438361e-16, 3.191891195797325e-16, 0.0]
3292722958	[0.0, 0.0, 0.0, 0.0, 0.0]	[0.0, 0.0, 0.0, 0.0, 0.0]
2173684107	[2.022030817628739e-78, 2.022030817628739e-78, 4.0815103231750155e-46, 0.25, 0.5]	[8.149862198248179e-93, 8.149862198248179e-93, 1.1668153645989641e-60, 0.0, 0.0]
2413215217	[0.0, 0.0, 0.0, 0.0, 0.0]	[0.0, 0.0, 0.0, 0.0, 0.0]
22900494	[0.0, 0.0, 1.2054301092443005e-108, 1.0, 0.5]	[0.0, 0.0, 3.5927366397527855e-123, 0.0, 0.0]
860264322311659520	[0.0, 0.0, 0.0, 0.0, 0.0]	[0.0, 0.0, 0.0, 0.0, 0.0]
311380778	[1.0553533777670077e-06, 1.0553533777670077e-06, -0.040411793611198774, 0.047619047619047485, 0.5]	[4.658681209898652e-21, 4.658681209898652e-21, 1.3877787807814457e-16, 1.3183898417423734e-16, 0.0]
474708096	[1.6673982522888065e-47, 1.6673982522888065e-47, 0.015646171694192, 0.10000000000000034, 0.5]	[7.049509494452075e-62, 7.049509494452075e-62, 5.204170427930421e-17, 3.3306690738754696e-16, 0.0]
1653321740	[0.0, 0.0, 0.0, 0.0, 0.0]	[0.0, 0.0, 0.0, 0.0, 0.0]
890041069639016448	[0.0, 0.0, 4.7589038980531145e-133, 0.0, 0.0]	[0.0, 0.0, 5.4744459633912916e-148, 0.0, 0.0]
1143130812	[0.0, 0.0, 8.575207031287685e-109, 0.0, 0.0]	[0.0, 0.0, 3.02546243347603e-123, 0.0, 0.0]
4376048613	[0.0012324103638714447, 0.0012324103638714447, -0.008390079362138782, 0.05000000000000017, 0.5]	[8.239936510889834e-18, 8.239936510889834e-18, 1.9081958235744878e-17, 1.6653345369377348e-16, 0.0]
1005305156	[0.0, 0.0, 0.0, 0.0, 0.0]	[0.0, 0.0, 0.0, 0.0, 0.0]
37105136	[5.60284854045034e-109, 5.60284854045034e-109, 5.60284854045034e-109, 0.25, 0.5]	[1.1345484125535112e-123, 1.1345484125535112e-123, 1.1345484125535112e-123, 0.0, 0.0]
818479808837455873	[-7.734191100194307e-171, -7.734191100194307e-171, -7.288742792595405e-35, 0.5, 0.5]	[0.0, 0.0, 8.552847072295026e-50, 0.0, 0.0]
756914316566224896	[3.224414135026311e-115, 3.224414135026311e-115, 0.00524259804723334, 0.25, 0.5]	[9.918238749574521e-130, 9.918238749574521e-130, 1.214306433183765e-17, 0.0, 0.0]
849608792098705408	[-2.6832678363603172e-58, -2.6832678363603172e-58, 0.049180902663078396, 0.25, 0.5]	[1.7333135736816754e-72, 1.7333135736816754e-72, 1.457167719820518e-16, 0.0, 0.0]
11985982	[0.0, 0.0, 0.0, 0.0, 0.0]	[0.0, 0.0, 0.0, 0.0, 0.0]
3372055939	[0.0, 0.0, 4.9491238354015215e-06, 0.0, 0.0]	[0.0, 0.0, 1.2705494208814505e-20, 0.0, 0.0]
562662319	[0.0, 0.0, 0.0, 0.0, 0.0]	[0.0, 0.0, 0.0, 0.0, 0.0]
847424832400629760	[0.0, 0.0, -5.324927351343622e-138, 0.0, 0.0]	[0.0, 0.0, 1.0143343394432281e-152, 0.0, 0.0]
886794351459827713	[3.476493277481701e-43, 3.476493277481701e-43, -0.4593920817868137, 0.11111111111111079, 0.5]	[1.2744735289059618e-57, 1.2744735289059618e-57, 6.106226635438361e-16, 3.191891195797325e-16, 0.0]
817189988462800896	[0.0, 0.0, 0.0, 0.0, 0.0]	[0.0, 0.0, 0.0, 0.0, 0.0]
3664826895	[0.0, 0.0, 0.0, 0.0, 0.0]	[0.0, 0.0, 0.0, 0.0, 0.0]
80172249	[0.0, 0.0, 0.0, 0.0, 0.0]	[0.0, 0.0, 0.0, 0.0, 0.0]
65375944	[0.0, 0.0, 0.0, 0.0, 0.0]	[0.0, 0.0, 0.0, 0.0, 0.0]
