532655237	[0.0, 0.0, 0.0, 0.0, 0.0]	[0.0, 0.0, 0.0, 0.0, 0.0]
552278840	[0.0, 0.0, 0.0, 1.0, 0.5]	[0.0, 0.0, 0.0, 0.0, 0.0]
892926801860677632	[0.0, 0.0, 0.03086834404358085, 0.11111111111111079, 0.5]	[0.0, 0.0, 2.0469737016526324e-16, 3.191891195797325e-16, 0.0]
905719296134971392	[0.0, 0.0, 0.0, 0.0, 0.0]	[0.0, 0.0, 0.0, 0.0, 0.0]
377925526	[0.0, 0.0, 0.0, 1.0, 0.4444444444444441]	[0.0, 0.0, 0.0, 0.0, 0.07856742013183848]
3545097856	[0.0, 0.0, 0.0, 0.0, 0.0]	[0.0, 0.0, 0.0, 0.0, 0.0]
890502281887612928	[0.0, 0.0, 0.0, 1.0, 0.5]	[0.0, 0.0, 0.0, 0.0, 0.0]
3398737828	[0.0, 0.0, 1.1750194751662545e-100, 0.8000000000000013, 0.4444444444444441]	[0.0, 0.0, 1.6617284778326365e-100, 0.2828427124746184, 0.07856742013183848]
1664655710	[0.0, 0.0, 0.0, 0.0, 0.0]	[0.0, 0.0, 0.0, 0.0, 0.0]
743729451708481536	[0.0, 0.0, 0.0, 0.0, 0.0]	[0.0, 0.0, 0.0, 0.0, 0.0]
211577392	[0.0, 0.0, 0.0, 0.0, 0.0]	[0.0, 0.0, 0.0, 0.0, 0.0]
751805919743315969	[0.0, 0.0, 0.0, 0.0, 0.0]	[0.0, 0.0, 0.0, 0.0, 0.0]
909435307304607744	[0.0, 0.0, 0.0, 0.0, 0.0]	[0.0, 0.0, 0.0, 0.0, 0.0]
222496251	[1.0026102406239531e-97, 0.0, 0.4999852334571272, 0.025000000000000088, 0.5]	[4.15816390625796e-112, 0.0, 1.3322676295501878e-15, 8.673617379884035e-17, 0.0]
876224066759405568	[0.0, 0.0, 0.0, 0.0, 0.0]	[0.0, 0.0, 0.0, 0.0, 0.0]
54219545	[0.0, 0.0, 0.0, 0.0, 0.0]	[0.0, 0.0, 0.0, 0.0, 0.0]
1028440310	[0.0, 0.0, 0.0, 0.0, 0.0]	[0.0, 0.0, 0.0, 0.0, 0.0]
179181381	[0.0, 0.0, 0.0, 0.0, 0.0]	[0.0, 0.0, 0.0, 0.0, 0.0]
25816024	[0.0, 0.0, 1.817940281714018e-66, 1.0, 0.5]	[0.0, 0.0, 4.743989074453735e-81, 0.0, 0.0]
569257486	[0.0, 0.0, 0.0, 0.0, 0.0]	[0.0, 0.0, 0.0, 0.0, 0.0]
20447568	[0.0, 0.0, 0.0, 1.0, 0.5]	[0.0, 0.0, 0.0, 0.0, 0.0]
3356627800	[0.0, 0.0, 5.4240370080679386e-135, 1.0, 0.5]	[0.0, 0.0, 1.4052707272098182e-149, 0.0, 0.0]
58429842	[0.0, 0.0, 0.0, 0.0, 0.0]	[0.0, 0.0, 0.0, 0.0, 0.0]
19590930	[0.0, 0.0, -5.952893405614075e-60, 0.75199203187251, 0.44488711819389076]	[0.0, 0.0, 8.469225582273668e-60, 0.3528427749591754, 0.07840950554648347]
245957521	[0.0, 0.0, 0.0, 1.0, 0.5]	[0.0, 0.0, 0.0, 0.0, 0.0]
3289816264	[0.0, 0.0, 0.0, 0.0, 0.0]	[0.0, 0.0, 0.0, 0.0, 0.0]
714602578529665024	[0.0, 0.0, 0.0, 0.0, 0.0]	[0.0, 0.0, 0.0, 0.0, 0.0]
826067879879651329	[0.0, 0.0, 0.0, 0.0, 0.0]	[0.0, 0.0, 0.0, 0.0, 0.0]
1631211283	[6.14441011244508e-309, 0.0, -6.038032375707437e-45, 0.2667684391755846, 1.2250996015936255]	[0.0, 0.0, 2.756953487101189e-45, 0.044835066989541913, 0.40267303660522374]
117754884	[0.0, 0.0, 0.0, 0.0, 0.0]	[0.0, 0.0, 0.0, 0.0, 0.0]
42401449	[0.0, 0.0, 0.0, 1.0, 0.4444444444444441]	[0.0, 0.0, 0.0, 0.0, 0.07856742013183848]
223782598	[0.0, 0.0, 1.3646595450501989e-77, 0.11111111111111079, 0.5]	[0.0, 0.0, 5.752843904645773e-92, 3.191891195797325e-16, 0.0]
786863976030220289	[0.0, 0.0, 0.0, 0.0, 0.0]	[0.0, 0.0, 0.0, 0.0, 0.0]
1707513156	[0.0, 0.0, 0.0, 0.0, 0.0]	[0.0, 0.0, 0.0, 0.0, 0.0]
2920256952	[0.0, 0.0, 0.0, 0.0, 0.0]	[0.0, 0.0, 0.0, 0.0, 0.0]
2906686402	[0.0, 0.0, 1.7940558339070183e-119, 1.0, 0.5]	[0.0, 0.0, 5.503284107318959e-134, 0.0, 0.0]
359850032	[3.7732004942786347e-277, 0.0, 2.3239196877881855e-134, 0.25, 0.5]	[0.0, 0.0, 9.287006545038798e-149, 0.0, 0.0]
845781575170244610	[0.0, 0.0, 8.738553938152397e-128, 1.0, 1.5]	[0.0, 0.0, 1.742613126047371e-142, 0.0, 0.0]
857912957346471936	[0.0, 0.0, 0.0, 0.0, 0.0]	[0.0, 0.0, 0.0, 0.0, 0.0]
791162759228624896	[0.0, 0.0, 1.3646595450501989e-77, 0.11111111111111079, 0.5]	[0.0, 0.0, 5.752843904645773e-92, 3.191891195797325e-16, 0.0]
878977884999876610	[0.0, 0.0, 0.0, 0.0, 0.0]	[0.0, 0.0, 0.0, 0.0, 0.0]
1274709210	[0.0, 0.0, 2.3812237337259044e-95, 1.0, 0.17500000000000035]	[0.0, 0.0, 4.810798427542683e-96, 0.0, 0.03535533905932741]
26203837	[0.0, 0.0, 0.0, 1.0, 0.5]	[0.0, 0.0, 0.0, 0.0, 0.0]
142334501	[0.0, 0.0, 0.0, 1.0, 0.5]	[0.0, 0.0, 0.0, 0.0, 0.0]
741963075985760256	[0.0, 0.0, 1.3646595450501989e-77, 0.11111111111111079, 0.5]	[0.0, 0.0, 5.752843904645773e-92, 3.191891195797325e-16, 0.0]
222036996	[0.0, 0.0, 0.0, 0.0, 0.0]	[0.0, 0.0, 0.0, 0.0, 0.0]
36327895	[0.0, 0.0, 2.2494329037021918e-175, 1.0, 0.28888888888888925]	[0.0, 0.0, 0.0, 0.0, 0.06285393610547078]
809247439383392257	[0.0, 0.0, 0.0, 0.0, 0.0]	[0.0, 0.0, 0.0, 0.0, 0.0]
422684232	[-4.175129456808371e-248, 0.0, -1.6019358838667744e-42, 0.09420902249587497, 0.36055776892430197]	[0.0, 0.0, 7.078274662549239e-43, 0.007468315479680961, 0.06161360270736808]
388187529	[0.0, 0.0, 0.0, 0.0, 0.0]	[0.0, 0.0, 0.0, 0.0, 0.0]
800434576350789632	[0.0, 0.0, 5.287587638248121e-100, 0.25, 0.5]	[0.0, 0.0, 2.4364241638230233e-114, 0.0, 0.0]
827106904245731328	[0.0, 0.0, 0.0, 0.0, 0.0]	[0.0, 0.0, 0.0, 0.0, 0.0]
86711514	[0.0, 0.0, 0.0, 0.0, 0.0]	[0.0, 0.0, 0.0, 0.0, 0.0]
819581851903938562	[0.0, 0.0, 0.0, 0.0, 0.0]	[0.0, 0.0, 0.0, 0.0, 0.0]
293013635	[0.0, 0.0, 0.0, 0.0, 0.0]	[0.0, 0.0, 0.0, 0.0, 0.0]
2368436134	[0.0, 0.0, 0.0, 1.0, 0.5]	[0.0, 0.0, 0.0, 0.0, 0.0]
2862964321	[0.0, 0.0, 3.369678459840589e-58, 0.019999999999999924, 0.5]	[0.0, 0.0, 9.904648992466717e-73, 7.632783294297951e-17, 0.0]
54851559	[0.0, 0.0, 0.0, 0.0, 0.0]	[0.0, 0.0, 0.0, 0.0, 0.0]
777573276692451328	[1.0026102406239531e-97, 0.0, 0.4999852334571272, 0.025000000000000085, 0.5]	[4.15816390625796e-112, 0.0, 1.3322676295501878e-15, 8.326672684688674e-17, 0.0]
560467206	[0.0, 0.0, 0.0, 1.0, 0.4444444444444441]	[0.0, 0.0, 0.0, 0.0, 0.07856742013183848]
140101267	[0.0, 0.0, 0.0, 0.0, 0.0]	[0.0, 0.0, 0.0, 0.0, 0.0]
862688770205863937	[0.0, 0.0, 0.0, 1.0, 0.5]	[0.0, 0.0, 0.0, 0.0, 0.0]
474013625	[0.0, 0.0, 0.0, 1.0, 0.44488711819389076]	[0.0, 0.0, 0.0, 0.0, 0.07840950554648347]
801355099796803584	[-1.0999253678534973e-52, 0.0, 0.03346514709991934, 0.06708755112377801, 0.4107569721115543]	[3.8099462464826946e-53, 0.0, 0.07465196369656252, 0.02228527142143575, 0.05811181836877414]
21422783	[-2.0577423751412764e-248, 0.0, 5.497420958566319e-05, 0.7311027383677957, 1.559760956175298]	[0.0, 0.0, 2.5763539386742492e-05, 0.38762483822323096, 0.6336206348129024]
39475170	[0.0, 0.0, -2.279016731281694e-44, 0.0, 0.0]	[0.0, 0.0, 1.9913648889155653e-59, 0.0, 0.0]
875915736300040192	[0.0, 0.0, 0.0, 1.0, 1.0]	[0.0, 0.0, 0.0, 0.0, 0.0]
192463771	[0.0, 0.0, 0.0, 1.0, 0.5]	[0.0, 0.0, 0.0, 0.0, 0.0]
884586449831686145	[0.0, 0.0, 0.0, 0.0, 0.0]	[0.0, 0.0, 0.0, 0.0, 0.0]
802492036268126208	[0.0, 0.0, 0.0, 0.0, 0.0]	[0.0, 0.0, 0.0, 0.0, 0.0]
154172528	[0.0, 0.0, 0.0, 0.0, 0.0]	[0.0, 0.0, 0.0, 0.0, 0.0]
288567673	[0.0, 0.0, 0.0, 1.0, 0.5]	[0.0, 0.0, 0.0, 0.0, 0.0]
704221216912105473	[1.0026102406239531e-97, 0.0, 0.4999852334571272, 0.025000000000000085, 0.5]	[4.15816390625796e-112, 0.0, 1.3322676295501878e-15, 8.326672684688674e-17, 0.0]
465965880	[0.0, 0.0, 0.0, 0.0, 0.0]	[0.0, 0.0, 0.0, 0.0, 0.0]
1156991923	[0.0, 0.0, 0.03086834404358085, 0.11111111111111079, 0.5]	[0.0, 0.0, 2.0469737016526324e-16, 3.191891195797325e-16, 0.0]
3292722958	[0.0, 0.0, 0.0, 0.0, 0.0]	[0.0, 0.0, 0.0, 0.0, 0.0]
2173684107	[0.0, 0.0, 0.0, 0.25, 0.5]	[0.0, 0.0, 0.0, 0.0, 0.0]
2413215217	[0.0, 0.0, 0.0, 0.0, 0.0]	[0.0, 0.0, 0.0, 0.0, 0.0]
22900494	[0.0, 0.0, 0.0, 1.0, 0.5]	[0.0, 0.0, 0.0, 0.0, 0.0]
860264322311659520	[0.0, 0.0, 0.0, 0.0, 0.0]	[0.0, 0.0, 0.0, 0.0, 0.0]
311380778	[1.1595841640779803e-308, 0.0, -1.7668585162552035e-57, 0.047619047619047485, 0.5]	[0.0, 0.0, 1.9809297984933433e-72, 1.3183898417423734e-16, 0.0]
474708096	[0.0, 0.0, 1.3646595450501989e-77, 0.10000000000000034, 0.5]	[0.0, 0.0, 5.752843904645773e-92, 3.3306690738754696e-16, 0.0]
1653321740	[0.0, 0.0, 0.0, 0.0, 0.0]	[0.0, 0.0, 0.0, 0.0, 0.0]
890041069639016448	[0.0, 0.0, 0.0, 0.0, 0.0]	[0.0, 0.0, 0.0, 0.0, 0.0]
1143130812	[0.0, 0.0, 0.0, 0.0, 0.0]	[0.0, 0.0, 0.0, 0.0, 0.0]
4376048613	[2.5664977684264763e-155, 0.0, -9.506027735870473e-89, 0.05000000000000017, 0.5]	[0.0, 0.0, 4.743844153271161e-103, 1.6653345369377348e-16, 0.0]
1005305156	[0.0, 0.0, 0.0, 0.0, 0.0]	[0.0, 0.0, 0.0, 0.0, 0.0]
37105136	[0.0, 0.0, 0.0, 0.25, 0.5]	[0.0, 0.0, 0.0, 0.0, 0.0]
818479808837455873	[0.0, 0.0, 0.0, 0.5, 0.5]	[0.0, 0.0, 0.0, 0.0, 0.0]
756914316566224896	[0.0, 0.0, 5.287587638248121e-100, 0.25, 0.5]	[0.0, 0.0, 2.4364241638230233e-114, 0.0, 0.0]
849608792098705408	[0.0, 0.0, 1.2040223903044541e-86, 0.25, 0.5]	[0.0, 0.0, 6.429304075962797e-101, 0.0, 0.0]
11985982	[0.0, 0.0, 0.0, 0.0, 0.0]	[0.0, 0.0, 0.0, 0.0, 0.0]
3372055939	[0.0, 0.0, 0.0, 0.0, 0.0]	[0.0, 0.0, 0.0, 0.0, 0.0]
562662319	[0.0, 0.0, 0.0, 0.0, 0.0]	[0.0, 0.0, 0.0, 0.0, 0.0]
847424832400629760	[0.0, 0.0, 0.0, 0.0, 0.0]	[0.0, 0.0, 0.0, 0.0, 0.0]
886794351459827713	[0.0, 0.0, 0.03086834404358085, 0.11111111111111079, 0.5]	[0.0, 0.0, 2.0469737016526324e-16, 3.191891195797325e-16, 0.0]
817189988462800896	[0.0, 0.0, 0.0, 0.0, 0.0]	[0.0, 0.0, 0.0, 0.0, 0.0]
3664826895	[0.0, 0.0, 0.0, 0.0, 0.0]	[0.0, 0.0, 0.0, 0.0, 0.0]
80172249	[0.0, 0.0, 0.0, 0.0, 0.0]	[0.0, 0.0, 0.0, 0.0, 0.0]
65375944	[0.0, 0.0, 0.0, 0.0, 0.0]	[0.0, 0.0, 0.0, 0.0, 0.0]
