532655237	[0.0, 0.0, 0.0, 0.0, 0.0]	[0.0, 0.0, 0.0, 0.0, 0.0]
552278840	[0.0, 0.0, 0.0, 1.0, 0.5]	[0.0, 0.0, 0.0, 0.0, 0.0]
892926801860677632	[0.0, 0.0, 0.00977429531285271, 0.11111111111111079, 0.5]	[0.0, 0.0, 3.469446951953614e-18, 3.191891195797325e-16, 0.0]
905719296134971392	[0.0, 0.0, 0.0, 0.0, 0.0]	[0.0, 0.0, 0.0, 0.0, 0.0]
377925526	[0.0, 0.0, 0.0, 1.0, 0.4444444444444441]	[0.0, 0.0, 0.0, 0.0, 0.07856742013183848]
3545097856	[0.0, 0.0, 0.0, 0.0, 0.0]	[0.0, 0.0, 0.0, 0.0, 0.0]
890502281887612928	[0.0, 0.0, 0.0, 1.0, 0.5]	[0.0, 0.0, 0.0, 0.0, 0.0]
3398737828	[0.0, 0.0, 1.2426036903179836e-199, 0.8000000000000013, 0.4444444444444441]	[0.0, 0.0, 0.0, 0.2828427124746184, 0.07856742013183848]
1664655710	[0.0, 0.0, 0.0, 0.0, 0.0]	[0.0, 0.0, 0.0, 0.0, 0.0]
743729451708481536	[0.0, 0.0, 0.0, 0.0, 0.0]	[0.0, 0.0, 0.0, 0.0, 0.0]
211577392	[0.0, 0.0, 0.0, 0.0, 0.0]	[0.0, 0.0, 0.0, 0.0, 0.0]
751805919743315969	[0.0, 0.0, 0.0, 0.0, 0.0]	[0.0, 0.0, 0.0, 0.0, 0.0]
909435307304607744	[0.0, 0.0, 0.0, 0.0, 0.0]	[0.0, 0.0, 0.0, 0.0, 0.0]
222496251	[2.010454589208054e-194, 0.0, 0.4999999995638975, 0.025000000000000088, 0.5]	[0.0, 0.0, 1.4432899320127035e-15, 8.673617379884035e-17, 0.0]
876224066759405568	[0.0, 0.0, 0.0, 0.0, 0.0]	[0.0, 0.0, 0.0, 0.0, 0.0]
54219545	[0.0, 0.0, 0.0, 0.0, 0.0]	[0.0, 0.0, 0.0, 0.0, 0.0]
1028440310	[0.0, 0.0, 0.0, 0.0, 0.0]	[0.0, 0.0, 0.0, 0.0, 0.0]
179181381	[0.0, 0.0, 0.0, 0.0, 0.0]	[0.0, 0.0, 0.0, 0.0, 0.0]
25816024	[0.0, 0.0, 6.606705710514517e-132, 1.0, 0.5]	[0.0, 0.0, 1.7518227082852133e-146, 0.0, 0.0]
569257486	[0.0, 0.0, 0.0, 0.0, 0.0]	[0.0, 0.0, 0.0, 0.0, 0.0]
20447568	[0.0, 0.0, 0.0, 1.0, 0.5]	[0.0, 0.0, 0.0, 0.0, 0.0]
3356627800	[0.0, 0.0, 5.8840354929780876e-269, 1.0, 0.5]	[0.0, 0.0, 0.0, 0.0, 0.0]
58429842	[0.0, 0.0, 0.0, 0.0, 0.0]	[0.0, 0.0, 0.0, 0.0, 0.0]
19590930	[0.0, 0.0, -4.414003368139367e-118, 0.75199203187251, 0.44488711819389076]	[0.0, 0.0, 6.279835316794448e-118, 0.3528427749591754, 0.07840950554648347]
245957521	[0.0, 0.0, 0.0, 1.0, 0.5]	[0.0, 0.0, 0.0, 0.0, 0.0]
3289816264	[0.0, 0.0, 0.0, 0.0, 0.0]	[0.0, 0.0, 0.0, 0.0, 0.0]
714602578529665024	[0.0, 0.0, 0.0, 0.0, 0.0]	[0.0, 0.0, 0.0, 0.0, 0.0]
826067879879651329	[0.0, 0.0, 0.0, 0.0, 0.0]	[0.0, 0.0, 0.0, 0.0, 0.0]
1631211283	[0.0, 0.0, -1.376077680825562e-88, 0.2667684391755846, 1.2250996015936255]	[0.0, 0.0, 6.2831431244680696e-89, 0.044835066989541913, 0.40267303660522374]
117754884	[0.0, 0.0, 0.0, 0.0, 0.0]	[0.0, 0.0, 0.0, 0.0, 0.0]
42401449	[0.0, 0.0, 0.0, 1.0, 0.4444444444444441]	[0.0, 0.0, 0.0, 0.0, 0.07856742013183848]
223782598	[0.0, 0.0, 3.7245913477932635e-154, 0.11111111111111079, 0.5]	[0.0, 0.0, 0.0, 3.191891195797325e-16, 0.0]
786863976030220289	[0.0, 0.0, 0.0, 0.0, 0.0]	[0.0, 0.0, 0.0, 0.0, 0.0]
1707513156	[0.0, 0.0, 0.0, 0.0, 0.0]	[0.0, 0.0, 0.0, 0.0, 0.0]
2920256952	[0.0, 0.0, 0.0, 0.0, 0.0]	[0.0, 0.0, 0.0, 0.0, 0.0]
2906686402	[0.0, 0.0, 6.437272670351641e-238, 1.0, 0.5]	[0.0, 0.0, 0.0, 0.0, 0.0]
359850032	[0.0, 0.0, 1.0801205430579164e-267, 0.25, 0.5]	[0.0, 0.0, 0.0, 0.0, 0.0]
845781575170244610	[0.0, 0.0, 1.5272464985999839e-254, 1.0, 1.5]	[0.0, 0.0, 0.0, 0.0, 0.0]
857912957346471936	[0.0, 0.0, 0.0, 0.0, 0.0]	[0.0, 0.0, 0.0, 0.0, 0.0]
791162759228624896	[0.0, 0.0, 3.7245913477932635e-154, 0.11111111111111079, 0.5]	[0.0, 0.0, 0.0, 3.191891195797325e-16, 0.0]
878977884999876610	[0.0, 0.0, 0.0, 0.0, 0.0]	[0.0, 0.0, 0.0, 0.0, 0.0]
1274709210	[0.0, 0.0, 3.2401294114625905e-189, 1.0, 0.17500000000000035]	[0.0, 0.0, 0.0, 0.0, 0.03535533905932741]
26203837	[0.0, 0.0, 0.0, 1.0, 0.5]	[0.0, 0.0, 0.0, 0.0, 0.0]
142334501	[0.0, 0.0, 0.0, 1.0, 0.5]	[0.0, 0.0, 0.0, 0.0, 0.0]
741963075985760256	[0.0, 0.0, 3.7245913477932635e-154, 0.11111111111111079, 0.5]	[0.0, 0.0, 0.0, 3.191891195797325e-16, 0.0]
222036996	[0.0, 0.0, 0.0, 0.0, 0.0]	[0.0, 0.0, 0.0, 0.0, 0.0]
36327895	[0.0, 0.0, 0.0, 1.0, 0.28888888888888925]	[0.0, 0.0, 0.0, 0.0, 0.06285393610547078]
809247439383392257	[0.0, 0.0, 0.0, 0.0, 0.0]	[0.0, 0.0, 0.0, 0.0, 0.0]
422684232	[0.0, 0.0, -9.2090780004757e-84, 0.09420902249587497, 0.36055776892430197]	[0.0, 0.0, 4.0691006508240295e-84, 0.007468315479680961, 0.06161360270736808]
388187529	[0.0, 0.0, 0.0, 0.0, 0.0]	[0.0, 0.0, 0.0, 0.0, 0.0]
800434576350789632	[0.0, 0.0, 5.591716606430891e-199, 0.25, 0.5]	[0.0, 0.0, 0.0, 0.0, 0.0]
827106904245731328	[0.0, 0.0, 0.0, 0.0, 0.0]	[0.0, 0.0, 0.0, 0.0, 0.0]
86711514	[0.0, 0.0, 0.0, 0.0, 0.0]	[0.0, 0.0, 0.0, 0.0, 0.0]
819581851903938562	[0.0, 0.0, 0.0, 0.0, 0.0]	[0.0, 0.0, 0.0, 0.0, 0.0]
293013635	[0.0, 0.0, 0.0, 0.0, 0.0]	[0.0, 0.0, 0.0, 0.0, 0.0]
2368436134	[0.0, 0.0, 0.0, 1.0, 0.5]	[0.0, 0.0, 0.0, 0.0, 0.0]
2862964321	[0.0, 0.0, 7.557308668343401e-115, 0.019999999999999924, 0.5]	[0.0, 0.0, 3.4263006589439254e-129, 7.632783294297951e-17, 0.0]
54851559	[0.0, 0.0, 0.0, 0.0, 0.0]	[0.0, 0.0, 0.0, 0.0, 0.0]
777573276692451328	[2.010454589208054e-194, 0.0, 0.4999999995638975, 0.025000000000000085, 0.5]	[0.0, 0.0, 1.4432899320127035e-15, 8.326672684688674e-17, 0.0]
560467206	[0.0, 0.0, 0.0, 1.0, 0.4444444444444441]	[0.0, 0.0, 0.0, 0.0, 0.07856742013183848]
140101267	[0.0, 0.0, 0.0, 0.0, 0.0]	[0.0, 0.0, 0.0, 0.0, 0.0]
862688770205863937	[0.0, 0.0, 0.0, 1.0, 0.5]	[0.0, 0.0, 0.0, 0.0, 0.0]
474013625	[0.0, 0.0, 0.0, 1.0, 0.44488711819389076]	[0.0, 0.0, 0.0, 0.0, 0.07840950554648347]
801355099796803584	[-4.28305768020819e-104, 0.0, 0.033466135428978076, 0.06708755112377801, 0.4107569721115543]	[1.48357515965134e-104, 0.0, 0.07465416839940739, 0.02228527142143575, 0.05811181836877414]
21422783	[0.0, 0.0, 8.342622335237675e-09, 0.7311027383677957, 1.559760956175298]	[0.0, 0.0, 3.9097511495402506e-09, 0.38762483822323096, 0.6336206348129024]
39475170	[0.0, 0.0, -5.193917261461931e-88, 0.0, 0.0]	[0.0, 0.0, 2.344017111028103e-102, 0.0, 0.0]
875915736300040192	[0.0, 0.0, 0.0, 1.0, 1.0]	[0.0, 0.0, 0.0, 0.0, 0.0]
192463771	[0.0, 0.0, 0.0, 1.0, 0.5]	[0.0, 0.0, 0.0, 0.0, 0.0]
884586449831686145	[0.0, 0.0, 0.0, 0.0, 0.0]	[0.0, 0.0, 0.0, 0.0, 0.0]
802492036268126208	[0.0, 0.0, 0.0, 0.0, 0.0]	[0.0, 0.0, 0.0, 0.0, 0.0]
154172528	[0.0, 0.0, 0.0, 0.0, 0.0]	[0.0, 0.0, 0.0, 0.0, 0.0]
288567673	[0.0, 0.0, 0.0, 1.0, 0.5]	[0.0, 0.0, 0.0, 0.0, 0.0]
704221216912105473	[2.010454589208054e-194, 0.0, 0.4999999995638975, 0.025000000000000085, 0.5]	[0.0, 0.0, 1.4432899320127035e-15, 8.326672684688674e-17, 0.0]
465965880	[0.0, 0.0, 0.0, 0.0, 0.0]	[0.0, 0.0, 0.0, 0.0, 0.0]
1156991923	[0.0, 0.0, 0.009774295312852711, 0.11111111111111079, 0.5]	[0.0, 0.0, 1.734723475976807e-18, 3.191891195797325e-16, 0.0]
3292722958	[0.0, 0.0, 0.0, 0.0, 0.0]	[0.0, 0.0, 0.0, 0.0, 0.0]
2173684107	[0.0, 0.0, 0.0, 0.25, 0.5]	[0.0, 0.0, 0.0, 0.0, 0.0]
2413215217	[0.0, 0.0, 0.0, 0.0, 0.0]	[0.0, 0.0, 0.0, 0.0, 0.0]
22900494	[0.0, 0.0, 0.0, 1.0, 0.5]	[0.0, 0.0, 0.0, 0.0, 0.0]
860264322311659520	[0.0, 0.0, 0.0, 0.0, 0.0]	[0.0, 0.0, 0.0, 0.0, 0.0]
311380778	[0.0, 0.0, -6.243578032925486e-114, 0.047619047619047485, 0.5]	[0.0, 0.0, 3.606632272572553e-129, 1.3183898417423734e-16, 0.0]
474708096	[0.0, 0.0, 3.7245913477932635e-154, 0.10000000000000034, 0.5]	[0.0, 0.0, 0.0, 3.3306690738754696e-16, 0.0]
1653321740	[0.0, 0.0, 0.0, 0.0, 0.0]	[0.0, 0.0, 0.0, 0.0, 0.0]
890041069639016448	[0.0, 0.0, 0.0, 0.0, 0.0]	[0.0, 0.0, 0.0, 0.0, 0.0]
1143130812	[0.0, 0.0, 0.0, 0.0, 0.0]	[0.0, 0.0, 0.0, 0.0, 0.0]
4376048613	[1.317382159067614e-309, 0.0, -1.8072912663027883e-176, 0.05000000000000017, 0.5]	[0.0, 0.0, 0.0, 1.6653345369377348e-16, 0.0]
1005305156	[0.0, 0.0, 0.0, 0.0, 0.0]	[0.0, 0.0, 0.0, 0.0, 0.0]
37105136	[0.0, 0.0, 0.0, 0.25, 0.5]	[0.0, 0.0, 0.0, 0.0, 0.0]
818479808837455873	[0.0, 0.0, 0.0, 0.5, 0.5]	[0.0, 0.0, 0.0, 0.0, 0.0]
756914316566224896	[0.0, 0.0, 5.591716606430891e-199, 0.25, 0.5]	[0.0, 0.0, 0.0, 0.0, 0.0]
849608792098705408	[0.0, 0.0, 2.833811127159975e-172, 0.25, 0.5]	[0.0, 0.0, 0.0, 0.0, 0.0]
11985982	[0.0, 0.0, 0.0, 0.0, 0.0]	[0.0, 0.0, 0.0, 0.0, 0.0]
3372055939	[0.0, 0.0, 0.0, 0.0, 0.0]	[0.0, 0.0, 0.0, 0.0, 0.0]
562662319	[0.0, 0.0, 0.0, 0.0, 0.0]	[0.0, 0.0, 0.0, 0.0, 0.0]
847424832400629760	[0.0, 0.0, 0.0, 0.0, 0.0]	[0.0, 0.0, 0.0, 0.0, 0.0]
886794351459827713	[0.0, 0.0, 0.009774295312852711, 0.11111111111111079, 0.5]	[0.0, 0.0, 1.734723475976807e-18, 3.191891195797325e-16, 0.0]
817189988462800896	[0.0, 0.0, 0.0, 0.0, 0.0]	[0.0, 0.0, 0.0, 0.0, 0.0]
3664826895	[0.0, 0.0, 0.0, 0.0, 0.0]	[0.0, 0.0, 0.0, 0.0, 0.0]
80172249	[0.0, 0.0, 0.0, 0.0, 0.0]	[0.0, 0.0, 0.0, 0.0, 0.0]
65375944	[0.0, 0.0, 0.0, 0.0, 0.0]	[0.0, 0.0, 0.0, 0.0, 0.0]
