532655237	[0.0, 0.0, 4.5845016163907725e-10, 0.0, 0.0]	[0.0, 0.0, 1.6543612251060553e-24, 0.0, 0.0]
552278840	[-3.1697355676630214e-08, -3.1697355676630214e-08, 2.338967079112269e-06, 1.0, 0.5]	[8.602678370551488e-23, 8.602678370551488e-23, 4.658681209898652e-21, 0.0, 0.0]
892926801860677632	[1.0187630196766956e-06, 1.0187633792518353e-06, 0.0002645844698014464, 0.11111111111111079, 0.5]	[1.6940658945086007e-21, 4.658681209898652e-21, 9.75781955236954e-19, 3.191891195797325e-16, 0.0]
905719296134971392	[0.0, 0.0, 2.0550042435837697e-06, 0.0, 0.0]	[0.0, 0.0, 6.776263578034403e-21, 0.0, 0.0]
377925526	[1.1847558296725141e-07, 1.1847558296725141e-07, -2.0073464614120856e-07, 1.0, 0.4444444444444441]	[2.0943722030293193e-08, 2.0943722030293193e-08, 3.5485207376382584e-08, 0.0, 0.07856742013183848]
3545097856	[0.0, 0.0, -3.291369597590589e-06, 0.0, 0.0]	[0.0, 0.0, 1.2705494208814505e-21, 0.0, 0.0]
890502281887612928	[3.763983197578995e-07, 3.763983197578995e-07, -3.0826181800752024e-07, 1.0, 0.5]	[1.1117307432712692e-21, 1.1117307432712692e-21, 4.764560328305439e-22, 0.0, 0.0]
3398737828	[4.0372572178487446e-07, 4.037256655523106e-07, 6.179223201314441e-06, 0.8000000000000013, 0.4444444444444441]	[3.0793610354613237e-07, 3.0793602402127574e-07, 5.749509518306583e-06, 0.2828427124746184, 0.07856742013183848]
1664655710	[0.0, 0.0, -2.620097417580237e-07, 0.0, 0.0]	[0.0, 0.0, 7.411538288475128e-22, 0.0, 0.0]
743729451708481536	[0.0, 0.0, 3.008234631338292e-07, 0.0, 0.0]	[0.0, 0.0, 4.235164736271502e-22, 0.0, 0.0]
211577392	[-3.016177266770311e-07, -3.016177266770311e-07, -4.2358222269304744e-07, 0.0, 0.0]	[1.2176098616780567e-21, 1.2176098616780567e-21, 1.641126335305207e-21, 0.0, 0.0]
751805919743315969	[0.0, 0.0, 7.81391003400142e-07, 0.0, 0.0]	[0.0, 0.0, 2.4352197233561135e-21, 0.0, 0.0]
909435307304607744	[0.0, 0.0, 0.0, 0.0, 0.0]	[0.0, 0.0, 0.0, 0.0, 0.0]
222496251	[8.802704336500011e-05, 8.802708708241259e-05, 0.4980560550920183, 0.025000000000000088, 0.5]	[2.710505431213761e-19, 2.710505431213761e-20, 2.275957200481571e-15, 8.673617379884035e-17, 0.0]
876224066759405568	[0.0, 0.0, 1.791455080214318e-07, 0.0, 0.0]	[0.0, 0.0, 5.558653716356346e-22, 0.0, 0.0]
54219545	[3.4552156826250796e-07, 3.4552156826250796e-07, 4.7583362157294606e-07, 0.0, 0.0]	[0.0, 0.0, 1.376428539288238e-21, 0.0, 0.0]
1028440310	[0.0, 0.0, 9.564476453695717e-07, 0.0, 0.0]	[0.0, 0.0, 4.235164736271502e-21, 0.0, 0.0]
179181381	[0.0, 0.0, -1.604004271769018e-05, 0.0, 0.0]	[0.0, 0.0, 3.3881317890172014e-20, 0.0, 0.0]
25816024	[1.1807575716964884e-07, 1.1807575716964884e-07, 3.2369617243576334e-05, 1.0, 0.5]	[3.044024654195142e-22, 3.044024654195142e-22, 1.9651164376299768e-19, 0.0, 0.0]
569257486	[0.0, 0.0, -1.5156739633737386e-07, 0.0, 0.0]	[0.0, 0.0, 0.0, 0.0, 0.0]
20447568	[0.0, 0.0, -1.438104021385408e-07, 1.0, 0.5]	[0.0, 0.0, 1.0587911840678754e-22, 0.0, 0.0]
3356627800	[-1.1073223461857239e-07, -1.1073223461857239e-07, 9.083860199588688e-06, 1.0, 0.5]	[4.632211430296955e-22, 4.632211430296955e-22, 4.2351647362715017e-20, 0.0, 0.0]
58429842	[3.389992538626428e-07, 3.389992538626428e-07, 3.389992538626428e-07, 0.0, 0.0]	[5.823351512373315e-22, 5.823351512373315e-22, 5.823351512373315e-22, 0.0, 0.0]
19590930	[-3.884015761616857e-07, -3.8839972880911237e-07, -4.935902477428032e-05, 0.75199203187251, 0.44488711819389076]	[3.4406970851112216e-07, 3.4406708026891997e-07, 7.302034890813984e-05, 0.3528427749591754, 0.07840950554648347]
245957521	[-1.0369986604051321e-07, -1.0369986604051321e-07, 8.684167895241702e-07, 1.0, 0.5]	[1.7205356741102976e-22, 1.7205356741102976e-22, 5.823351512373315e-21, 0.0, 0.0]
3289816264	[0.0, 0.0, 2.8256049104749718e-05, 0.0, 0.0]	[0.0, 0.0, 2.710505431213761e-20, 0.0, 0.0]
714602578529665024	[0.0, 0.0, 4.9240789338131e-07, 0.0, 0.0]	[0.0, 0.0, 2.4352197233561135e-21, 0.0, 0.0]
826067879879651329	[0.0, 0.0, 4.925770361180843e-07, 0.0, 0.0]	[0.0, 0.0, 2.4352197233561135e-21, 0.0, 0.0]
1631211283	[6.351941742703858e-06, 6.3520233321265305e-06, -7.515254918337633e-05, 0.2667684391755846, 1.2250996015936255]	[2.2396083657673084e-06, 2.2396454692701266e-06, 3.4393156702251484e-05, 0.044835066989541913, 0.40267303660522374]
117754884	[0.0, 0.0, 1.4445028643364012e-06, 0.0, 0.0]	[0.0, 0.0, 4.446922973085077e-21, 0.0, 0.0]
42401449	[-1.2159942643982555e-07, -1.2159942643982555e-07, 3.000755139879419e-07, 1.0, 0.4444444444444441]	[2.1495944755998807e-08, 2.1495944755998807e-08, 5.304635770222804e-08, 0.0, 0.07856742013183848]
223782598	[1.703494303878354e-06, 1.7034944228435245e-06, 3.1435909139530775e-05, 0.11111111111111079, 0.5]	[1.2705494208814505e-21, 6.1409888675936775e-21, 9.486769009248164e-20, 3.191891195797325e-16, 0.0]
786863976030220289	[0.0, 0.0, -2.9587431761266275e-07, 0.0, 0.0]	[0.0, 0.0, 7.940933880509066e-22, 0.0, 0.0]
1707513156	[0.0, 0.0, 1.6676281772700309e-06, 0.0, 0.0]	[0.0, 0.0, 1.9058241313221758e-21, 0.0, 0.0]
2920256952	[0.0, 0.0, 4.052212626347708e-07, 0.0, 0.0]	[0.0, 0.0, 1.376428539288238e-21, 0.0, 0.0]
2906686402	[-2.1470700009232314e-06, -2.1470700009232314e-06, 3.169342019210586e-06, 1.0, 0.5]	[8.893845946170154e-21, 8.893845946170154e-21, 5.505714157152952e-21, 0.0, 0.0]
359850032	[1.0943072125148115e-05, 1.0943081559156378e-05, 2.1055053197864985e-05, 0.25, 0.5]	[4.0657581468206416e-20, 3.049318610115481e-20, 5.082197683525802e-20, 0.0, 0.0]
845781575170244610	[-4.207720804469518e-06, -4.207720804469518e-06, 6.162739363357963e-06, 1.0, 1.5]	[2.202285662861181e-20, 2.202285662861181e-20, 1.8634724839594607e-20, 0.0, 0.0]
857912957346471936	[0.0, 0.0, 4.7508140198413745e-07, 0.0, 0.0]	[0.0, 0.0, 1.2705494208814505e-21, 0.0, 0.0]
791162759228624896	[2.058447672958525e-06, 2.058446421295208e-06, 3.113545622715811e-05, 0.11111111111111079, 0.5]	[4.235164736271502e-21, 3.3881317890172014e-21, 1.8295911660692887e-19, 3.191891195797325e-16, 0.0]
878977884999876610	[0.0, 0.0, 6.23659079390754e-07, 0.0, 0.0]	[0.0, 0.0, 3.5998900258307764e-21, 0.0, 0.0]
1274709210	[-6.867684591791546e-08, -6.867687037289791e-08, 5.924437991294619e-07, 1.0, 0.17500000000000035]	[2.2734537904297244e-07, 2.273453833371631e-07, 4.815220133827391e-07, 0.0, 0.03535533905932741]
26203837	[0.0, 0.0, 8.888383218731574e-07, 1.0, 0.5]	[0.0, 0.0, 2.964615315390051e-21, 0.0, 0.0]
142334501	[1.021923425438266e-07, 1.021923425438266e-07, 7.806810226777674e-07, 1.0, 0.5]	[3.705769144237564e-22, 3.705769144237564e-22, 1.0587911840678754e-21, 0.0, 0.0]
741963075985760256	[1.8166425852913026e-06, 1.8166441039702181e-06, 3.145954289613789e-05, 0.11111111111111079, 0.5]	[1.1011428314305904e-20, 5.717472393966527e-21, 1.0164395367051604e-19, 3.191891195797325e-16, 0.0]
222036996	[0.0, 0.0, -2.9617286964417604e-07, 0.0, 0.0]	[0.0, 0.0, 8.470329472543003e-22, 0.0, 0.0]
36327895	[1.2060573752176426e-07, 1.206057315294658e-07, 3.973131854437755e-06, 1.0, 0.28888888888888925]	[3.057041231928443e-08, 3.057040384489461e-08, 7.792233841839271e-07, 0.0, 0.06285393610547078]
809247439383392257	[0.0, 0.0, 2.961217219672844e-07, 0.0, 0.0]	[0.0, 0.0, 1.0587911840678754e-22, 0.0, 0.0]
422684232	[-2.5131286157477593e-06, -2.5131286157477593e-06, 1.1249206218541633e-05, 0.09420902249587497, 0.36055776892430197]	[1.970136438323398e-06, 1.970136438323398e-06, 9.079706764843762e-06, 0.007468315479680961, 0.06161360270736808]
388187529	[0.0, 0.0, 2.4099953934458527e-06, 0.0, 0.0]	[0.0, 0.0, 4.235164736271502e-21, 0.0, 0.0]
800434576350789632	[9.075007375386149e-07, 9.075007375386149e-07, 1.7535108961925942e-05, 0.25, 0.5]	[2.8587361969832636e-21, 2.8587361969832636e-21, 5.082197683525802e-20, 0.0, 0.0]
827106904245731328	[0.0, 0.0, -7.413410419226448e-05, 0.0, 0.0]	[0.0, 0.0, 2.303929616531697e-19, 0.0, 0.0]
86711514	[-1.3970968327814842e-05, -1.3970968327814842e-05, -1.6493287449664534e-05, 0.0, 0.0]	[4.2351647362715017e-20, 4.2351647362715017e-20, 1.3552527156068805e-20, 0.0, 0.0]
819581851903938562	[0.0, 0.0, 2.985433102938939e-07, 0.0, 0.0]	[0.0, 0.0, 7.940933880509066e-22, 0.0, 0.0]
293013635	[0.0, 0.0, 1.7597751426967288e-06, 0.0, 0.0]	[0.0, 0.0, 8.258571235729428e-21, 0.0, 0.0]
2368436134	[3.513071436199826e-07, 3.513071436199826e-07, -2.0166116965289504e-06, 1.0, 0.5]	[1.376428539288238e-21, 1.376428539288238e-21, 4.235164736271502e-21, 0.0, 0.0]
2862964321	[3.7423089638276996e-05, 3.7423089638276996e-05, 5.1944729423138646e-05, 0.019999999999999924, 0.5]	[6.776263578034403e-21, 0.0, 2.371692252312041e-19, 7.632783294297951e-17, 0.0]
54851559	[5.357732207685727e-07, 5.357732207685727e-07, 3.645894920677375e-07, 0.0, 0.0]	[2.4352197233561135e-21, 2.4352197233561135e-21, 3.1763735522036263e-22, 0.0, 0.0]
777573276692451328	[8.856686179002672e-05, 8.856687662872365e-05, 0.4980515014435092, 0.025000000000000085, 0.5]	[2.439454888092385e-19, 1.0842021724855044e-19, 2.886579864025407e-15, 8.326672684688674e-17, 0.0]
560467206	[-1.003677474265707e-06, -1.003677474265707e-06, -1.878594242779259e-06, 1.0, 0.4444444444444441]	[1.7742678704436707e-07, 1.7742678704436707e-07, 3.320916820418038e-07, 0.0, 0.07856742013183848]
140101267	[0.0, 0.0, 9.882528877684328e-05, 0.0, 0.0]	[0.0, 0.0, 3.9302328752599536e-19, 0.0, 0.0]
862688770205863937	[-1.1759918903599226e-06, -1.1759918903599226e-06, 5.524234561317165e-06, 1.0, 0.5]	[1.4823076576950256e-21, 1.4823076576950256e-21, 1.1011428314305904e-20, 0.0, 0.0]
474013625	[-8.075558473968311e-07, -8.075557761438935e-07, 2.062730361627954e-06, 1.0, 0.44488711819389076]	[6.270343366089352e-10, 6.271357086923993e-10, 1.502336589652214e-06, 0.0, 0.07840950554648347]
801355099796803584	[-3.746812244833203e-05, -3.746811373694297e-05, 0.0333541222110741, 0.06708755112377801, 0.4107569721115543]	[2.377305675385313e-05, 2.377305706919814e-05, 0.07436235001578848, 0.02228527142143575, 0.05811181836877414]
21422783	[-2.131400898091673e-06, -2.131400898091673e-06, -7.085714165142589e-06, 0.7311027383677957, 1.559760956175298]	[2.7375475795364196e-06, 2.7375475795364196e-06, 7.740208535858646e-06, 0.38762483822323096, 0.6336206348129024]
39475170	[4.477551794080388e-06, 4.477551794080388e-06, -0.0002653186501623535, 0.0, 0.0]	[1.0164395367051604e-20, 1.0164395367051604e-20, 1.3552527156068805e-18, 0.0, 0.0]
875915736300040192	[2.3286544882786628e-07, 2.3286544882786628e-07, -3.0304941105703204e-07, 1.0, 1.0]	[1.2440796412797536e-21, 1.2440796412797536e-21, 1.9587636905255695e-21, 0.0, 0.0]
192463771	[1.7452661836351573e-07, 1.7452661836351573e-07, 2.9007985480934704e-07, 1.0, 0.5]	[5.293955920339377e-22, 5.293955920339377e-22, 1.5881867761018131e-22, 0.0, 0.0]
884586449831686145	[0.0, 0.0, 1.4872727481545504e-06, 0.0, 0.0]	[0.0, 0.0, 8.470329472543003e-21, 0.0, 0.0]
802492036268126208	[0.0, 0.0, 2.2529041563146375e-06, 0.0, 0.0]	[0.0, 0.0, 5.505714157152952e-21, 0.0, 0.0]
154172528	[0.0, 0.0, 2.2857341866634522e-06, 0.0, 0.0]	[0.0, 0.0, 3.8116482626443515e-21, 0.0, 0.0]
288567673	[0.0, 0.0, 2.4658289734468935e-06, 1.0, 0.5]	[0.0, 0.0, 1.0587911840678754e-20, 0.0, 0.0]
704221216912105473	[9.650802592702891e-05, 9.650722787414919e-05, 0.4980632319851568, 0.025000000000000085, 0.5]	[4.2012834183813297e-19, 3.6591823321385775e-19, 9.992007221626409e-16, 8.326672684688674e-17, 0.0]
465965880	[-1.0679652000321922e-05, -1.0679652000321922e-05, -1.0169366045801441e-05, 0.0, 0.0]	[2.879912020664621e-20, 2.879912020664621e-20, 8.470329472543003e-21, 0.0, 0.0]
1156991923	[1.2506076540893206e-06, 1.2506076540893206e-06, 0.00026487599490221235, 0.11111111111111079, 0.5]	[3.5998900258307764e-21, 3.5998900258307764e-21, 1.1926223897340549e-18, 3.191891195797325e-16, 0.0]
3292722958	[0.0, 0.0, 2.9683149156402113e-07, 0.0, 0.0]	[0.0, 0.0, 1.7999450129153882e-21, 0.0, 0.0]
2173684107	[6.892227267385882e-07, 6.892844848394289e-07, 1.057567361501496e-06, 0.25, 0.5]	[1.376428539288238e-21, 3.3881317890172014e-21, 2.117582368135751e-21, 0.0, 0.0]
2413215217	[0.0, 0.0, 2.696286159955618e-07, 0.0, 0.0]	[0.0, 0.0, 5.823351512373315e-22, 0.0, 0.0]
22900494	[-1.0543758495633394e-07, -1.0543758495633394e-07, 3.0997373241722916e-07, 1.0, 0.5]	[1.3234889800848443e-22, 1.3234889800848443e-22, 1.0587911840678754e-21, 0.0, 0.0]
860264322311659520	[0.0, 0.0, 1.9723768865374457e-07, 0.0, 0.0]	[0.0, 0.0, 5.558653716356346e-22, 0.0, 0.0]
311380778	[1.186891118095152e-05, 1.186891118095152e-05, -2.0960135405651953e-06, 0.047619047619047485, 0.5]	[4.743384504624082e-20, 4.743384504624082e-20, 1.6940658945086007e-21, 1.3183898417423734e-16, 0.0]
474708096	[1.9456306259105804e-06, 1.9456306259105804e-06, 3.224642401329527e-05, 0.10000000000000034, 0.5]	[7.623296525288703e-21, 7.199780051661553e-21, 1.1519648082658485e-19, 3.3306690738754696e-16, 0.0]
1653321740	[0.0, 0.0, 7.968812296758239e-07, 0.0, 0.0]	[0.0, 0.0, 9.529120656610879e-22, 0.0, 0.0]
890041069639016448	[0.0, 0.0, 7.546792958153176e-07, 0.0, 0.0]	[0.0, 0.0, 1.6940658945086007e-21, 0.0, 0.0]
1143130812	[0.0, 0.0, 7.227475422657775e-07, 0.0, 0.0]	[0.0, 0.0, 2.117582368135751e-22, 0.0, 0.0]
4376048613	[3.3939528696807615e-05, 3.393952212319632e-05, 1.9375122029042006e-05, 0.05000000000000017, 0.5]	[1.1519648082658485e-19, 3.3881317890172014e-20, 1.0164395367051604e-20, 1.6653345369377348e-16, 0.0]
1005305156	[0.0, 0.0, 2.959519284098817e-07, 0.0, 0.0]	[0.0, 0.0, 7.411538288475128e-22, 0.0, 0.0]
37105136	[1.0710185401902746e-06, 1.0710179231991998e-06, 1.0710185401902746e-06, 0.25, 0.5]	[1.4823076576950256e-21, 2.117582368135751e-21, 1.4823076576950256e-21, 0.0, 0.0]
818479808837455873	[-2.5529970270349506e-07, -2.5529970270349506e-07, -5.980428220392843e-07, 0.5, 0.5]	[1.164670302474663e-21, 1.164670302474663e-21, 2.117582368135751e-21, 0.0, 0.0]
756914316566224896	[9.075007375386149e-07, 9.075007375386149e-07, 1.9278979795421108e-05, 0.25, 0.5]	[2.8587361969832636e-21, 2.8587361969832636e-21, 1.0503208545953324e-19, 0.0, 0.0]
849608792098705408	[-5.488767845643825e-07, -5.488769108315671e-07, 4.5012251612752005e-05, 0.25, 0.5]	[1.4823076576950256e-21, 4.235164736271502e-22, 7.453889935837843e-20, 0.0, 0.0]
11985982	[3.998059075587428e-07, 3.998059075587428e-07, 3.998059075587428e-07, 0.0, 0.0]	[1.0058516248644817e-21, 1.0058516248644817e-21, 1.0058516248644817e-21, 0.0, 0.0]
3372055939	[0.0, 0.0, 1.5260561255717347e-05, 0.0, 0.0]	[0.0, 0.0, 4.743384504624082e-20, 0.0, 0.0]
562662319	[0.0, 0.0, 3.947913329409201e-07, 0.0, 0.0]	[0.0, 0.0, 1.641126335305207e-21, 0.0, 0.0]
847424832400629760	[0.0, 0.0, -9.466494751779456e-07, 0.0, 0.0]	[0.0, 0.0, 2.8587361969832636e-21, 0.0, 0.0]
886794351459827713	[1.612496201811546e-06, 1.6124948524020637e-06, 0.00026508916735430666, 0.11111111111111079, 0.5]	[9.740878893424454e-21, 9.529120656610879e-21, 1.3010426069826053e-18, 3.191891195797325e-16, 0.0]
817189988462800896	[0.0, 0.0, 1.986171107323134e-07, 0.0, 0.0]	[0.0, 0.0, 9.793818452627848e-22, 0.0, 0.0]
3664826895	[0.0, 0.0, 1.0872120165630274e-07, 0.0, 0.0]	[0.0, 0.0, 4.632211430296955e-22, 0.0, 0.0]
80172249	[0.0, 0.0, 2.965504150218138e-07, 0.0, 0.0]	[0.0, 0.0, 4.764560328305439e-22, 0.0, 0.0]
65375944	[0.0, 0.0, 1.0031902452990727e-07, 0.0, 0.0]	[0.0, 0.0, 2.9116757561866574e-22, 0.0, 0.0]
