192463771	[0.03360802411550015, 0.0033856022218943962, 0.09760958624230426, 0.8779872339041822, 0.0002509363427908359]	[0.00526559245151127, 0.0005304447962236776, 0.015293142457475492, 0.015091370394476718, 4.3465955046196246e-05]
19590930	[0.06901669027583963, 0.006952596950912882, 0.19980603067246433, 0.8328532448443925, 0.0006055183121611526]	[0.04861258320435389, 0.0048971297233094315, 0.14027913181966611, 0.058506294206220395, 0.0004879963562295316]
20447568	[0.040358748753439894, 0.004065655989853153, 0.11712529931660969, 0.8646030815097859, 0.00031656635451028284]	[0.013525562737646163, 0.0013625367650430674, 0.0391570858612284, 0.03062055867284374, 0.00012551356035598617]
211577392	[0.031695235787753226, 0.003192911917038095, 0.0920541725530366, 0.8834658959087703, 0.0002351396101911841]	[0.005456196558801472, 0.0005496458562719025, 0.015846724185004067, 0.015634917534475636, 4.504484181535405e-05]
21422783	[0.04264450455177825, 0.004295918235139392, 0.12374880544125222, 0.8590498175957849, 0.00033709046365009847]	[0.013301306615695044, 0.0013399456627256475, 0.038500455582132574, 0.029638673163394018, 0.00012422691414133545]
2173684107	[0.04172787196818667, 0.004203578597545946, 0.12109666943449336, 0.8610155091539915, 0.000328427947221943]	[0.013069287300983048, 0.0013165725270166597, 0.03783027482485075, 0.02922384996138639, 0.00012191806590335301]
222036996	[0.026643451018882925, 0.0026840056606262097, 0.07738200321097811, 0.8979432832733812, 0.00019343621220562228]	[1.6270632083665436e-06, 1.6390695253223953e-07, 4.725566906660736e-06, 1.1245032561432746e-05, 1.0864668827360834e-10]
222496251	[0.09343827715014402, 0.009465690365576415, 0.27121412866209293, 0.8078040925768729, 0.0009033116626601533]	[0.0701018542617144, 0.007189619973093549, 0.19958974437754406, 0.07306245334596428, 0.0007087303581079936]
223782598	[0.037372709853301066, 0.0037370860897015614, 0.11109653824874247, 0.8648605435649909, 0.0003533684802994357]	[0.01484757622670496, 0.0015647918945398164, 0.03801864814622708, 0.029637849352258834, 0.00023829676290223928]
22900494	[0.040703804392889856, 0.004100416184971608, 0.11813369118014068, 0.8632100563579365, 0.00031874651812017]	[0.012727012181083311, 0.0012820924539814335, 0.0368413825811031, 0.02859339070535727, 0.00011853787308221615]
2368436134	[0.09939247635302231, 0.010086162662220576, 0.28684748867508847, 0.8020732109259534, 0.0009236541644181832]	[0.06843779217990421, 0.007003251851412739, 0.19655857003554775, 0.07161050242609068, 0.0007092436267918539]
2413215217	[0.03261238539480322, 0.003285303654700707, 0.09471789932729685, 0.8808424161343247, 0.00024272177531300054]	[0.005449916934717474, 0.0005490132600449306, 0.01582848593611178, 0.015618143112240076, 4.499128765762346e-05]
245957521	[0.03211586213210247, 0.0032352849372764172, 0.09327582019567822, 0.8822618263178438, 0.00023861486977440222]	[0.0054725758465191615, 0.0005512958715390743, 0.015894295428453924, 0.015682597981867653, 4.517864660225028e-05]
1143130812	[0.038792553292037305, 0.003907880764309947, 0.11259965508680524, 0.8675758901055183, 0.0003011243896851064]	[0.012245894058124176, 0.0012336256344016798, 0.03545414120358608, 0.027886072585476155, 0.00011348124069543391]
25816024	[0.16991653560175568, 0.01731124257264331, 0.38454431495474123, 0.7552880397161504, 0.0014783181012448202]	[0.13152188458740635, 0.013458800679589844, 0.23850505177613418, 0.10224923315997937, 0.001107031694352462]
26203837	[0.0690173440558908, 0.006952662811345937, 0.1998079263022845, 0.8328504356521861, 0.0006055196770515009]	[0.048612450215947414, 0.00489711632633398, 0.14027874852439456, 0.058506731484612225, 0.0004879960415065906]
1156991923	[0.04070300752471067, 0.004100335910141814, 0.11813138165460468, 0.8632129495744677, 0.00031874441708349457]	[0.012725340214689906, 0.0012819240235889913, 0.03683653485647478, 0.028585755215217, 0.00011853481880891677]
2862964321	[0.17874566791323174, 0.018213617970771083, 0.40293006918121355, 0.7474287809056699, 0.0015573189451320681]	[0.13110413125575404, 0.013417447174857794, 0.23481297949853272, 0.10040844855231937, 0.0010981950791708079]
117754884	[0.04005958090265753, 0.004035518454829276, 0.11626264322059104, 0.8650552118544691, 0.00031342928850701005]	[0.013136495144589082, 0.0013233429128000358, 0.03803036160984113, 0.02972999949316348, 0.0001219592355768947]
11985982	[0.03253822780589634, 0.003277833173933655, 0.09450251946607528, 0.8810468311648907, 0.00024209066862664587]	[0.005456970947895313, 0.0005497238666133529, 0.015848973284766095, 0.01563940330578678, 4.5045309279245484e-05]
288567673	[0.03724596113680558, 0.003737168796810981, 0.11539316705504324, 0.8435487669203953, 0.006331092862777421]	[0.015153811693298701, 0.0015644521151260194, 0.03670857325308111, 0.1055066019588917, 0.026264968000396467]
2906686402	[0.09511235889187694, 0.009650664796112223, 0.2745237782834402, 0.8077152862970755, 0.0008806980639329801]	[0.06856575895767995, 0.007013870532269151, 0.1969569606595153, 0.07304179480155089, 0.0007091960949611988]
2920256952	[0.02664328666067892, 0.0026839891035236934, 0.07738152585663459, 0.8979444191932069, 0.0001934362231805951]	[1.5592388303984984e-06, 1.570744662201081e-07, 4.528580929507203e-06, 1.0776281664240944e-05, 1.0411773450429323e-10]
293013635	[0.04070400742361246, 0.004100436637862952, 0.11813428085315325, 0.8632086531628578, 0.00031874650456285055]	[0.01272678788549565, 0.001282069858910656, 0.03684073033706916, 0.0285916863131843, 0.00011853788741410962]
311380778	[0.09939194515673076, 0.010086109150618722, 0.28684594847585954, 0.802075493394621, 0.0009236530554447752]	[0.06843810469544345, 0.0070032834058714665, 0.1965594743198963, 0.07161119313079906, 0.0007092443001701658]
3289816264	[0.1691793235153688, 0.017225409614312046, 0.38349687239941055, 0.7544590547241539, 0.0014986939787300585]	[0.13235809755498418, 0.013557559019302735, 0.239818939726728, 0.10150141047460584, 0.001093779451795133]
3292722958	[0.026642300511454876, 0.002683889760908591, 0.07737866173057346, 0.8979512347121602, 0.00019343628903043227]	[3.469446951953614e-18, 0.0, 0.0, 0.0, 0.0]
3356627800	[0.03941474832025739, 0.003970559366012907, 0.11438982624200367, 0.8669045769362378, 0.0003081120995658085]	[0.013503469182546886, 0.0013603111105615082, 0.0390955065095049, 0.030718330919717027, 0.0001250612959329944]
3372055939	[0.09644707927989404, 0.009770394233102414, 0.279939079092599, 0.8028237650292969, 0.0009339020865304231]	[0.06942198347317327, 0.00712390472579388, 0.19746326642561163, 0.07064484966340945, 0.000700816617414907]
3664826895	[0.09939226165589123, 0.010086141034079586, 0.2868468651187002, 0.8020744870865433, 0.0009236540544992825]	[0.06843798605788806, 0.007003271305586182, 0.19655913366940364, 0.07161165169824803, 0.0007092437259575385]
37105136	[0.041727692805488464, 0.004203560549076949, 0.12109615367402249, 0.8610146476665376, 0.0003284261455167708]	[0.013067466415927556, 0.0013163890948682056, 0.037824994134755305, 0.02921489391251015, 0.00012191536150905159]
465965880	[0.040703804392889856, 0.004100416184971608, 0.11813369118014065, 0.8632100563579364, 0.00031874651812017]	[0.012727012181083311, 0.0012820924539814335, 0.03684138258110311, 0.028593390705357276, 0.00011853787308221615]
3398737828	[0.040213872980747925, 0.004051061508338584, 0.11670547789485007, 0.8649610867826781, 0.00031528157007573715]	[0.013526011723212111, 0.001362581995512599, 0.03915876362935529, 0.03064405063865582, 0.00012548049604071967]
1274709210	[0.17590813639287756, 0.017923267644045816, 0.39720893848590005, 0.7497657589758349, 0.0015322183226906417]	[0.1310999973611013, 0.013416852823613564, 0.2355790828539301, 0.10083100003629931, 0.0010995400248330752]
3545097856	[0.07027412669967022, 0.007079268455832093, 0.20343235366490112, 0.8315036380437032, 0.0006183886121010732]	[0.049159262451489986, 0.0049522010475608405, 0.1418581318491619, 0.05926937329539705, 0.000493315207143491]
359850032	[0.04021949709149481, 0.0040516280752856985, 0.11672540216989868, 0.8647062645141566, 0.00031492733573837764]	[0.013197053471244887, 0.00132944343089261, 0.03820538995837032, 0.029848609186678483, 0.00012254392031439522]
36327895	[0.1812160661142445, 0.018467188749433695, 0.40747036088554806, 0.7464045489084632, 0.0015794556945473636]	[0.1316071928229692, 0.013468105533241495, 0.2357931111424268, 0.10182992691266979, 0.001101190635043206]
377925526	[0.04093408810814819, 0.004123614475926284, 0.11879628824975824, 0.8629561675830086, 0.0003213213919675498]	[0.013157048676996316, 0.0013254134282350458, 0.038087234602716166, 0.02960471885760564, 0.00012243230343382473]
1028440310	[0.04021932615219931, 0.004051610855217757, 0.11672490570173828, 0.864707113655283, 0.0003149271483444154]	[0.013196944366893145, 0.0013294324399444413, 0.03820507093559532, 0.02984740832325962, 0.00012254397641919864]
388187529	[0.09685584467169772, 0.009828398225425326, 0.27953547061262535, 0.8059303777249271, 0.0008987870645328409]	[0.06885053934717754, 0.0070435297970603645, 0.19777200722443705, 0.07340737473174738, 0.0007120923605166998]
39475170	[0.1787463474193817, 0.018213686422796856, 0.40293203903426783, 0.7474259121240653, 0.0015573204390524867]	[0.13110351735933273, 0.013417385244637453, 0.23481106587585457, 0.10040626335979543, 0.0010981936476110084]
422684232	[0.06654241919973888, 0.00668277917023391, 0.19458800208564198, 0.8326278823441898, 0.0006298276739800416]	[0.04934472685721429, 0.00499873004735987, 0.1402060825639024, 0.057424265227471655, 0.0004946544026400723]
42401449	[0.04035748403183501, 0.004065528584437683, 0.11712162611784793, 0.8646104233118456, 0.00031656560187377303]	[0.013525674464298571, 0.0013625480201409365, 0.03915740288295654, 0.030619741691433763, 0.0001255137655995913]
4376048613	[0.1006911507764763, 0.010219361718674248, 0.2905697536221146, 0.8013745383428144, 0.0009375458319017852]	[0.06914363676224036, 0.007075297415331724, 0.19859038618880517, 0.07264812914587102, 0.0007162945476470068]
474013625	[0.04264468621084584, 0.004295936535094804, 0.1237493330434214, 0.8590485621054514, 0.0003370904515198653]	[0.013301088090370745, 0.0013399236489393183, 0.03849982019523604, 0.029637025737290202, 0.00012422692816856838]
474708096	[0.023362543271685257, 0.0024129294407476735, 0.09869037294990264, 0.6381394308798539, 0.049074201441510173]	[0.02180803273922379, 0.002304817379813733, 0.046683705875076656, 0.28583241831184786, 0.06603042247813455]
532655237	[0.026643779735290942, 0.0026840387748312444, 0.07738295791966517, 0.8979410114337302, 0.00019343619025567654]	[1.7080605598944587e-06, 1.7206645671367284e-07, 4.960811857157615e-06, 1.1804825107068154e-05, 1.1405526364867072e-10]
54219545	[0.03169550128946739, 0.003192938663126776, 0.09205494366389923, 0.8834640609613598, 0.00023513959246238182]	[0.00545595075199695, 0.000549621094207323, 0.015846010275123425, 0.01563321870391323, 4.504485822903557e-05]
54851559	[0.03302754714849638, 0.0033271261834789123, 0.09592367586632668, 0.8796509006381803, 0.00024614467164413555]	[0.005396518675164788, 0.000543634030799987, 0.015673398508089107, 0.015466609056435564, 4.454671383574901e-05]
560467206	[0.09939205301680211, 0.01008612001621725, 0.2868462617396474, 0.8020747479472359, 0.0009236530482424491]	[0.06843799004282196, 0.007003271921575398, 0.19655914049192605, 0.07161019521130804, 0.0007092443075854664]
552278840	[0.039315694220468975, 0.003960580870218344, 0.11410682561675461, 0.866875116988087, 0.0003067651648738355]	[0.013132301415769302, 0.0013229204488890273, 0.03802040972374509, 0.02986331132427839, 0.000121671337560973]
562662319	[0.026642300511454876, 0.002683889760908591, 0.07737866173057346, 0.8979512347121602, 0.00019343628903043227]	[3.469446951953614e-18, 0.0, 0.0, 0.0, 0.0]
569257486	[0.0402184762381328, 0.004051525236654789, 0.11672244138297198, 0.8647107656051516, 0.00031492537398696284]	[0.013195726486939273, 0.0013293097532711675, 0.03820154126681765, 0.0298423957668883, 0.00012254139807926776]
58429842	[0.040898160927107685, 0.004119995248199317, 0.11869289206371716, 0.8629992104258636, 0.0003209288509742962]	[0.013091917122814153, 0.0013188522121163806, 0.037898533203337366, 0.029449168279676124, 0.00012185050330833446]
140101267	[0.17614555496447704, 0.017947184695546986, 0.397898487768572, 0.749086510720125, 0.0015341818378787112]	[0.1308390470693711, 0.013390615762789397, 0.23468642371035123, 0.09993133548489172, 0.0010972255905297408]
65375944	[0.0330289798267191, 0.0033272705084936016, 0.09592783687049812, 0.8796421065886744, 0.00024614523867206873]	[0.005397146481393154, 0.0005436972746894335, 0.015675221879376294, 0.015470014344656216, 4.454723202906685e-05]
714602578529665024	[0.02664402627259695, 0.0026840636104850193, 0.07738367395118044, 0.8979393075539918, 0.00019343617379321727]	[1.7257611420826854e-06, 1.7384957642875218e-07, 5.012220606975815e-06, 1.192715816827894e-05, 1.1523721504759412e-10]
704221216912105473	[0.10315865016565953, 0.010470463968207399, 0.2976738153458411, 0.7981591110017107, 0.0009623481831790346]	[0.06893052271340906, 0.007055029965303412, 0.1979593304411387, 0.07164301207989987, 0.0007149194987019688]
142334501	[0.040219842243723235, 0.004051662845200985, 0.11672640461402006, 0.864703879082523, 0.0003149273126909346]	[0.013196698412699926, 0.0013294076630339506, 0.03820435767157842, 0.0298459530654406, 0.00012254394316383647]
751805919743315969	[0.032116352868402066, 0.003235334373027253, 0.09327724546742262, 0.8822589093793531, 0.00023861512101760324]	[0.005473066758790369, 0.0005513453250169239, 0.015895721211282132, 0.015685517089188687, 4.5178897851039935e-05]
1005305156	[0.02664402627259695, 0.00268406361048502, 0.07738367395118044, 0.8979393075539918, 0.0001934361737932172]	[1.7257611420826854e-06, 1.7384957642875218e-07, 5.012220606975815e-06, 1.192715816827894e-05, 1.1523721504759411e-10]
743729451708481536	[0.031695235787753226, 0.003192911917038095, 0.0920541725530366, 0.8834658959087703, 0.0002351396101911841]	[0.005456196558801472, 0.0005496458562719025, 0.015846724185004064, 0.015634917534475636, 4.504484181535405e-05]
741963075985760256	[0.039223296420397874, 0.0039512729153965125, 0.11384267686693972, 0.866867100187242, 0.0003055540635542848]	[0.012786700184665292, 0.0012881053064036938, 0.037019399457724485, 0.02906250226304344, 0.00011853429482121472]
756914316566224896	[0.04388348713904054, 0.004420730735668542, 0.12733478835901174, 0.8563168457630561, 0.00034867583976265883]	[0.013402632198981758, 0.0013501529851103111, 0.03879134812835279, 0.029696144618785895, 0.00012542993543384029]
777573276692451328	[0.04172863533576381, 0.0042036554976028016, 0.1210988865238736, 0.8610109716941174, 0.00032842833804470005]	[0.013069045638418481, 0.0013165481824393664, 0.03782957620079002, 0.029222988005687824, 0.0001219179228257308]
801355099796803584	[0.12865859978093575, 0.01310786374149863, 0.3106364614932146, 0.6389408755861246, 0.04307195733887199]	[0.13638748254787578, 0.013943655507909155, 0.24714013351542788, 0.2129838009128503, 0.07890873991808864]
786863976030220289	[0.026644272809902964, 0.002684088446138795, 0.07738438998269571, 0.8979376036742535, 0.00019343615733075797]	[1.708060559894459e-06, 1.7206645671367284e-07, 4.960811857157615e-06, 1.1804825107068154e-05, 1.1405526364867074e-10]
791162759228624896	[0.038448478563166195, 0.003845456761718891, 0.11420657911583613, 0.8627256289129364, 0.00036382732712873713]	[0.015586584591323926, 0.0016379357262668087, 0.04021858551158484, 0.03095422128807668, 0.00023960069121262451]
800434576350789632	[0.07068705647927798, 0.007120866139049862, 0.20464630632496175, 0.8287941051340493, 0.0006205157494379343]	[0.04758204473105028, 0.004793315436520258, 0.13729164383017964, 0.055927336962413886, 0.00047887466485921164]
80172249	[0.026642300511454876, 0.002683889760908591, 0.07737866173057346, 0.8979512347121602, 0.00019343628903043227]	[3.469446951953614e-18, 0.0, 0.0, 0.0, 0.0]
802492036268126208	[0.09511305520752932, 0.009650734941490284, 0.2745257957688818, 0.8077128925753243, 0.000880700054737913]	[0.06856550508978296, 0.007013844654683399, 0.19695623109491475, 0.07304268623822517, 0.0007091950342771826]
809247439383392257	[0.026643779735290942, 0.002684038774831244, 0.07738295791966517, 0.8979410114337301, 0.00019343619025567657]	[1.7080605598944587e-06, 1.7206645671367284e-07, 4.960811857157615e-06, 1.1804825107068154e-05, 1.1405526364867074e-10]
817189988462800896	[0.026642300511454876, 0.002683889760908591, 0.07737866173057346, 0.8979512347121602, 0.00019343628903043227]	[3.469446951953614e-18, 0.0, 0.0, 0.0, 0.0]
818479808837455873	[0.04070280449398807, 0.0041003154572504695, 0.11813079198159207, 0.8632143527695462, 0.000318744430640814]	[0.012725564519840677, 0.0012819466196231364, 0.03683718712838538, 0.02858745975011736, 0.00011853480447689106]
819581851903938562	[0.026642300511454876, 0.002683889760908591, 0.07737866173057346, 0.8979512347121602, 0.00019343628903043227]	[3.469446951953614e-18, 0.0, 0.0, 0.0, 0.0]
826067879879651329	[0.039314176436479595, 0.003960427971833682, 0.11410242202670119, 0.8668827686798966, 0.00030676301075831133]	[0.013131111681789672, 0.0013228005975824328, 0.03801696177481411, 0.02985880454222122, 0.00012166834489333064]
827106904245731328	[0.17874650009289716, 0.01821370180280823, 0.40293248245214386, 0.7474250046320906, 0.0015573205172170384]	[0.13110335297987666, 0.013417368707473296, 0.23481051114739518, 0.10040518655008962, 0.0010981935569670952]
845781575170244610	[0.09511245944440369, 0.009650674925563955, 0.27452407032353454, 0.8077147868022951, 0.0008806981741647226]	[0.06856569080906756, 0.0070138636715540445, 0.19695676308347526, 0.07304169372660015, 0.0007091960013196645]
847424832400629760	[0.040704208528666, 0.004100456896766414, 0.11813486493334192, 0.8632076541732971, 0.0003187467250263354]	[0.0127269133262943, 0.0012820824955590473, 0.036841097212014715, 0.028593108777432544, 0.00011853781207424693]
849608792098705408	[0.071149737839773, 0.007167475695009842, 0.20597543804263366, 0.8289946195120395, 0.0006256173092233301]	[0.0484669691124181, 0.004882460862164313, 0.13984642975428674, 0.05702575158720298, 0.0004876649553858058]
857912957346471936	[0.03012178430798014, 0.002997388894857041, 0.09098409556253786, 0.8785628248887266, 0.00030682980385960806]	[0.00914685733807718, 0.0010375494441993258, 0.017591852432736782, 0.020510033672285446, 0.0002589410965749216]
154172528	[0.06785314629858531, 0.006835383973902553, 0.19645049345960805, 0.8341007499478752, 0.0005936038832479726]	[0.04807169181334886, 0.004842641455910603, 0.13871702344428513, 0.05776641992365931, 0.0004827129267154163]
860264322311659520	[0.026642990815911705, 0.002683959300739163, 0.07738066661881625, 0.897946463848893, 0.00019343624293554626]	[1.3806089136661482e-06, 1.3907966114300175e-07, 4.0097764855806515e-06, 9.541726534623152e-06, 9.21897720380753e-11]
862688770205863937	[0.09939258421309367, 0.010086173527819106, 0.2868478019388764, 0.802072465478568, 0.0009236541572158571]	[0.06843767752592197, 0.007003240366981902, 0.19655823620358706, 0.07160950447321406, 0.0007092436342071735]
86711514	[0.07300450065796103, 0.0073543206131187165, 0.21133446846415369, 0.8261197256645816, 0.0006436249982899015]	[0.04858936817613737, 0.004894791087121182, 0.140192626863253, 0.0563996028968197, 0.0004895092029328167]
875915736300040192	[0.03302754714849638, 0.0033271261834789123, 0.09592367586632668, 0.8796509006381803, 0.00024614467164413555]	[0.005396518675164788, 0.000543634030799987, 0.015673398508089107, 0.015466609056435564, 4.454671383574901e-05]
876224066759405568	[0.032116352868402066, 0.003235334373027253, 0.09327724546742262, 0.8822589093793531, 0.00023861512101760324]	[0.005473066758790369, 0.0005513453250169237, 0.015895721211282136, 0.015685517089188687, 4.517889785103994e-05]
878977884999876610	[0.032537433818936465, 0.0032777531893440734, 0.09450021344718025, 0.8810518074306757, 0.00024209041578584714]	[0.005456768331235905, 0.0005497034554338702, 0.015848384814339426, 0.015638475575260016, 4.5045039628149625e-05]
884586449831686145	[0.06887284991957986, 0.006915896693426793, 0.20147391738307316, 0.8291160753654655, 0.000656371653577116]	[0.050281763286583875, 0.005095808780464517, 0.1426691599408102, 0.057016561534337325, 0.0005023529581458136]
886794351459827713	[0.041726737686673315, 0.00420346433240049, 0.12109337967124152, 0.8610205103662082, 0.0003284257674981488]	[0.013067929370903144, 0.0013164357319824414, 0.03782633622650438, 0.029217430171387757, 0.00012191549040541418]
890041069639016448	[0.04172787196818667, 0.004203578597545946, 0.12109666943449339, 0.8610155091539916, 0.0003284279472219429]	[0.013069287300983046, 0.0013165725270166597, 0.03783027482485075, 0.029223849961386387, 0.00012191806590335303]
890502281887612928	[0.0402184762381328, 0.004051525236654788, 0.11672244138297198, 0.8647107656051516, 0.00031492537398696284]	[0.013195726486939273, 0.0013293097532711678, 0.03820154126681765, 0.0298423957668883, 0.00012254139807926776]
892926801860677632	[0.040220519581675544, 0.004051731078806311, 0.11672836771072566, 0.8647014198484712, 0.00031492909857210873]	[0.013198093641327378, 0.0013295482154433982, 0.03820840295937862, 0.029852292218942703, 0.0001225465099975029]
905719296134971392	[0.09620303575323982, 0.009762635631144401, 0.27764819540163044, 0.807228439042917, 0.0008924471945126757]	[0.06930570136134392, 0.00708934727023882, 0.1990870499268828, 0.07408586174920545, 0.0007165939265939979]
909435307304607744	[0.09837616967318263, 0.009983782062388891, 0.28390476486583405, 0.8043963795943065, 0.0009142901835379136]	[0.06926402662406117, 0.007086267984429103, 0.19895276862328298, 0.07345216318026991, 0.0007168043295831727]
1707513156	[0.040218476238132794, 0.004051525236654789, 0.11672244138297198, 0.8647107656051516, 0.00031492537398696284]	[0.013195726486939275, 0.0013293097532711675, 0.03820154126681765, 0.0298423957668883, 0.00012254139807926776]
1631211283	[0.06556765374253971, 0.006734659089195245, 0.21641938191698337, 0.6294022591418462, 0.05791385484315351]	[0.07335006836587275, 0.007438065022617998, 0.18976799167508232, 0.24165823704326564, 0.08658995266026573]
1653321740	[0.0266428757651689, 0.0026839477107674006, 0.07738033247077579, 0.8979472589927707, 0.00019343625061802726]	[1.286306408874852e-06, 1.2957982358474498e-07, 3.735888665141059e-06, 8.889978814221196e-06, 8.589274879472738e-11]
1664655710	[0.0678544054305357, 0.0068355108162180605, 0.19645414430222477, 0.8340953396517741, 0.0005936065119256802]	[0.048071463274012904, 0.004842618433332707, 0.1387163652225662, 0.05776738958820291, 0.00048271237882610655]
179181381	[0.1699163246023154, 0.017311221317002724, 0.38454370385951403, 0.7552887105882028, 0.001478317435208482]	[0.1315220388846415, 0.013458816287859377, 0.2385054892558633, 0.10224932602506015, 0.0011070322733159517]
