192463771	[-0.007524014856716265, 2.3558201355051085e-10, -0.007524051675717364, 0.5180747895478333, 0.08537844079803752]	[0.021238729964240644, 3.1487391005188187e-10, 0.021238764912379932, 0.2829684314817172, 0.1159734650181219]
19590930	[-0.007438323534679984, 2.340066322285975e-10, -0.007438359888833576, 0.5238862814391736, 0.0843381540905975]	[0.02112462561043611, 3.1316097460860826e-10, 0.021124660479049658, 0.28579085071677723, 0.11565685602620634]
20447568	[-0.007529040031235237, 2.352780321315727e-10, -0.0073113100811207105, 0.5271876473713567, 0.08044608413019558]	[0.021236968602484446, 3.1550403397285414e-10, 0.021403986443964258, 0.2861046204123215, 0.11366347636762454]
211577392	[-0.007614890887486414, 2.3806855710314146e-10, -0.007614925087705391, 0.5214619409839173, 0.08315972203229105]	[0.021353512044178142, 3.1573294636482277e-10, 0.021353548170954414, 0.2871303952914864, 0.11498576617096817]
21422783	[-0.007354804306576072, 2.324367062771307e-10, -0.00735483992352875, 0.5215951056324167, 0.08421054028185987]	[0.021012331595883716, 3.117896554384919e-10, 0.021012366482842996, 0.2827391249280294, 0.11469966211486143]
2173684107	[-0.007436487311174731, 2.335613230952886e-10, -0.007436522713726709, 0.5166168293923026, 0.08585248907783684]	[0.021125271994798286, 3.134929142054299e-10, 0.021125307200486793, 0.28308675664704763, 0.11536650875532042]
222036996	[-0.0074396103851899695, 2.342589075964356e-10, -0.0074396477409071635, 0.5296577657567506, 0.08216386596075376]	[0.021124191519347427, 3.130485691800351e-10, 0.02112422603372226, 0.2862823308478965, 0.11550006082771351]
222496251	[-0.007347280869848617, 2.3056240807034886e-10, -0.007347320723955987, 0.5292397117672637, 0.08432068607411648]	[0.021014814130385334, 3.1259290418630333e-10, 0.021014847544584773, 0.28584872591205135, 0.11648791346368254]
223782598	[-0.007619403700693498, 2.3910185703236304e-10, -0.007619438282624585, 0.5376697099963356, 0.07723043089780968]	[0.02135194078840942, 3.1510563963568565e-10, 0.02135197677439763, 0.28583646576209987, 0.11248784046937926]
22900494	[-0.007708168158578605, 2.4051917076252056e-10, -0.007708202155702471, 0.5258965895324004, 0.08046370301671177]	[0.0214701574933137, 3.1696818810491127e-10, 0.021470193948901248, 0.2827609798327467, 0.11309108755241813]
2368436134	[-0.0073479580942767886, 2.3078102410953626e-10, -0.007347995989704927, 0.5153535420238319, 0.08863593250706053]	[0.021014633012789927, 3.126491048530297e-10, 0.021014667110862716, 0.28166998618447864, 0.11666258310141908]
2413215217	[-0.007432078603108093, 2.324917842184171e-10, -0.007432117627872069, 0.5125808820055608, 0.08839210679575482]	[0.02112678521050509, 3.141356831140495e-10, 0.021126819146831073, 0.28002692178600863, 0.11625662662623788]
245957521	[-0.007347279123549302, 2.3062119730288577e-10, -0.0073473139607699075, 0.5272125280446508, 0.08511958877825557]	[0.02101481470833937, 3.1254893277505226e-10, 0.021014849876560708, 0.28435252930236776, 0.11534348075685907]
1143130812	[-0.007609105040610227, 2.3660877007832224e-10, -0.007609138101129807, 0.5252652791146925, 0.08095818508252045]	[0.02135549807637614, 3.165280772212634e-10, 0.021355534615147477, 0.2824430142496421, 0.11248177135108538]
25816024	[-0.007533494251328797, 2.379421692136626e-10, -0.007533529775250941, 0.5392747050429075, 0.07805305632013534]	[0.021235427246638832, 3.1332444656790783e-10, 0.021235462643221976, 0.28056292072253586, 0.11158809587400671]
26203837	[-0.007529037251470771, 2.3680014143138544e-10, -0.0075290744261515205, 0.5357166467406973, 0.07950622535100832]	[0.02123696953688224, 3.140363003302456e-10, 0.021237004353113237, 0.28381267793064, 0.11365464247307355]
1156991923	[-0.007613003699803221, 2.3754940526523883e-10, -0.00761303805742536, 0.5201285147504765, 0.08273372678956768]	[0.02135418469042566, 3.161232548366689e-10, 0.021354220762967575, 0.285646738374598, 0.11466477114061398]
117754884	[-0.006662004232651034, 2.372307212294739e-10, -0.006662043644624993, 0.5230173880669574, 0.08675402195683268]	[0.019912854165833705, 3.162861432941377e-10, 0.019912885388605587, 0.28479959957198175, 0.11781843926096747]
2862964321	[-0.00752016004993565, 2.3471278988615025e-10, -0.0075201983214431296, 0.517297556879941, 0.08672628181394558]	[0.02124001946743053, 3.152241259475097e-10, 0.02124005390588252, 0.278482612752807, 0.1150506191962916]
11985982	[-0.007616202613238807, 2.3838685530618524e-10, -0.007616235164218022, 0.5241865285370781, 0.08170180196566813]	[0.02135306335807077, 3.155689352722862e-10, 0.02135310007175689, 0.283013748225915, 0.11295615249577509]
288567673	[-0.0073472802200183086, 2.3062148718388805e-10, -0.0073473157241594, 0.5228996981119945, 0.08449124002877278]	[0.021014814343747478, 3.125487931201784e-10, 0.021014849278793685, 0.2849959954618189, 0.11482896438767662]
2906686402	[-0.0073541241959253914, 2.3227669344398965e-10, -0.0073541602167532935, 0.5279907035834323, 0.0832338291420259]	[0.02101251389643094, 3.116900568941003e-10, 0.021012548642894972, 0.2864866893790899, 0.1152425412034347]
2920256952	[-0.00781229883073786, 2.452176807814493e-10, -0.0078123300770545825, 0.5396492223036372, 0.07379616626858546]	[0.021585651185420756, 3.1668631123964106e-10, 0.021585688890178232, 0.28278170801732644, 0.10894719692000543]
293013635	[-0.007613005612180033, 2.376113661301621e-10, -0.007613039179606705, 0.5151672178132091, 0.0843534335052012]	[0.021354184063586263, 3.160764181305512e-10, 0.021354220417841734, 0.2837321423271131, 0.11461863310486264]
311380778	[-0.00743648612461802, 2.335610367345982e-10, -0.007436521527170631, 0.5166172173665012, 0.0858524886926592]	[0.02112527237221416, 3.134929691514695e-10, 0.021125307577903825, 0.2830871031470963, 0.11536650904023593]
3289816264	[-0.007438326238678369, 2.3394722577211696e-10, -0.007438363968909438, 0.5309856572449901, 0.08128059737110721]	[0.02112462471747663, 3.1320606705897987e-10, 0.02112465910154219, 0.2861685667978898, 0.1150149134964424]
3292722958	[-0.007527177226396844, 2.364098295756225e-10, -0.0075272102390996, 0.5178050662221705, 0.0835257454758869]	[0.021237628739432485, 3.14329271724142e-10, 0.02123766503294551, 0.28460049804571, 0.11419824343628575]
3356627800	[-0.0075175646347039665, 2.340828976447099e-10, -0.007517600440317238, 0.5135188677464936, 0.08757448983026755]	[0.021240900048202636, 3.15540940869882e-10, 0.021240935362624697, 0.2838346637655376, 0.1160739118935062]
3372055939	[-0.007527177407715148, 2.363491118459959e-10, -0.0075272114436697075, 0.5247784259600545, 0.08124519410862287]	[0.021237628675168513, 3.143754096886618e-10, 0.021237664606010703, 0.28526635768851694, 0.11413008885522657]
3398737828	[-0.007799764654840716, 2.421139836942511e-10, -0.007799800773434288, 0.5187916485765599, 0.0829734667573662]	[0.021590085437899018, 3.1867532018653266e-10, 0.021590121392878612, 0.28612987865132217, 0.11551639991786307]
1274709210	[-0.007346690300318924, 2.3047334266412849e-10, -0.007346728326657718, 0.5156596762699139, 0.08821028097649197]	[0.021015057398410596, 3.1280136522168257e-10, 0.021015091452317156, 0.28220375693459654, 0.11638807404777975]
3545097856	[-0.00786207546291508, 2.359723823003456e-10, -0.007862110176198478, 0.5323331769776457, 0.07784787823044174]	[0.021719448027528447, 3.095158394204246e-10, 0.02171948480322747, 0.28156892938516415, 0.11093689449898309]
359850032	[-0.0075334957314523365, 2.3794256453786e-10, -0.007533530506479448, 0.5318591054021, 0.07993775707111417]	[0.02123542674959724, 3.133242582468468e-10, 0.021235462411842262, 0.28876222821760283, 0.11444869501842199]
36327895	[-0.0076045926068399475, 2.3557557785007573e-10, -0.007384177550269827, 0.5183106564058718, 0.08509550198665639]	[0.021357066742537758, 3.1714430311226615e-10, 0.02152595396936318, 0.28578759027752737, 0.11553593142001072]
3664826895	[-0.007527176156078935, 2.3640963191352386e-10, -0.007527213087424178, 0.5188721594576912, 0.08493048104825365]	[0.02123762910475908, 3.143293646198455e-10, 0.021237664009410837, 0.2840692668655816, 0.11568695688313187]
37105136	[-0.007527176097963289, 2.3640954063897384e-10, -0.007527209039892888, 0.516952926617879, 0.08387797624659445]	[0.021237629094793462, 3.1432931306783905e-10, 0.02123766541339165, 0.2852702700667562, 0.11445928024810198]
377925526	[-0.007351041951091712, 2.3152910108962315e-10, -0.007351080815170809, 0.5222779442461739, 0.08647373272208199]	[0.02101357343785274, 3.1217071399558855e-10, 0.021013607193223285, 0.2838318840168662, 0.11659860622381868]
1028440310	[-0.007442730426778469, 2.350157032734355e-10, -0.007442764804200021, 0.5354133147244703, 0.07898985435756149]	[0.0211231115222596, 3.1255675586858904e-10, 0.021123147082273714, 0.28881630459912705, 0.11408053776290822]
388187529	[-0.007438325891961403, 2.3400711386991554e-10, -0.007223218460710627, 0.5253070907173587, 0.0815975435012431]	[0.021124624834601705, 3.1316082857623166e-10, 0.02128960587444337, 0.2850542802961362, 0.1134981667469277]
39475170	[-0.007520163888029031, 2.3465294881358226e-10, -0.007520200707294575, 0.5189790107028519, 0.08537478786271745]	[0.021240018208632968, 3.1526954788758425e-10, 0.0212400531612417, 0.28406022705163053, 0.11597614337176389]
422684232	[-0.007349773895121958, 2.3116204282587626e-10, -0.007349813749095127, 0.52873024526304, 0.08432317669546482]	[0.021013998142864723, 3.123684454280663e-10, 0.02101403155367553, 0.2852847493395316, 0.11648611887200461]
42401449	[-0.007349773895121958, 2.3116204282587626e-10, -0.007349813749095127, 0.52873024526304, 0.08432317669546482]	[0.021013998142864723, 3.123684454280663e-10, 0.02101403155367553, 0.2852847493395316, 0.11648611887200461]
4376048613	[-0.0075201645349807205, 2.3471386420530754e-10, -0.007520200474313244, 0.5126832103311706, 0.08714176364414583]	[0.021240017993596535, 3.1522377593713317e-10, 0.021240053257752998, 0.2828847514936423, 0.11578477100263275]
465965880	[-0.007613005320395178, 2.375497982839709e-10, -0.007613039542385513, 0.5201976898379966, 0.08317402767082643]	[0.021354184162583598, 3.1612315661758e-10, 0.021354220283478675, 0.2855956665159558, 0.11497550451721535]
474013625	[-0.007443416782377906, 2.352372466143504e-10, -0.007443453268501791, 0.5225441035031615, 0.08391316218657448]	[0.02112292574149913, 3.126103417913871e-10, 0.02112296055763834, 0.28430379977407333, 0.11535636190078916]
474708096	[-0.007432680020589657, 2.3258279580960031e-10, -0.007217578378440091, 0.5289846775516849, 0.0830341578282016]	[0.02112653666258048, 3.139246875859199e-10, 0.021291443885722083, 0.2803892994483771, 0.11442436764513343]
532655237	[-0.007354127260111546, 2.3227745230311708e-10, -0.007354163651315928, 0.5289674113214033, 0.08261129521690717]	[0.021012512917854404, 3.1168986112014765e-10, 0.021012547534686232, 0.2859079407023888, 0.11489607758795527]
54219545	[-0.007438328156224038, 2.33947707413435e-10, -0.007197406051108608, 0.5321431488283948, 0.08194481840213665]	[0.02112462409648026, 3.1320592113898125e-10, 0.021321277756645877, 0.28527399288526545, 0.11548994974087447]
54851559	[-0.007700979789777543, 2.3878070448654636e-10, -0.007701014439816285, 0.5164038083773852, 0.08420754036368736]	[0.021472640637025604, 3.178998234354553e-10, 0.021472676865622962, 0.28533939323609103, 0.1153173390890757]
552278840	[-0.007692233869176242, 2.3651855081502786e-10, -0.007692271975374268, 0.5294784292592001, 0.08147034602149272]	[0.02147527863792317, 3.174644532447612e-10, 0.021475313638347128, 0.2844828807058078, 0.1143771769283296]
560467206	[-0.007527175610286114, 2.3640944134980185e-10, -0.007527208534736187, 0.517603837045949, 0.08393269795046827]	[0.02123762926264593, 3.1432936789117647e-10, 0.021237665587440148, 0.28473800967182655, 0.11448796433231209]
562662319	[-0.0076130052255062265, 2.360081976167992e-10, -0.007613039093679185, 0.5160544564738291, 0.08352473839363717]	[0.02135418419641254, 3.1760311305627553e-10, 0.02135422044344757, 0.28322125935381054, 0.1141526731191888]
569257486	[-0.007442728225850767, 2.350752078228329e-10, -0.007442764038016015, 0.5337514440057529, 0.08032506563153713]	[0.021123112243549746, 3.125113125588974e-10, 0.021123147298048244, 0.2834947202389572, 0.11322630676217281]
58429842	[-0.007801112137014805, 2.4250406832542385e-10, -0.007801152371124952, 0.5214823623599574, 0.08362990756661377]	[0.021589618082921994, 3.1845589643681517e-10, 0.021589652549362237, 0.27515984703722735, 0.11364840749180022]
140101267	[-0.007620102101771539, 2.3926611556327123e-10, -0.007620135678909297, 0.5295742809360305, 0.07947640970236451]	[0.021351748261192762, 3.1520477885445096e-10, 0.02135178460496517, 0.28292867361640345, 0.11273720640320982]
65375944	[-0.007436487746797237, 2.3350134391742723e-10, -0.007436520703844529, 0.5229216026748462, 0.08248773670911026]	[0.021125271820063424, 3.1353798431107177e-10, 0.02112530788660191, 0.2842071601572565, 0.1139767055953966]
704221216912105473	[-0.007517002247524408, 2.3394676590982243e-10, -0.007517037060605062, 0.5056599673794838, 0.08979163001230356]	[0.021241118021390847, 3.157169636544019e-10, 0.02124115368764388, 0.280371501818159, 0.11611654746066596]
714602578529665024	[-0.007616203634716674, 2.3838714873751e-10, -0.007616237970438271, 0.5210053195974436, 0.08272053671242403]	[0.02135306303455874, 3.1556887485265657e-10, 0.021353099111658193, 0.28669399802943235, 0.11467420328935297]
142334501	[-0.007267608292017961, 2.2942763373964655e-10, -0.0072676470836121835, 0.5416750108573096, 0.07981991150389864]	[0.020903589713862636, 3.109488551654847e-10, 0.020903623267154205, 0.28304088449681575, 0.11404431012505507]
1005305156	[-0.00762330242776611, 2.401039523644957e-10, -0.007623335983003734, 0.5304511923913973, 0.07946321997648431]	[0.021350625300527403, 3.146442439845843e-10, 0.02135066164899782, 0.28395705382523706, 0.1127464184927784]
741963075985760256	[-0.007619401579048559, 2.3910135631265583e-10, -0.007619433848727761, 0.5401788190507726, 0.07849041395351786]	[0.021351941512247643, 3.1510588689838285e-10, 0.021351978323363958, 0.28413409111881893, 0.11326959028665307]
743729451708481536	[-0.0073497742687951405, 2.3122131489527368e-10, -0.0073498100000430255, 0.5302461127057123, 0.08267621711950118]	[0.021013998012170097, 3.1232410117330067e-10, 0.02101403286492287, 0.2872429272714042, 0.11489405029962287]
751805919743315969	[-0.007533495711688381, 2.378816491461347e-10, -0.007533529264887772, 0.5520367799965831, 0.072663387576432]	[0.021235426742584527, 3.133709352671458e-10, 0.02123546283828711, 0.28443308635243114, 0.10960629339681141]
756914316566224896	[-0.007526573556669493, 2.3619745333443855e-10, -0.007526610375527572, 0.5175502213638687, 0.08538099272489302]	[0.02123788000748192, 3.146353445088215e-10, 0.02123791495262957, 0.28236094126343847, 0.11597159482027554]
777573276692451328	[-0.007436488907249986, 2.335617136565438e-10, -0.007436524058919332, 0.5177264285876197, 0.08583466884513422]	[0.021125271460804704, 3.1349273371110946e-10, 0.021125306754808105, 0.2825158983197067, 0.1153604519306851]
786863976030220289	[-0.007614889436729001, 2.380066967531824e-10, -0.007614924663375115, 0.5277657880363847, 0.08093063089720853]	[0.021353512511615175, 3.157798679692229e-10, 0.021353548272354923, 0.28815969972617483, 0.11480155403767553]
791162759228624896	[-0.0075290352840434215, 2.367996539163928e-10, -0.0075290700808318435, 0.5313760235481438, 0.07994968389828255]	[0.021236970179810567, 3.1403645206736443e-10, 0.021237005839054964, 0.2882345559133552, 0.11444044423331969]
800434576350789632	[-0.007534185237367071, 2.365212031543634e-10, -0.007534219316932677, 0.524738735964682, 0.08133775676811296]	[0.021235238443003752, 3.1494668502630486e-10, 0.021235274351177717, 0.28523036397554113, 0.11416279239076699]
801355099796803584	[-0.007436489403852107, 2.335018264639514e-10, -0.007436525779245937, 0.5226493799825211, 0.0843521159041113]	[0.021125271286942048, 3.13537822647798e-10, 0.021125306150166962, 0.28429313362607034, 0.11564675687990342]
80172249	[-0.007520163310967459, 2.347135672540369e-10, -0.007520199250301752, 0.5126839992513559, 0.08714176360406133]	[0.021240018407952636, 3.1522392163935964e-10, 0.021240053672109887, 0.2828857706735866, 0.11578477103270057]
802492036268126208	[-0.007100535952799301, 2.242105631944868e-10, -0.00710057256187596, 0.5277291336122836, 0.0855984716642174]	[0.02069060932518534, 3.0922939602004286e-10, 0.02069064319357765, 0.2844806685917001, 0.11575484419226416]
809247439383392257	[-0.007442731231677705, 2.350158985540631e-10, -0.007442765609098223, 0.5354128227107487, 0.07898985439993987]	[0.02112311125258195, 3.125566644425232e-10, 0.021123146812595577, 0.2888157404644928, 0.11408053773367081]
817189988462800896	[-0.007527175279272542, 2.3640934206062987e-10, -0.007527207845006236, 0.5189160682175148, 0.08366635501835637]	[0.021237629374972675, 3.1432942271447273e-10, 0.021237665826907212, 0.28402867384858377, 0.11436824591341645]
818479808837455873	[-0.007520161462988854, 2.346523620094176e-10, -0.007520198282256809, 0.5189801923286289, 0.08537478743275799]	[0.021240019007675172, 3.1526974981730094e-10, 0.02124005396028599, 0.28406157078461036, 0.11597614368643966]
819581851903938562	[-0.007436487385852236, 2.3350133690457315e-10, -0.0074365237612492455, 0.5226507342004473, 0.08435211587006333]	[0.021125271968510443, 3.1353807301392807e-10, 0.021125306831736624, 0.28429486699598777, 0.11564675690464765]
826067879879651329	[-0.007614888875129823, 2.3806806356944516e-10, -0.0073944706004679065, 0.5226416777136984, 0.08226185402964387]	[0.021353512706859958, 3.1573310113248823e-10, 0.02152253437363668, 0.28648180670591666, 0.11449478295813591]
827106904245731328	[-0.007520164534432819, 2.3471386420530754e-10, -0.007520200423099873, 0.5127242029194732, 0.08729120952529903]	[0.021240017993790515, 3.152237759371331e-10, 0.021240053275885663, 0.2828557107448206, 0.11586872089245515]
845781575170244610	[-0.007354125580399525, 2.3215806296031084e-10, -0.0073541566069822905, 0.5516082155188897, 0.07484614883875526]	[0.02101251342079031, 3.1177941202042245e-10, 0.021012549915168665, 0.2860152628819837, 0.11146089022551375]
847424832400629760	[-0.007613006244166113, 2.375499983863424e-10, -0.007613040495715658, 0.5203175353979221, 0.08248235647994429]	[0.021354183847367075, 3.161230623869324e-10, 0.021354219957722496, 0.28551114028957125, 0.11454772242103366]
849608792098705408	[-0.007436485250117138, 2.3199640160011166e-10, -0.007436520917321482, 0.5173658316657774, 0.08571876655042175]	[0.02112527266612732, 3.1497519708195284e-10, 0.021125307778654765, 0.2826647783793955, 0.11532656198296562]
857912957346471936	[-0.00735412638013663, 2.3221789728208508e-10, -0.007354161700928509, 0.5370427182462526, 0.07978110068014464]	[0.02101251318582679, 3.1173454978492934e-10, 0.021012548177293963, 0.2837361742736219, 0.11317719771229491]
154172528	[-0.007100534110965434, 2.2426733190253261e-10, -0.007100570637009805, 0.524221301765536, 0.08599399067718858]	[0.02069060990446418, 3.0918755978945026e-10, 0.020690643801352476, 0.2822416639419113, 0.11499205750647427]
860264322311659520	[-0.007436487242278194, 2.335613301081427e-10, -0.00743652269828866, 0.5164713861197858, 0.08624544772706902]	[0.021125271997663658, 3.13492825488454e-10, 0.021125307184533957, 0.28318679398299607, 0.11555727322443285]
862688770205863937	[-0.007436488527182047, 2.335616164688331e-10, -0.007436524626689652, 0.5189833724622631, 0.0844787110832264]	[0.02112527158562768, 3.134927705421216e-10, 0.02112530654597042, 0.2818483625509053, 0.1148052796094681]
86711514	[-0.00752401552597912, 2.356429289422361e-10, -0.007306287301003443, 0.5130123794552381, 0.08669342954211302]	[0.021238729741169936, 3.1482790081804703e-10, 0.02140568214540981, 0.2811055682260627, 0.11562302810456764]
875915736300040192	[-0.007347955547626346, 2.3072108317678782e-10, -0.007347992111547749, 0.5171948772847644, 0.08691935216342984]	[0.0210146338355773, 3.1269354671665987e-10, 0.021014668399212587, 0.2869378256330236, 0.11731148528244921]
876224066759405568	[-0.007812298485873215, 2.452176807814493e-10, -0.007812333572069455, 0.5454232317382096, 0.07575525815613084]	[0.02158565131023473, 3.1668631123964106e-10, 0.021585687625283706, 0.27691664503839053, 0.11032412733451595]
878977884999876610	[-0.00762330284387265, 2.40104051951903e-10, -0.007623336534740781, 0.5303812004211171, 0.07902291958245398]	[0.021350625161047795, 3.1464420431157767e-10, 0.021350661461089854, 0.28401015182552747, 0.11241499083462264]
884586449831686145	[-0.007520164194560725, 2.3465294881358226e-10, -0.00752018486463512, 0.5182151562645314, 0.08377111643488266]	[0.02124001810010326, 3.1526954788758425e-10, 0.02124005877076714, 0.2844085832979499, 0.11439856889758139]
886794351459827713	[-0.007620102117272584, 2.3932767622345143e-10, -0.007620136317096783, 0.5201601186302256, 0.08316453554012027]	[0.021351748282371737, 3.151576594368836e-10, 0.02135178440391663, 0.2855555202780031, 0.11498229815723347]
890041069639016448	[-0.0074364873244485, 2.335613230952886e-10, -0.007436522918661032, 0.5170115550320611, 0.08585206454673144]	[0.021125271990125684, 3.134929142054299e-10, 0.021125307128345212, 0.28284346731187143, 0.11536636184499911]
890502281887612928	[-0.007533493290614588, 2.379419786499406e-10, -0.0075335305876853284, 0.5366582137342003, 0.07891787460281861]	[0.021235427551902532, 3.133244507818188e-10, 0.02123546231943883, 0.2840196161143584, 0.11326166825738114]
892926801860677632	[-0.007602508864968677, 2.349768443205913e-10, -0.007602545107645285, 0.5376097222295924, 0.07868308316909725]	[0.021356965902835846, 3.1410578310350016e-10, 0.021357001316834972, 0.29266872883463835, 0.11458626493325073]
905719296134971392	[-0.00734728031461181, 2.3056221511449066e-10, -0.0073473162572273805, 0.5280019742890952, 0.08334666005821664]	[0.021014814310675374, 3.125929917644626e-10, 0.02101484909241969, 0.28654299378024695, 0.11532069217069306]
909435307304607744	[-0.007711404064466218, 2.4136638662246017e-10, -0.007711434885991826, 0.5318762583909822, 0.07831670630749012]	[0.021469014922885433, 3.1640071893675317e-10, 0.0214690525159396, 0.2788443660332521, 0.1105516435314838]
1631211283	[-0.007710784918754253, 2.412108348767126e-10, -0.007710820874351624, 0.5250109363334678, 0.08135716053311855]	[0.021469275139127938, 3.166679647060469e-10, 0.0214693108886829, 0.27575556328825274, 0.11196882893605192]
1653321740	[-0.007711408716548146, 2.4136748686044493e-10, -0.0077114411590975, 0.5298634045135673, 0.07852727118737539]	[0.021469013371736945, 3.164003554257179e-10, 0.02146905038252293, 0.2800911199118321, 0.11063210052258642]
1664655710	[-0.007442732985103071, 2.3507635937324256e-10, -0.007442768767227265, 0.5335756501347675, 0.0805063201313166]	[0.021123110710358817, 3.125110141448909e-10, 0.021123145775436798, 0.28362058524105316, 0.11334718916718965]
1707513156	[-0.007442728221847838, 2.350752078228329e-10, -0.007442764079185357, 0.5334839458864593, 0.08029742470345233]	[0.02112311224496018, 3.125113125588974e-10, 0.021123147283542018, 0.2836945834168472, 0.11320995198333472]
179181381	[-0.007267604651104747, 2.2948535592651346e-10, -0.007267640170610904, 0.5314820110621721, 0.08237191084559382]	[0.020903590902689555, 3.1090548520545534e-10, 0.020903625593593798, 0.2866326230917378, 0.11498789618274687]
