192463771	[-0.00032788121688189176, -0.0003278812170293113, -0.00032788121688189176, 0.8779872339041822, 0.0002509363427908359]	[5.1371328902652035e-05, 5.1371328925749234e-05, 5.1371328902652035e-05, 0.015091370394476718, 4.3465955046196246e-05]
19590930	[-0.0006733295735095839, -0.0006733295738123213, -0.0006733295735095839, 0.8328532448443925, 0.0006055183121611526]	[0.0004742662958768754, 0.0004742662960901119, 0.0004742662958768754, 0.058506294206220395, 0.0004879963562295316]
20447568	[-0.0003937415559091869, -0.0003937415560862181, -0.0003937415559091869, 0.8646030815097859, 0.00031656635451028284]	[0.00013195592897559662, 0.00013195592903492574, 0.00013195592897559662, 0.03062055867284374, 0.00012551356035598617]
211577392	[-0.0003092199780544092, -0.0003092199781934384, -0.0003092199780544092, 0.8834658959087703, 0.0002351396101911841]	[5.3230870136799606e-05, 5.3230870160732874e-05, 5.3230870136799606e-05, 0.015634917534475636, 4.504484181535405e-05]
21422783	[-0.0004160414804433687, -0.0004160414806304262, -0.0004160414804433687, 0.8590498175957849, 0.00033709046365009847]	[0.00012976807744361873, 0.00012976807750196415, 0.00012976807744361873, 0.029638673163394018, 0.00012422691414133545]
2173684107	[-0.0004070987764088448, -0.0004070987765918816, -0.0004070987764088448, 0.8610155091539915, 0.000328427947221943]	[0.0001275044877382637, 0.00012750448779559135, 0.0001275044877382637, 0.02922384996138639, 0.00012191806590335301]
222036996	[-0.0002599345653877757, -0.0002599345655046455, -0.0002599345653877757, 0.8979432832733812, 0.00019343621220562228]	[1.587369322483753e-08, 1.5873693231967346e-08, 1.587369322483753e-08, 1.1245032561432746e-05, 1.0864668827360834e-10]
222496251	[-0.0009102066545785093, -0.0009102066549877499, -0.0009102066545785093, 0.8078040925768729, 0.0009033116626601533]	[0.0006836017369015936, 0.0006836017372089499, 0.0006836017369015936, 0.07306245334596428, 0.0007087303581079936]
223782598	[-0.0003635392221060333, -0.00036353922226948517, -0.0003635392221060333, 0.8648605435649909, 0.0003533684802994357]	[0.0001474417110965186, 0.00014744171116281028, 0.0001474417110965186, 0.029637849352258834, 0.00023829676290223928]
22900494	[-0.0003971079323113986, -0.0003971079324899434, -0.0003971079323113986, 0.8632100563579365, 0.00031874651812017]	[0.00012416523799608776, 0.00012416523805191407, 0.00012416523799608776, 0.02859339070535727, 0.00011853787308221615]
2368436134	[-0.000968878765284237, -0.0009688787657198578, -0.000968878765284237, 0.8020732109259534, 0.0009236541644181832]	[0.0006665061273757894, 0.0006665061276754592, 0.0006665061273757894, 0.07161050242609068, 0.0007092436267918539]
2413215217	[-0.00031816772601450454, -0.00031816772615755683, -0.00031816772601450454, 0.8808424161343247, 0.00024272177531300054]	[5.3169605875052276e-05, 5.316960589895801e-05, 5.3169605875052276e-05, 0.015618143112240076, 4.499128765762346e-05]
245957521	[-0.0003133236253608929, -0.0003133236255017673, -0.0003133236253608929, 0.8822618263178438, 0.00023861486977440222]	[5.339066711772529e-05, 5.339066714173041e-05, 5.339066711772529e-05, 0.015682597981867653, 4.517864660225028e-05]
1143130812	[-0.00037846169043578615, -0.00037846169060594734, -0.00037846169043578615, 0.8675758901055183, 0.0003011243896851064]	[0.00011947143032121106, 0.00011947143037492696, 0.00011947143032121106, 0.027886072585476155, 0.00011348124069543391]
25816024	[-0.001657010878453279, -0.0016570108791982925, -0.001657010878453279, 0.7552880397161504, 0.0014783181012448202]	[0.0012831871779157165, 0.0012831871784926546, 0.0012831871779157165, 0.10224923315997937, 0.001107031694352462]
26203837	[-0.0006733359518137613, -0.0006733359521165015, -0.0006733359518137613, 0.8328504356521861, 0.0006055196770515009]	[0.00047426499843671434, 0.00047426499864994996, 0.00047426499843671434, 0.058506731484612225, 0.0004879960415065906]
1156991923	[-0.000397100158033737, -0.00039710015821227824, -0.000397100158033737, 0.8632129495744677, 0.00031874441708349457]	[0.00012414892622546403, 0.00012414892628128302, 0.00012414892622546403, 0.028585755215217, 0.00011853481880891677]
2862964321	[-0.0017431014711649477, -0.0017431014719486687, -0.0017431014711649477, 0.7474287809056699, 0.0015573189451320681]	[0.0012791657558697549, 0.0012791657564448847, 0.0012791657558697549, 0.10040844855231937, 0.0010981950791708079]
117754884	[-0.0003908228623769627, -0.00039082286255268166, -0.0003908228623769627, 0.8650552118544691, 0.00031342928850701005]	[0.00012816017004214718, 0.0001281601700997697, 0.00012816017004214718, 0.02972999949316348, 0.0001219592355768947]
11985982	[-0.00031744424163445735, -0.0003174442417771843, -0.00031744424163445735, 0.8810468311648907, 0.00024209066862664587]	[5.3238425107527916e-05, 5.323842513146458e-05, 5.3238425107527916e-05, 0.01563940330578678, 4.5045309279245484e-05]
288567673	[-0.00036353418709664665, -0.00036353418726009626, -0.00036353418709664665, 0.8435487669203953, 0.006331092862777421]	[0.0001474428213063012, 0.0001474428213725934, 0.0001474428213063012, 0.1055066019588917, 0.026264968000396467]
2906686402	[-0.0009271687211419637, -0.0009271687215588309, -0.0009271687211419637, 0.8077152862970755, 0.0008806980639329801]	[0.0006677789133716476, 0.0006677789136718896, 0.0006677789133716476, 0.07304179480155089, 0.0007091960949611988]
2920256952	[-0.00025993296190261544, -0.0002599329620194846, -0.00025993296190261544, 0.8979444191932069, 0.0001934362231805951]	[1.5211995902020532e-08, 1.521199590885314e-08, 1.5211995902020532e-08, 1.0776281664240944e-05, 1.0411773450429323e-10]
293013635	[-0.00039710991308718484, -0.0003971099132657305, -0.00039710991308718484, 0.8632086531628578, 0.00031874650456285055]	[0.0001241630497594483, 0.00012416304981527362, 0.0001241630497594483, 0.0285916863131843, 0.00011853788741410962]
311380778	[-0.0009688735829120928, -0.0009688735833477113, -0.0009688735829120928, 0.802075493394621, 0.0009236530554447752]	[0.0006665091754617609, 0.0006665091757614322, 0.0006665091754617609, 0.07161119313079906, 0.0007092443001701658]
3289816264	[-0.0016493725999708452, -0.001649372600712424, -0.0016493725999708452, 0.7544590547241539, 0.0014986939787300585]	[0.0012919069755734898, 0.0012919069761543481, 0.0012919069755734898, 0.10150141047460584, 0.001093779451795133]
3292722958	[-0.0002599233409916539, -0.0002599233411085188, -0.0002599233409916539, 0.8979512347121602, 0.00019343628903043227]	[0.0, 0.0, 0.0, 0.0, 0.0]
3356627800	[-0.00038453185011516817, -0.00038453185028805873, -0.00038453185011516817, 0.8669045769362378, 0.0003081120995658085]	[0.00013174038333023575, 0.00013174038338946794, 0.00013174038333023575, 0.030718330919717027, 0.0001250612959329944]
3372055939	[-0.0009395188026998662, -0.0009395188031222863, -0.0009395188026998662, 0.8028237650292969, 0.0009339020865304231]	[0.000677017818754454, 0.0006770178190588501, 0.000677017818754454, 0.07064484966340945, 0.000700816617414907]
3664826895	[-0.0009688766706905068, -0.0009688766711261266, -0.0009688766706905068, 0.8020744870865433, 0.0009236540544992825]	[0.0006665080196851926, 0.0006665080199848632, 0.0006665080196851926, 0.07161165169824803, 0.0007092437259575385]
37105136	[-0.0004070970284903717, -0.0004070970286734077, -0.0004070970284903717, 0.8610146476665376, 0.0003284261455167708]	[0.0001274867231112713, 0.00012748672316859096, 0.0001274867231112713, 0.02921489391251015, 0.00012191536150905159]
465965880	[-0.00039710793231139855, -0.0003971079324899434, -0.00039710793231139855, 0.8632100563579364, 0.00031874651812017]	[0.00012416523799608776, 0.00012416523805191407, 0.00012416523799608776, 0.028593390705357276, 0.00011853787308221615]
3398737828	[-0.0003923281421054034, -0.00039232814228179914, -0.0003923281421054034, 0.8649610867826781, 0.00031528157007573715]	[0.00013196030929007972, 0.0001319603093494108, 0.00013196030929007972, 0.03064405063865582, 0.00012548049604071967]
1274709210	[-0.0017154346698134764, -0.001715434670584758, -0.0017154346698134764, 0.7497657589758349, 0.0015322183226906417]	[0.0012791072273656385, 0.0012791072279407412, 0.0012791072273656385, 0.10083100003629931, 0.0010995400248330752]
3545097856	[-0.0006855971733374605, -0.0006855971736457138, -0.0006855971733374605, 0.8315036380437032, 0.0006183886121010732]	[0.00047959972033080096, 0.0004795997205464353, 0.00047959972033080096, 0.05926937329539705, 0.000493315207143491]
359850032	[-0.0003923830110904683, -0.0003923830112668887, -0.0003923830110904683, 0.8647062645141566, 0.00031492733573837764]	[0.00012875097949492016, 0.00012875097955280826, 0.00012875097949492016, 0.029848609186678483, 0.00012254392031439522]
36327895	[-0.00176718576579568, -0.001767185766590229, -0.00176718576579568, 0.7464045489084632, 0.0015794556945473636]	[0.0012840900493628477, 0.0012840900499401912, 0.0012840900493628477, 0.10182992691266979, 0.001101190635043206]
377925526	[-0.00039935458948395133, -0.00039935458966350627, -0.00039935458948395133, 0.8629561675830086, 0.0003213213919675498]	[0.000128360691169072, 0.00012836069122678466, 0.000128360691169072, 0.02960471885760564, 0.00012243230343382473]
1028440310	[-0.0003923813433999182, -0.0003923813435763379, -0.0003923813433999182, 0.864707113655283, 0.0003149271483444154]	[0.0001287499150685724, 0.00012874991512646007, 0.0001287499150685724, 0.02984740832325962, 0.00012254397641919864]
388187529	[-0.0009441554731576504, -0.0009441554735821551, -0.0009441554731576504, 0.8059303777249271, 0.0008987870645328409]	[0.0006705468577394345, 0.0006705468580409209, 0.0006705468577394345, 0.07340737473174738, 0.0007120923605166998]
39475170	[-0.0017431081004539754, -0.0017431081012376994, -0.0017431081004539754, 0.7474259121240653, 0.0015573204390524867]	[0.0012791597710589773, 0.0012791597716341045, 0.0012791597710589773, 0.10040626335979543, 0.0010981936476110084]
422684232	[-0.0006483975832280664, -0.0006483975835195941, -0.0006483975832280664, 0.8326278823441898, 0.0006298276739800416]	[0.00048245893746412007, 0.00048245893768103986, 0.00048245893746412007, 0.057424265227471655, 0.0004946544026400723]
42401449	[-0.0003937292172350237, -0.00039372921741204946, -0.0003937292172350237, 0.8646104233118456, 0.00031656560187377303]	[0.00013195701898538074, 0.00013195701904471035, 0.00013195701898538074, 0.030619741691433763, 0.0001255137655995913]
4376048613	[-0.0009815229366522105, -0.000981522937093516, -0.0009815229366522105, 0.8013745383428144, 0.0009375458319017852]	[0.0006733823137270198, 0.000673382314029781, 0.0006733823137270198, 0.07264812914587102, 0.0007162945476470068]
474013625	[-0.0004160432527164405, -0.0004160432529034988, -0.0004160432527164405, 0.8590485621054514, 0.0003370904515198653]	[0.00012976594550189585, 0.0001297659455602403, 0.00012976594550189585, 0.029637025737290202, 0.00012422692816856838]
474708096	[-0.0002261524750888037, -0.00022615247519048472, 0.00034988439026580206, 0.6381394308798539, 0.049074201441510173]	[0.00021439028053180515, 0.0002143902806281978, 0.0032032891885526043, 0.28583241831184786, 0.06603042247813455]
532655237	[-0.0002599377723580962, -0.0002599377724749675, -0.0002599377723580962, 0.8979410114337302, 0.00019343619025567654]	[1.6663906600425584e-08, 1.6663906607910328e-08, 1.6663906600425584e-08, 1.1804825107068154e-05, 1.1405526364867072e-10]
54219545	[-0.0003092225682996681, -0.0003092225684386985, -0.0003092225682996681, 0.8834640609613598, 0.00023513959246238182]	[5.322847203586075e-05, 5.3228472059792954e-05, 5.322847203586075e-05, 0.01563321870391323, 4.504485822903557e-05]
54851559	[-0.00032221806055770526, -0.0003222180607025786, -0.00032221806055770526, 0.8796509006381803, 0.00024614467164413555]	[5.264865033594235e-05, 5.2648650359613855e-05, 5.264865033594235e-05, 0.015466609056435564, 4.454671383574901e-05]
560467206	[-0.0009688746351992294, -0.000968874635634848, -0.0009688746351992294, 0.8020747479472359, 0.0009236530482424491]	[0.000666508056193324, 0.000666508056492995, 0.000666508056193324, 0.07161019521130804, 0.0007092443075854664]
552278840	[-0.0003835654743053536, -0.00038356547447780957, -0.0003835654743053536, 0.866875116988087, 0.0003067651648738355]	[0.0001281192558185346, 0.00012811925587613866, 0.0001281192558185346, 0.02986331132427839, 0.000121671337560973]
562662319	[-0.0002599233409916539, -0.0002599233411085188, -0.0002599233409916539, 0.8979512347121602, 0.00019343628903043227]	[0.0, 0.0, 0.0, 0.0, 0.0]
569257486	[-0.00039237305160448756, -0.00039237305178090346, -0.00039237305160448756, 0.8647107656051516, 0.00031492537398696284]	[0.00012873803338328503, 0.0001287380334411673, 0.00012873803338328503, 0.0298423957668883, 0.00012254139807926776]
58429842	[-0.00039900408246354457, -0.0003990040826429419, -0.00039900408246354457, 0.8629992104258636, 0.0003209288509742962]	[0.0001277252651338903, 0.00012772526519131726, 0.0001277252651338903, 0.029449168279676124, 0.00012185050330833446]
140101267	[-0.0017177509348190532, -0.0017177509355913762, -0.0017177509348190532, 0.749086510720125, 0.0015341818378787112]	[0.0012765628946934176, 0.0012765628952673771, 0.0012765628946934176, 0.09993133548489172, 0.0010972255905297408]
65375944	[-0.00032223203782329684, -0.0003222320379681764, -0.00032223203782329684, 0.8796421065886744, 0.00024614523867206873]	[5.265477523841848e-05, 5.2654775262092724e-05, 5.265477523841848e-05, 0.015470014344656216, 4.454723202906685e-05]
714602578529665024	[-0.00025994017758583656, -0.00025994017770270895, -0.00025994017758583656, 0.8979393075539918, 0.00019343617379321727]	[1.683659418263636e-08, 1.683659419019867e-08, 1.683659418263636e-08, 1.192715816827894e-05, 1.1523721504759412e-10]
704221216912105473	[-0.0010055684944106297, -0.0010055684948627464, -0.0010055684944106297, 0.7981591110017107, 0.0009623481831790346]	[0.0006712903232165978, 0.0006712903235184184, 0.0006712903232165978, 0.07164301207989987, 0.0007149194987019688]
142334501	[-0.0003923863784093048, -0.0003923863785857268, -0.0003923863784093048, 0.864703879082523, 0.0003149273126909346]	[0.00012874751552968496, 0.00012874751558757152, 0.00012874751552968496, 0.0298459530654406, 0.00012254394316383647]
751805919743315969	[-0.00031332841300370484, -0.0003133284131445813, -0.00031332841300370484, 0.8822589093793531, 0.00023861512101760324]	[5.339545647732325e-05, 5.339545650133052e-05, 5.339545647732325e-05, 0.015685517089188687, 4.5178897851039935e-05]
1005305156	[-0.00025994017758583656, -0.000259940177702709, -0.00025994017758583656, 0.8979393075539918, 0.0001934361737932172]	[1.683659418263636e-08, 1.683659419019867e-08, 1.683659418263636e-08, 1.192715816827894e-05, 1.1523721504759411e-10]
743729451708481536	[-0.0003092199780544092, -0.0003092199781934384, -0.0003092199780544092, 0.8834658959087703, 0.0002351396101911841]	[5.3230870136799606e-05, 5.323087016073287e-05, 5.3230870136799606e-05, 0.015634917534475636, 4.504484181535405e-05]
741963075985760256	[-0.00038266403762808246, -0.0003826640378001331, -0.00038266403762808246, 0.866867100187242, 0.0003055540635542848]	[0.00012474755644629418, 0.0001247475565023823, 0.00012474755644629418, 0.02906250226304344, 0.00011853429482121472]
756914316566224896	[-0.000428129043946304, -0.0004281290441387963, -0.000428129043946304, 0.8563168457630561, 0.00034867583976265883]	[0.0001307566139139883, 0.00013075661397277816, 0.0001307566139139883, 0.029696144618785895, 0.00012542993543384029]
777573276692451328	[-0.0004071062238532189, -0.000407106224036259, -0.0004071062238532189, 0.8610109716941174, 0.00032842833804470005]	[0.00012750213006863784, 0.00012750213012596446, 0.00012750213006863784, 0.029222988005687824, 0.0001219179228257308]
801355099796803584	[-0.0012542371749185777, -0.001254237175482499, -0.0012542371749185777, 0.6389408755861246, 0.04307195733887199]	[0.0013308748886088578, 0.0013308748892072362, 0.0013308748886088578, 0.2129838009128503, 0.07890873991808864]
786863976030220289	[-0.00025994258281357695, -0.00025994258293045037, -0.00025994258281357695, 0.8979376036742535, 0.00019343615733075797]	[1.6663906600425584e-08, 1.6663906607910328e-08, 1.6663906600425584e-08, 1.1804825107068154e-05, 1.1405526364867074e-10]
791162759228624896	[-0.0003740344645778419, -0.00037403446474601254, -0.0003740344645778419, 0.8627256289129364, 0.00036382732712873713]	[0.00015460348214093905, 0.00015460348221045078, 0.00015460348214093905, 0.03095422128807668, 0.00023960069121262451]
800434576350789632	[-0.000689625732665375, -0.0006896257329754396, -0.000689625732665375, 0.8287941051340493, 0.0006205157494379343]	[0.0004642123215442454, 0.0004642123217529611, 0.0004642123215442454, 0.055927336962413886, 0.00047887466485921164]
80172249	[-0.0002599233409916539, -0.0002599233411085188, -0.0002599233409916539, 0.8979512347121602, 0.00019343628903043227]	[0.0, 0.0, 0.0, 0.0, 0.0]
802492036268126208	[-0.0009271755144251841, -0.0009271755148420544, -0.0009271755144251841, 0.8077128925753243, 0.000880700054737913]	[0.0006677764399983187, 0.0006677764402985598, 0.0006677764399983187, 0.07304268623822517, 0.0007091950342771826]
809247439383392257	[-0.0002599377723580962, -0.00025993777247496747, -0.0002599377723580962, 0.8979410114337301, 0.00019343619025567657]	[1.6663906600425584e-08, 1.6663906607910328e-08, 1.6663906600425584e-08, 1.1804825107068154e-05, 1.1405526364867074e-10]
817189988462800896	[-0.0002599233409916539, -0.0002599233411085188, -0.0002599233409916539, 0.8979512347121602, 0.00019343628903043227]	[0.0, 0.0, 0.0, 0.0, 0.0]
818479808837455873	[-0.00039709817725795075, -0.0003970981774364912, -0.00039709817725795075, 0.8632143527695462, 0.000318744430640814]	[0.00012415111455540162, 0.00012415111461122158, 0.00012415111455540162, 0.02858745975011736, 0.00011853480447689106]
819581851903938562	[-0.0002599233409916539, -0.0002599233411085188, -0.0002599233409916539, 0.8979512347121602, 0.00019343628903043227]	[0.0, 0.0, 0.0, 0.0, 0.0]
826067879879651329	[-0.00038355066674444554, -0.0003835506669168949, -0.00038355066674444554, 0.8668827686798966, 0.00030676301075831133]	[0.00012810764872648914, 0.00012810764878408798, 0.00012810764872648914, 0.02985880454222122, 0.00012166834489333064]
827106904245731328	[-0.0017431095899428503, -0.001743109590726575, -0.0017431095899428503, 0.7474250046320906, 0.0015573205172170384]	[0.0012791581683741105, 0.0012791581689492368, 0.0012791581683741105, 0.10040518655008962, 0.0010981935569670952]
845781575170244610	[-0.0009271697021364049, -0.0009271697025532724, -0.0009271697021364049, 0.8077147868022951, 0.0008806981741647226]	[0.0006677782484683425, 0.0006677782487685845, 0.0006677782484683425, 0.07304169372660015, 0.0007091960013196645]
847424832400629760	[-0.00039711187507606723, -0.00039711187525461375, -0.00039711187507606723, 0.8632076541732971, 0.0003187467250263354]	[0.00012416427356481326, 0.00012416427362063915, 0.00012416427356481326, 0.028593108777432544, 0.00011853781207424693]
849608792098705408	[-0.0006941396703657173, -0.0006941396706778114, -0.0006941396703657173, 0.8289946195120395, 0.0006256173092233301]	[0.00047284567903261096, 0.00047284567924520837, 0.00047284567903261096, 0.05702575158720298, 0.0004876649553858058]
857912957346471936	[-0.0002924420970160155, -0.00029244209714750127, -0.0002924420970160155, 0.8785628248887266, 0.00030682980385960806]	[9.364563444960825e-05, 9.364563449171251e-05, 9.364563444960825e-05, 0.020510033672285446, 0.0002589410965749216]
154172528	[-0.0006619779921297398, -0.0006619779924273734, -0.0006619779921297398, 0.8341007499478752, 0.0005936038832479726]	[0.00046898933797374654, 0.0004689893381846104, 0.00046898933797374654, 0.05776641992365931, 0.0004827129267154163]
860264322311659520	[-0.000259930075629327, -0.00025993007574619487, -0.000259930075629327, 0.897946463848893, 0.00019343624293554626]	[1.346927534610909e-08, 1.3469275352158937e-08, 1.346927534610909e-08, 9.541726534623152e-06, 9.21897720380753e-11]
862688770205863937	[-0.0009688798175713735, -0.0009688798180069945, -0.0009688798175713735, 0.802072465478568, 0.0009236541572158571]	[0.000666505008094052, 0.0006665050083937213, 0.000666505008094052, 0.07160950447321406, 0.0007092436342071735]
86711514	[-0.0007122348102146102, -0.0007122348105348402, -0.0007122348102146102, 0.8261197256645816, 0.0006436249982899015]	[0.0004740398091695418, 0.0004740398093826763, 0.0004740398091695418, 0.0563996028968197, 0.0004895092029328167]
875915736300040192	[-0.00032221806055770526, -0.0003222180607025786, -0.00032221806055770526, 0.8796509006381803, 0.00024614467164413555]	[5.264865033594235e-05, 5.2648650359613855e-05, 5.264865033594235e-05, 0.015466609056435564, 4.454671383574901e-05]
876224066759405568	[-0.00031332841300370484, -0.0003133284131445813, -0.00031332841300370484, 0.8822589093793531, 0.00023861512101760324]	[5.339545647732325e-05, 5.3395456501330524e-05, 5.339545647732325e-05, 0.015685517089188687, 4.517889785103994e-05]
878977884999876610	[-0.0003174364954661703, -0.0003174364956088938, -0.0003174364954661703, 0.8810518074306757, 0.00024209041578584714]	[5.323644837135863e-05, 5.3236448395294415e-05, 5.323644837135863e-05, 0.015638475575260016, 4.5045039628149625e-05]
884586449831686145	[-0.0006710699256869794, -0.0006710699259887008, -0.0006710699256869794, 0.8291160753654655, 0.000656371653577116]	[0.0004917030521943599, 0.0004917030524154358, 0.0004917030521943599, 0.057016561534337325, 0.0005023529581458136]
886794351459827713	[-0.0004070877103133107, -0.0004070877104963425, -0.0004070877103133107, 0.8610205103662082, 0.0003284257674981488]	[0.00012749123971842708, 0.0001274912397757488, 0.00012749123971842708, 0.029217430171387757, 0.00012191549040541418]
890041069639016448	[-0.0004070987764088448, -0.0004070987765918816, -0.0004070987764088448, 0.8610155091539916, 0.0003284279472219429]	[0.00012750448773826367, 0.00012750448779559137, 0.00012750448773826367, 0.029223849961386387, 0.00012191806590335303]
890502281887612928	[-0.00039237305160448756, -0.00039237305178090346, -0.00039237305160448756, 0.8647107656051516, 0.00031492537398696284]	[0.00012873803338328503, 0.00012873803344116733, 0.00012873803338328503, 0.0298423957668883, 0.00012254139807926776]
892926801860677632	[-0.00039239298654531715, -0.00039239298672174205, -0.00039239298654531715, 0.8647014198484712, 0.00031492909857210873]	[0.00012876112743565995, 0.00012876112749355263, 0.00012876112743565995, 0.029852292218942703, 0.0001225465099975029]
905719296134971392	[-0.0009377866432930287, -0.0009377866437146698, -0.0009377866432930287, 0.807228439042917, 0.0008924471945126757]	[0.0006749877762988681, 0.0006749877766023515, 0.0006749877762988681, 0.07408586174920545, 0.0007165939265939979]
909435307304607744	[-0.0009589636368306662, -0.0009589636372618286, -0.0009589636368306662, 0.8043963795943065, 0.0009142901835379136]	[0.0006745692204172596, 0.0006745692207205547, 0.0006745692204172596, 0.07345216318026991, 0.0007168043295831727]
1707513156	[-0.0003923730516044876, -0.00039237305178090346, -0.0003923730516044876, 0.8647107656051516, 0.00031492537398696284]	[0.00012873803338328503, 0.00012873803344116733, 0.00012873803338328503, 0.0298423957668883, 0.00012254139807926776]
1631211283	[-0.0006382739885441988, -0.0006382739888311751, -0.0006382739885441988, 0.6294022591418462, 0.05791385484315351]	[0.0007153800054228684, 0.0007153800057445124, 0.0007153800054228684, 0.24165823704326564, 0.08658995266026573]
1653321740	[-0.0002599289531897148, -0.0002599289533065822, -0.0002599289531897148, 0.8979472589927707, 0.00019343625061802726]	[1.254925636731747e-08, 1.2549256372954085e-08, 1.254925636731747e-08, 8.889978814221196e-06, 8.589274879472738e-11]
1664655710	[-0.0006619902762711185, -0.0006619902765687578, -0.0006619902762711185, 0.8340953396517741, 0.0005936065119256802]	[0.00046898710833493887, 0.00046898710854580144, 0.00046898710833493887, 0.05776738958820291, 0.00048271237882610655]
179181381	[-0.0016570088199343363, -0.0016570088206793482, -0.0016570088199343363, 0.7552887105882028, 0.001478317435208482]	[0.0012831886820562997, 0.0012831886826332377, 0.0012831886820562997, 0.10224932602506015, 0.0011070322733159517]
