696945215	[-0.005510381102550117, 1.2532602333805359e-05, 0.01945270142274219, 0.5180747895478333, 0.08537844079803752]	[0.018178152555871643, 1.6981958462883295e-05, 0.09001994799551413, 0.2829684314817172, 0.1159734650181219]
33238453	[-0.005538583629154976, 1.2527841686686648e-05, 0.01899006011395435, 0.5238862814391736, 0.0843381540905975]	[0.01805931225800647, 1.681062979924322e-05, 0.08954765502411569, 0.28579085071677723, 0.11565685602620634]
93671327	[-0.005669352841747295, 1.035067080183251e-05, 0.01631268501567404, 0.5271876473713567, 0.08044608413019558]	[0.018130105615685524, 2.798102945182657e-05, 0.07953024806597347, 0.2861046204123215, 0.11366347636762454]
993894510	[-0.0056750610898484875, 1.2785099149352074e-05, 0.01957560064537657, 0.5214619409839173, 0.08315972203229105]	[0.018259169166187608, 1.693276826922736e-05, 0.09056089998399414, 0.2871303952914864, 0.11498576617096817]
93100245	[-0.00540060826597538, 1.2408592279281892e-05, 0.020816639203177816, 0.5215951056324167, 0.08421054028185987]	[0.017976934642522657, 1.6749972714876706e-05, 0.08918810022311102, 0.2827391249280294, 0.11469966211486143]
6245377672	[-0.005437265133612641, 1.2507237059530565e-05, 0.02255173430515297, 0.5166168293923026, 0.08585248907783684]	[0.018085746477488982, 1.6826302449591296e-05, 0.09417147434023632, 0.28308675664704763, 0.11536650875532042]
386677349	[-0.005570451616595789, 1.2456343791702916e-05, 0.014660340078901726, 0.5296577657567506, 0.08216386596075376]	[0.018041071454384848, 1.6886606855053883e-05, 0.0806149500370968, 0.2862823308478965, 0.11550006082771351]
910602215	[-0.005520229521845966, 1.229471954760898e-05, 0.014276667295226239, 0.5292397117672637, 0.08432068607411648]	[0.017941996441699515, 1.684690960644117e-05, 0.08019778404793947, 0.28584872591205135, 0.11648791346368254]
939241693	[-0.0057783133339902445, 1.275008448920291e-05, 0.01517998190372867, 0.5376697099963356, 0.07723043089780968]	[0.018219556141438942, 1.6985999612195157e-05, 0.08152797505348773, 0.28583646576209987, 0.11248784046937926]
53426159	[-0.005719329861778898, 1.2831931283432243e-05, 0.020098678557805942, 0.5258965895324004, 0.08046370301671177]	[0.018361578937230814, 1.70829895753578e-05, 0.09103757835437004, 0.2827609798327467, 0.11309108755241813]
5159256643	[-0.005344857248854471, 1.2358351147989483e-05, 0.023143214126141846, 0.5153535420238319, 0.08863593250706053]	[0.017999102939583046, 1.6780759065625665e-05, 0.0969124782878196, 0.28166998618447864, 0.11666258310141908]
8099975129	[-0.005435095411031576, 1.2453114796324725e-05, 0.020877083082454378, 0.5125808820055608, 0.08839210679575482]	[0.01808412163167622, 1.6859189052547992e-05, 0.08974778165268077, 0.28002692178600863, 0.11625662662623788]
952953160	[-0.00550708207541842, 1.2381908543221537e-05, 0.017663734038813085, 0.5272125280446508, 0.08511958877825557]	[0.01794636112373496, 1.6763881120574627e-05, 0.08413846183848338, 0.28435252930236776, 0.11534348075685907]
4847344269	[-0.005655327295060296, 1.265968892022045e-05, 0.022874434376944586, 0.5252652791146925, 0.08095818508252045]	[0.018260965075762626, 1.7043545081152353e-05, 0.0940033037200178, 0.2824430142496421, 0.11248177135108538]
64130880	[-0.005675607611417271, 1.273537283730697e-05, 0.01939857649380581, 0.5392747050429075, 0.07805305632013534]	[0.01813300342109647, 1.682142957979822e-05, 0.0900237280469127, 0.28056292072253586, 0.11158809587400671]
45397142	[-0.005699795426110003, 1.2591294571007815e-05, 0.01486213556012342, 0.5357166467406973, 0.07950622535100832]	[0.018122181441527538, 1.6941614804906708e-05, 0.08108185050493419, 0.28381267793064, 0.11365464247307355]
2781802405	[-0.005621839953213812, 1.2673502360929833e-05, 0.01908145119962112, 0.5201285147504765, 0.08273372678956768]	[0.01826835683277547, 1.7036243531567082e-05, 0.08801862006357902, 0.285646738374598, 0.11466477114061398]
910823627	[-0.004877635686413854, 1.2656367241092844e-05, 0.015067104999635506, 0.5230173880669574, 0.08675402195683268]	[0.017023612036629023, 1.7045162683060308e-05, 0.0815440917766799, 0.28479959957198175, 0.11781843926096747]
9316583662	[-0.005501475293878055, 1.2608278235017872e-05, 0.023180331122838623, 0.517297556879941, 0.08672628181394558]	[0.018185875057356603, 1.6903544697290145e-05, 0.09607263241394695, 0.278482612752807, 0.1150506191962916]
52733606	[-0.005624476529863798, 1.2802234492666015e-05, 0.024304941448295838, 0.5241865285370781, 0.08170180196566813]	[0.018274987224540722, 1.6923659097596308e-05, 0.09849174876707634, 0.283013748225915, 0.11295615249577509]
721881344	[-0.00545181582507707, 1.2381923092225834e-05, 0.021374030822863807, 0.5228996981119945, 0.08449124002877278]	[0.01796809759989808, 1.6763873874607305e-05, 0.0911739617094814, 0.2849959954618189, 0.11482896438767662]
7854642962	[-0.00548589597526513, 1.2432149782261762e-05, 0.018648490510487854, 0.5279907035834323, 0.0832338291420259]	[0.017956551024122802, 1.673299277026888e-05, 0.08851413786288041, 0.2864866893790899, 0.1152425412034347]
4963092375	[-0.005920916686206348, 1.316558402684416e-05, 0.019152406789316016, 0.5396492223036372, 0.07379616626858546]	[0.018425921813831205, 1.6985190413629967e-05, 0.08731652298033903, 0.28278170801732644, 0.10894719692000543]
840015896	[-0.005581774386074729, 1.2763960772083405e-05, 0.022351223924604598, 0.5151672178132091, 0.0843534335052012]	[0.018282223324855015, 1.6949044408041155e-05, 0.09309061896937401, 0.2837321423271131, 0.11461863310486264]
617954341	[-0.005437266739159111, 1.250723232970569e-05, 0.022551724419026746, 0.5166172173665012, 0.0858524886926592]	[0.018085746145623176, 1.6826304937634098e-05, 0.09417147632990705, 0.2830871031470963, 0.11536650904023593]
2078272999	[-0.005627252086570639, 1.2439597065649663e-05, 0.01303237424385859, 0.5309856572449901, 0.08128059737110721]	[0.018022359789550337, 1.689518526571817e-05, 0.07469827405253346, 0.2861685667978898, 0.1150149134964424]
9672510597	[-0.005508753579923036, 1.2659774346720934e-05, 0.02274091912987019, 0.5178050662221705, 0.0835257454758869]	[0.018184644796102076, 1.6871457211160772e-05, 0.09369848237001431, 0.28460049804571, 0.11419824343628575]
4819514838	[-0.00553661073466655, 1.2574411021237958e-05, 0.023709508174942107, 0.5135188677464936, 0.08757448983026755]	[0.018185115258542932, 1.6921159428928266e-05, 0.09801037255152416, 0.2838346637655376, 0.1160739118935062]
9409597325	[-0.0055786945899422916, 1.257043388040514e-05, 0.017994268110415136, 0.5247784259600545, 0.08124519410862287]	[0.018157169275359864, 1.695743636130916e-05, 0.08481543816482622, 0.28526635768851694, 0.11413008885522657]
7913817864	[-0.005834965778406481, 1.2919954983257242e-05, 0.015485798139003363, 0.5187916485765599, 0.0829734667573662]	[0.018452124584606353, 1.7174153005094338e-05, 0.08253422304406406, 0.28612987865132217, 0.11551639991786307]
6661703688	[-0.0053788753291666175, 1.2341818336726874e-05, 0.02242408156533473, 0.5156596762699139, 0.08821028097649197]	[0.017991366309279635, 1.6789185133905224e-05, 0.09470043137237613, 0.28220375693459654, 0.11638807404777975]
1923583275	[-0.005975010154548682, 1.2650052803531874e-05, 0.018940488013857386, 0.5323331769776457, 0.07784787823044174]	[0.01853682841191124, 1.6647344074186533e-05, 0.0871023121025706, 0.28156892938516415, 0.11093689449898309]
106240660	[-0.005675365863624203, 1.2735392849260129e-05, 0.014849012449380451, 0.5318591054021, 0.07993775707111417]	[0.018131431413677183, 1.6821419769690155e-05, 0.08107229867830021, 0.28876222821760283, 0.11444869501842199]
80616630	[-0.005659377148895036, 1.2694718779964397e-05, 0.017130192414796578, 0.5183106564058718, 0.08509550198665639]	[0.01825603268308058, 1.6990672405739278e-05, 0.082671720719033, 0.28578759027752737, 0.11553593142001072]
2616304789	[-0.005540181387985447, 1.2659764340744353e-05, 0.018637479216039567, 0.5188721594576912, 0.08493048104825365]	[0.018171279581206633, 1.6871462056823922e-05, 0.08755654230169069, 0.2840692668655816, 0.11568695688313187]
32246338	[-0.0055117168128746025, 1.2659769349001644e-05, 0.02330851768951178, 0.516952926617879, 0.08387797624659445]	[0.018183381800678754, 1.6871459061446888e-05, 0.09565152320907865, 0.2852702700667562, 0.11445928024810198]
367459818	[-0.005431624907800821, 1.2395262418288756e-05, 0.018677638945452418, 0.5222779442461739, 0.08647373272208199]	[0.017971012059947625, 1.6756926934460896e-05, 0.08906393358652905, 0.2838318840168662, 0.11659860622381868]
9696333522	[-0.005620186400301501, 1.2493685259489605e-05, 0.014765047141557672, 0.5354133147244703, 0.07898985435756149]	[0.018028800462769293, 1.6862429291612694e-05, 0.08058601918277705, 0.28881630459912705, 0.11408053776290822]
376249319	[-0.005555694246770939, 1.252785630193417e-05, 0.02019362706396551, 0.5253070907173587, 0.0815975435012431]	[0.01805038490428097, 1.6810622576049663e-05, 0.08706987239979862, 0.2850542802961362, 0.1134981667469277]
37409411	[-0.0055380549530805855, 1.2518962247571474e-05, 0.019383628761481406, 0.5189790107028519, 0.08537478786271745]	[0.01817290038039238, 1.6989078221139014e-05, 0.09003513581206073, 0.28406022705163053, 0.11597614337176389]
956005402	[-0.00552330110747118, 1.2291501843126677e-05, 0.014288789749373702, 0.52873024526304, 0.08432317669546482]	[0.017941189886371778, 1.6848425615679858e-05, 0.08019591944497508, 0.2852847493395316, 0.11648611887200461]
19964332	[-0.00552330110747118, 1.2291501843126677e-05, 0.014288789749373702, 0.52873024526304, 0.08432317669546482]	[0.017941189886371778, 1.6848425615679858e-05, 0.08019591944497508, 0.2852847493395316, 0.11648611887200461]
3366686498	[-0.005478981729229798, 1.2608312719863846e-05, 0.02314286943857064, 0.5126832103311706, 0.08714176364414583]	[0.0181951052452378, 1.6903527259319132e-05, 0.09573148724887567, 0.2828847514936423, 0.11578477100263275]
211885592	[-0.005617760200121491, 1.2673512378698513e-05, 0.01976986618842352, 0.5201976898379966, 0.08317402767082643]	[0.018270483763328165, 1.70362388862378e-05, 0.09052166071123, 0.2855956665159558, 0.11497550451721535]
900598800	[-0.005484748082142535, 1.2558098229951328e-05, 0.018442539046289425, 0.5225441035031615, 0.08391316218657448]	[0.018068456566694303, 1.6794770185006157e-05, 0.0870453960704425, 0.28430379977407333, 0.11535636190078916]
549501201	[-0.005554279641739591, 1.2405482730328137e-05, 0.01748200771590623, 0.5289846775516849, 0.0830341578282016]	[0.018045270303135026, 1.691766182571964e-05, 0.0843499841379227, 0.2803892994483771, 0.11442436764513343]
522093544	[-0.00550866107682514, 1.243216889703568e-05, 0.01733711806258024, 0.5289674113214033, 0.08261129521690717]	[0.017946165208460547, 1.6732983231369696e-05, 0.08414395554167785, 0.2859079407023888, 0.11489607758795527]
48300453	[-0.005610138950726012, 1.2439611680897184e-05, 0.015048826929454789, 0.5321431488283948, 0.08194481840213665]	[0.018031960092914426, 1.6895178155010994e-05, 0.08063046872941744, 0.28527399288526545, 0.11548994974087447]
65384865	[-0.005676237696952324, 1.2779178095575214e-05, 0.019986283596802486, 0.5164038083773852, 0.08420754036368736]	[0.01837678481479771, 1.7115985761555033e-05, 0.09106483646323878, 0.28533939323609103, 0.1153173390890757]
105001028	[-0.005815221231205271, 1.2558469060886602e-05, 0.015211268554217458, 0.5294784292592001, 0.08147034602149272]	[0.018332404309808488, 1.7082268044876852e-05, 0.08205830160957721, 0.2844828807058078, 0.1143771769283296]
641671931	[-0.0055016427715389475, 1.2659764451120165e-05, 0.0233179473139517, 0.517603837045949, 0.08393269795046827]	[0.018188279750609673, 1.6871461836599113e-05, 0.09568035034874223, 0.28473800967182655, 0.11448796433231209]
848294475	[-0.0056087241822056245, 1.0405191028002071e-05, 0.020862735588370127, 0.5160544564738291, 0.08352473839363717]	[0.01826956769321864, 2.815290831032863e-05, 0.08833187619002367, 0.28322125935381054, 0.1141526731191888]
471949976	[-0.005584046446190331, 1.2581934719397447e-05, 0.018516016599141982, 0.5337514440057529, 0.08032506563153713]	[0.018041886478856708, 1.6777421522817535e-05, 0.08740144927546867, 0.2834947202389572, 0.11322630676217281]
29379477	[-0.0057990512649408335, 1.3030272297479209e-05, 0.01885450081387039, 0.5214823623599574, 0.08362990756661377]	[0.018457892293532653, 1.7074626110937815e-05, 0.08769785301711149, 0.27515984703722735, 0.11364840749180022]
934151182	[-0.005660329106355387, 1.2725599428252026e-05, 0.01988084255600513, 0.5295742809360305, 0.07947640970236451]	[0.018255513075033116, 1.7003829653240443e-05, 0.09049484970748345, 0.28292867361640345, 0.11273720640320982]
77509062	[-0.005474638302663377, 1.241898297884383e-05, 0.021947985408015055, 0.5229216026748462, 0.08248773670911026]	[0.018073042864945356, 1.691067693306546e-05, 0.09202385144225629, 0.2842071601572565, 0.1139767055953966]
725621693765592130	[-0.005386094806611015, 1.2570481173264068e-05, 0.02839730893111148, 0.5056599673794838, 0.08979163001230356]	[0.018225801304532805, 1.6928212106538264e-05, 0.10511003881057014, 0.280371501818159, 0.11611654746066596]
984753566740291172	[-0.005647938346689287, 1.2802239339276691e-05, 0.018944549763036812, 0.5210053195974436, 0.08272053671242403]	[0.018263381147918454, 1.6923656478303356e-05, 0.08804455533815563, 0.28669399802943235, 0.11467420328935297]
593556429	[-0.0055087262453489255, 1.2113543299012974e-05, 0.014307205439862506, 0.5416750108573096, 0.07981991150389864]	[0.017828260396340827, 1.6851235352018834e-05, 0.07970599774253816, 0.28304088449681575, 0.11404431012505507]
4996832438	[-0.00568643070123841, 1.2854331123702406e-05, 0.019743939881637296, 0.5304511923913973, 0.07946321997648431]	[0.018250477879218484, 1.6890631855357155e-05, 0.09052128498398745, 0.28395705382523706, 0.1127464184927784]
277477560493535952	[-0.005724213841724684, 1.2750059271839449e-05, 0.015600053601325554, 0.5401788190507726, 0.07849041395351786]	[0.018244815954486085, 1.698601228153804e-05, 0.08152213260080532, 0.28413409111881893, 0.11326959028665307]
395637406287146043	[-0.005518565595475036, 1.2378715155482572e-05, 0.01730444784266764, 0.5302461127057123, 0.08267621711950118]	[0.017943453953999343, 1.6765409532443117e-05, 0.08415025143508656, 0.2872429272714042, 0.11489405029962287]
217491521903157938	[-0.005766734752505448, 1.2646042376967756e-05, 0.01508870985073033, 0.5520367799965831, 0.072663387576432]	[0.0180993882280078, 1.6908057765595626e-05, 0.08102640171897614, 0.28443308635243114, 0.10960629339681141]
289687903079582503	[-0.005513507428872369, 1.2529355858019392e-05, 0.019465175090210018, 0.5175502213638687, 0.08538099272489302]	[0.01817734411546604, 1.6983521090417526e-05, 0.0900175213499655, 0.28236094126343847, 0.11597159482027554]
307816046345228027	[-0.005450146120553317, 1.2507256830375856e-05, 0.022103907830215423, 0.5177264285876197, 0.08583466884513422]	[0.01808034506363691, 1.6826293028543102e-05, 0.09299013542591177, 0.2825158983197067, 0.1153604519306851]
134053727976090252	[-0.0057389385192543425, 1.2694645696547651e-05, 0.015081545968767067, 0.5277657880363847, 0.08093063089720853]	[0.018233968973249658, 1.7020160331936837e-05, 0.0815493179603141, 0.28815969972617483, 0.11480155403767553]
226936619725368187	[-0.005680415332002983, 1.2591279777525568e-05, 0.014927559815013302, 0.5313760235481438, 0.07994968389828255]	[0.018130097591039986, 1.6941622115051737e-05, 0.08106238834666307, 0.2882345559133552, 0.11444044423331969]
795276815927965519	[-0.0055854475937464265, 1.0381201917002486e-05, 0.018022199502916024, 0.524738735964682, 0.08133775676811296]	[0.01815391824260719, 2.797379166372714e-05, 0.08507972586901866, 0.28523036397554113, 0.11416279239076699]
505424452466928927	[-0.00548264785878758, 1.2418997386410424e-05, 0.01917969945021665, 0.5226493799825211, 0.0843521159041113]	[0.01807006043305149, 1.6910669149192174e-05, 0.08951016264743106, 0.28429313362607034, 0.11564675687990342]
64598708	[-0.0054789859176521275, 1.2608297816005788e-05, 0.023142857589684405, 0.5126839992513559, 0.08714176360406133]	[0.01819510405782048, 1.6903534820300304e-05, 0.09573148996554579, 0.2828857706735866, 0.11578477103270057]
577356577743406329	[-0.005246920853467074, 1.19192628446761e-05, 0.022361969834148055, 0.5277291336122836, 0.0855984716642174]	[0.017694609584184944, 1.667678163264003e-05, 0.09532154744542114, 0.2844806685917001, 0.11575484419226416]
900182261617621677	[-0.005620181670489834, 1.249369514491225e-05, 0.014765058235641317, 0.5354128227107487, 0.07898985439993987]	[0.01802880175825402, 1.6862424599128805e-05, 0.08058601734790942, 0.2888157404644928, 0.11408053773367081]
969698538009233763	[-0.005527819092634014, 1.2659759553238687e-05, 0.02251857733368388, 0.5189160682175148, 0.08366635501835637]	[0.018176488713186906, 1.6871464611749445e-05, 0.09347911903900817, 0.28402867384858377, 0.11436824591341645]
596368303281285909	[-0.00553806076662922, 1.2518942556207747e-05, 0.019383606905906427, 0.5189801923286289, 0.08537478743275799]	[0.01817289883459362, 1.698908816321661e-05, 0.09003513996022929, 0.28406157078461036, 0.11597614368643966]
883142726313879846	[-0.005482650813042476, 1.2418972984375204e-05, 0.01917968651999822, 0.5226507342004473, 0.08435211587006333]	[0.018070059399900876, 1.6910681783999932e-05, 0.08951016530579048, 0.28429486699598777, 0.11564675690464765]
966463307251951629	[-0.005700814930623386, 1.2785084173234243e-05, 0.017972192219338122, 0.5226416777136984, 0.08226185402964387]	[0.018246862082634083, 1.6932775844896937e-05, 0.08530608763846106, 0.28648180670591666, 0.11449478295813591]
244651258665497985	[-0.005477920864816651, 1.2608312719863846e-05, 0.023452874186238006, 0.5127242029194732, 0.08729120952529903]	[0.018195645754839604, 1.6903527259319132e-05, 0.09671588023612086, 0.2828557107448206, 0.11586872089245515]
659694361680749282	[-0.00560006419337813, 1.2257459795370358e-05, 0.017762140731199885, 0.5516082155188897, 0.07484614883875526]	[0.017916644317724616, 1.689934631036418e-05, 0.08405024105793131, 0.2860152628819837, 0.11146089022551375]
562490399183599019	[-0.005635119371187748, 1.2673522508205667e-05, 0.018731151975202618, 0.5203175353979221, 0.08248235647994429]	[0.018261928012278036, 1.7036234020023765e-05, 0.08688474416627472, 0.28551114028957125, 0.11454772242103366]
950030656346430743	[-0.005446626856676859, 1.0205295364231154e-05, 0.02211278883873313, 0.5173658316657774, 0.08571876655042175]	[0.0180817481217345, 2.784265295496339e-05, 0.09301210484316272, 0.2826647783793955, 0.11532656198296562]
861060169746014339	[-0.0055236511507481935, 1.2344950911162348e-05, 0.018952736698189056, 0.5370427182462526, 0.07978110068014464]	[0.017944388563556103, 1.6816439032360013e-05, 0.08899831169232589, 0.2837361742736219, 0.11317719771229491]
341537602	[-0.005241277308937265, 1.2003454858151397e-05, 0.02327589533564807, 0.524221301765536, 0.08599399067718858]	[0.017692466777005117, 1.659770888483439e-05, 0.09311051413452072, 0.2822416639419113, 0.11499205750647427]
486245584010345222	[-0.0054232434292647855, 1.2507247053999194e-05, 0.023199895617363207, 0.5164713861197858, 0.08624544772706902]	[0.018092477493287695, 1.6826297521903674e-05, 0.09615878007163968, 0.28318679398299607, 0.11555727322443285]
975069055111772303	[-0.005474739406412721, 1.250725178382407e-05, 0.019832265857623134, 0.5189833724622631, 0.0844787110832264]	[0.01806872111451645, 1.6826295033855634e-05, 0.08633581407845745, 0.2818483625509053, 0.1148052796094681]
46793442	[-0.005472718247309403, 1.2621952806097735e-05, 0.022308107738655932, 0.5130123794552381, 0.08669342954211302]	[0.018190456069840287, 1.68962993208976e-05, 0.09326264750173315, 0.2811055682260627, 0.11562302810456764]
437284688342342980	[-0.005387532506961664, 1.2271113626638067e-05, 0.018873537100479322, 0.5171948772847644, 0.08691935216342984]	[0.017983069954226296, 1.6863605673117645e-05, 0.08901947493653803, 0.2869378256330236, 0.11731148528244921]
583420921730489308	[-0.005920264254268883, 1.316558402684416e-05, 0.01995890493958157, 0.5454232317382096, 0.07575525815613084]	[0.018427341581580894, 1.6985190413629967e-05, 0.09062825556919571, 0.27691664503839053, 0.11032412733451595]
408521884302140927	[-0.005690497903015072, 1.2854336294860407e-05, 0.01905555650477197, 0.5303812004211171, 0.07902291958245398]	[0.018248336449467377, 1.6890629702097373e-05, 0.0880180248616655, 0.28401015182552747, 0.11241499083462264]
226090748716394921	[-0.005515624918015476, 1.2518962247571474e-05, 0.023028275371706076, 0.5182151562645314, 0.08377111643488266]	[0.01818198790793808, 1.6989078221139014e-05, 0.09462683258947306, 0.2844085832979499, 0.11439856889758139]
689498176878498142	[-0.005615852783785093, 1.2816037580391292e-05, 0.019702867425981187, 0.5201601186302256, 0.08316453554012027]	[0.018270963896809527, 1.6916194835197857e-05, 0.09053244330751754, 0.2855555202780031, 0.11498229815723347]
437582337009655869	[-0.005440605966147802, 1.2507237059530565e-05, 0.022459384091290786, 0.5170115550320611, 0.08585206454673144]	[0.018084273764390132, 1.6826302449591296e-05, 0.09391475766306265, 0.28284346731187143, 0.11536636184499911]
137761876998746427	[-0.00571130442732879, 1.2735372947682781e-05, 0.013827394677225094, 0.5366582137342003, 0.07891787460281861]	[0.018115206481123275, 1.682142935842228e-05, 0.0772464413406777, 0.2840196161143584, 0.11326166825738114]
459543563251684433	[-0.00579610476648205, 1.2567811555603019e-05, 0.010430950827351891, 0.5376097222295924, 0.07868308316909725]	[0.018210314683691126, 1.685674228331618e-05, 0.07113921371996769, 0.29266872883463835, 0.11458626493325073]
668507988021629657	[-0.005482610993770504, 1.2294709779869939e-05, 0.01884569387818576, 0.5280019742890952, 0.08334666005821664]	[0.01795876223367678, 1.6846914131967396e-05, 0.08902349198310579, 0.28654299378024695, 0.11532069217069306]
198175473590802180	[-0.005796619655063544, 1.296224714736983e-05, 0.019190063768123752, 0.5318762583909822, 0.07831670630749012]	[0.01833377571468509, 1.69680969468469e-05, 0.08610339435558044, 0.2788443660332521, 0.1105516435314838]
9664312294	[-0.005708951147728195, 1.2920137154095923e-05, 0.02266914578676576, 0.5250109363334678, 0.08135716053311855]	[0.018363542371712224, 1.6995788835085197e-05, 0.09365758196207052, 0.27575556328825274, 0.11196882893605192]
8515863624	[-0.005730239334706607, 1.2962282709805916e-05, 0.023993485478177607, 0.5298634045135673, 0.07852727118737539]	[0.018363917151518847, 1.6968079117860264e-05, 0.09676887891331201, 0.2800911199118321, 0.11063210052258642]
2336638020	[-0.005579729413206811, 1.2581963840846508e-05, 0.018834808849635502, 0.5335756501347675, 0.0805063201313166]	[0.018044096977129352, 1.6777407171861967e-05, 0.0885576225713388, 0.28362058524105316, 0.11334718916718965]
7565007951	[-0.005580988901564515, 1.2581934719397447e-05, 0.018414306696937995, 0.5334839458864593, 0.08029742470345233]	[0.018043446242271978, 1.6777421522817535e-05, 0.08704942414497414, 0.2836945834168472, 0.11320995198333472]
308231913	[-0.005429168948721944, 1.219969719818602e-05, 0.018652858436806613, 0.5314820110621721, 0.08237191084559382]	[0.017859527637100713, 1.6770145670046907e-05, 0.08851592103965811, 0.2866326230917378, 0.11498789618274687]
