192463771	[0.012896857732134826, 0.0015684437106637237, 0.012896857732134826, 0.8779872339041822, 0.0002509363427908359]	[0.0020206363959142655, 0.000245738497898847, 0.0020206363959142655, 0.015091370394476718, 4.3465955046196246e-05]
19590930	[0.02648470015749704, 0.0032209211153301468, 0.026484700157497036, 0.8328532448443925, 0.0006055183121611526]	[0.018654758583728108, 0.0022686874107090784, 0.018654758583728098, 0.058506294206220395, 0.0004879963562295316]
20447568	[0.015487403877787199, 0.0018834914450594133, 0.015487403877787199, 0.8646030815097859, 0.00031656635451028284]	[0.0051903456352090545, 0.0006312208087269482, 0.005190345635209053, 0.03062055867284374, 0.00012551356035598617]
211577392	[0.012162837819215795, 0.0014791763139201592, 0.012162837819215795, 0.8834658959087703, 0.0002351396101911841]	[0.002093779465748846, 0.00025463374899360313, 0.002093779465748846, 0.015634917534475636, 4.504484181535405e-05]
21422783	[0.01636454760956213, 0.0019901647602207145, 0.016364547609562123, 0.8590498175957849, 0.00033709046365009847]	[0.005104288830201172, 0.0006207550613815221, 0.00510428883020117, 0.029638673163394018, 0.00012422691414133545]
2173684107	[0.016012795890538258, 0.001947386683352931, 0.016012795890538254, 0.8610155091539915, 0.000328427947221943]	[0.005015252944975685, 0.0006099270149607778, 0.005015252944975683, 0.02922384996138639, 0.00012191806590335301]
222036996	[0.010224248712234128, 0.0012434159484452042, 0.010224248712234128, 0.8979432832733812, 0.00019343621220562228]	[6.243747816701474e-07, 7.593296908029539e-08, 6.243747816701474e-07, 1.1245032561432746e-05, 1.0864668827360834e-10]
222496251	[0.03568908784665087, 0.004366678760562203, 0.03562538481799031, 0.8078040925768729, 0.0009033116626601533]	[0.0272790179719864, 0.0034913109985985334, 0.027379708519187158, 0.07306245334596428, 0.0007087303581079936]
223782598	[0.013976564088941438, 0.0016296023346984638, 0.013868268940218476, 0.8648605435649909, 0.0003533684802994357]	[0.006696854069516068, 0.00105140305132906, 0.007035371516459773, 0.029637849352258834, 0.00023829676290223928]
22900494	[0.01561981670077541, 0.001899594752061832, 0.015619816700775406, 0.8632100563579365, 0.00031874651812017]	[0.004883907120208833, 0.0005939534703147669, 0.004883907120208832, 0.02859339070535727, 0.00011853787308221615]
2368436134	[0.038191624749106284, 0.004716514786630926, 0.03819162474910627, 0.8020732109259534, 0.0009236541644181832]	[0.02633692363352, 0.00331013874708996, 0.026336923633519995, 0.07161050242609068, 0.0007092436267918539]
2413215217	[0.012514787935668842, 0.0015219785187737262, 0.012514787935668842, 0.8808424161343247, 0.00024272177531300054]	[0.0020913697013978006, 0.0002543406869300307, 0.0020913697013978006, 0.015618143112240076, 4.499128765762346e-05]
245957521	[0.012324250406365131, 0.0014988064100563312, 0.012324250406365131, 0.8822618263178438, 0.00023861486977440222]	[0.002100064909448921, 0.0002553981495045547, 0.002100064909448921, 0.015682597981867653, 4.517864660225028e-05]
1143130812	[0.014886386676952565, 0.0018103990943311435, 0.01488638667695256, 0.8675758901055183, 0.0003011243896851064]	[0.004699281204822246, 0.0005715002990207937, 0.004699281204822245, 0.027886072585476155, 0.00011348124069543391]
25816024	[0.06758249858087383, 0.008238035627040357, 0.06969010339963319, 0.7552880397161504, 0.0014783181012448202]	[0.05446348728094471, 0.006525709841348125, 0.05831024129120994, 0.10224923315997937, 0.001107031694352462]
26203837	[0.026484951041284562, 0.0032209516264132976, 0.026484951041284562, 0.8328504356521861, 0.0006055196770515009]	[0.01865470755030407, 0.0022686812043094555, 0.018654707550304066, 0.058506731484612225, 0.0004879960415065906]
1156991923	[0.01561951090786075, 0.0018995575632377226, 0.015619510907860745, 0.8632129495744677, 0.00031874441708349457]	[0.004883265514120221, 0.0005938754417705036, 0.004883265514120219, 0.028585755215217, 0.00011853481880891677]
2862964321	[0.07112916310665354, 0.00867062980567229, 0.0733772749133302, 0.7474287809056699, 0.0015573189451320681]	[0.05441007362677252, 0.006511188794343712, 0.05836888970455833, 0.10040844855231937, 0.0010981950791708079]
117754884	[0.015372600182696738, 0.0018695296617114489, 0.015372600182696738, 0.8650552118544691, 0.00031342928850701005]	[0.0050410435086166334, 0.0006130635190749799, 0.005041043508616633, 0.02972999949316348, 0.0001219592355768947]
11985982	[0.012486330449724315, 0.001518517678483942, 0.012486330449724315, 0.8810468311648907, 0.00024209066862664587]	[0.0020940766324593395, 0.0002546698887470045, 0.0020940766324593395, 0.01563940330578678, 4.5045309279245484e-05]
288567673	[0.01429027299521623, 0.0017289564070423354, 0.017786761918343393, 0.8435487669203953, 0.006331092862777421]	[0.005821677560200427, 0.0007309386633041428, 0.012844882571481173, 0.1055066019588917, 0.026264968000396467]
2906686402	[0.036546192174600395, 0.004512179245346404, 0.03654619217460038, 0.8077152862970755, 0.0008806980639329801]	[0.026384487469076637, 0.003313667866440791, 0.02638448746907664, 0.07304179480155089, 0.0007091960949611988]
2920256952	[0.010224185640856682, 0.001243408278057011, 0.010224185640856682, 0.8979444191932069, 0.0001934362231805951]	[5.983476236790169e-07, 7.276769168439865e-08, 5.983476236790169e-07, 1.0776281664240944e-05, 1.0411773450429323e-10]
293013635	[0.015619894612476959, 0.0018996042272472467, 0.015619894612476959, 0.8632086531628578, 0.00031874650456285055]	[0.004883821048256034, 0.0005939430027252316, 0.004883821048256032, 0.0285916863131843, 0.00011853788741410962]
311380778	[0.03819142090602893, 0.004716489996375865, 0.038191420906028915, 0.802075493394621, 0.0009236530554447752]	[0.026337043610862223, 0.003310153403771468, 0.02633704361086223, 0.07161119313079906, 0.0007092443001701658]
3289816264	[0.06714752870612135, 0.008155908179837508, 0.06921001054624616, 0.7544590547241539, 0.0014986939787300585]	[0.05496735736352202, 0.006630758224830023, 0.058855629221998336, 0.10150141047460584, 0.001093779451795133]
3292722958	[0.010223807212592006, 0.001243362255727852, 0.010223807212592006, 0.8979512347121602, 0.00019343628903043227]	[0.0, 0.0, 0.0, 0.0, 0.0]
3356627800	[0.015125149929513422, 0.0018394361458048203, 0.015125149929513415, 0.8669045769362378, 0.0003081120995658085]	[0.0051818673772916395, 0.0006301897304143745, 0.005181867377291638, 0.030718330919717027, 0.0001250612959329944]
3372055939	[0.0368386281067777, 0.004507278554185677, 0.03677299468330923, 0.8028237650292969, 0.0009339020865304231]	[0.027040590699032897, 0.0034678438966546632, 0.027148014817559196, 0.07064484966340945, 0.000700816617414907]
3664826895	[0.038191542360497405, 0.004716504766989075, 0.038191542360497384, 0.8020744870865433, 0.0009236540544992825]	[0.026336997980541968, 0.0033101477134965737, 0.02633699798054196, 0.07161165169824803, 0.0007092437259575385]
37105136	[0.016012727138030602, 0.0019473783220574532, 0.016012727138030595, 0.8610146476665376, 0.0003284261455167708]	[0.005014554192332383, 0.00060984203657213, 0.005014554192332381, 0.02921489391251015, 0.00012191536150905159]
465965880	[0.01561981670077541, 0.001899594752061832, 0.015619816700775405, 0.8632100563579364, 0.00031874651812017]	[0.004883907120208833, 0.0005939534703147669, 0.004883907120208832, 0.028593390705357276, 0.00011853787308221615]
3398737828	[0.015431808754292835, 0.0018767302770602466, 0.015431808754292828, 0.8649610867826781, 0.00031528157007573715]	[0.00519051793020432, 0.0006312417622806989, 0.0051905179302043185, 0.03064405063865582, 0.00012548049604071967]
1274709210	[0.06998513363185936, 0.008531058061106997, 0.07218437344273869, 0.7497657589758349, 0.0015322183226906417]	[0.05437374748061822, 0.006509445451377994, 0.05829587605360569, 0.10083100003629931, 0.0010995400248330752]
3545097856	[0.026967233104030174, 0.003279604073683034, 0.026967233104030174, 0.8315036380437032, 0.0006183886121010732]	[0.01886454314248233, 0.0022942002355076803, 0.01886454314248233, 0.05926937329539705, 0.000493315207143491]
359850032	[0.015433966967260987, 0.0018769927468514536, 0.015433966967260983, 0.8647062645141566, 0.00031492733573837764]	[0.00506428236789523, 0.0006158896991752452, 0.005064282367895229, 0.029848609186678483, 0.00012254392031439522]
36327895	[0.07213481420174045, 0.008793392803677033, 0.07443401945856884, 0.7464045489084632, 0.0015794556945473636]	[0.054631555069743855, 0.006535755269117317, 0.0586215249190301, 0.10182992691266979, 0.001101190635043206]
377925526	[0.015708186562894497, 0.0019103418004771644, 0.015708186562894494, 0.8629561675830086, 0.0003213213919675498]	[0.005048930793136406, 0.0006140227265079987, 0.005048930793136404, 0.02960471885760564, 0.00012243230343382473]
1028440310	[0.015433901370433056, 0.0018769847693320956, 0.015433901370433054, 0.864707113655283, 0.0003149271483444154]	[0.0050642404998208585, 0.0006158846074141908, 0.005064240499820858, 0.02984740832325962, 0.00012254397641919864]
388187529	[0.037216681270944574, 0.004595769947376418, 0.03721668127094456, 0.8059303777249271, 0.0008987870645328409]	[0.02649442852833524, 0.003328003983428218, 0.026494428528335248, 0.07340737473174738, 0.0007120923605166998]
39475170	[0.07112942386266229, 0.008670661517359771, 0.07337753566933893, 0.7474259121240653, 0.0015573204390524867]	[0.05440984364174172, 0.006511160271253137, 0.05836866527490198, 0.10040626335979543, 0.0010981936476110084]
422684232	[0.025264868986135617, 0.003020609681580869, 0.025184650357451942, 0.8326278823441898, 0.0006298276739800416]	[0.019334241658568306, 0.0024494585551947203, 0.01946971040709066, 0.057424265227471655, 0.0004946544026400723]
42401449	[0.015486918549207543, 0.0018834324221117947, 0.015486918549207541, 0.8646104233118456, 0.00031656560187377303]	[0.005190388509580591, 0.0006312260228682362, 0.005190388509580589, 0.030619741691433763, 0.0001255137655995913]
4376048613	[0.03869160885012326, 0.004779638217259357, 0.03869160885012324, 0.8013745383428144, 0.0009375458319017852]	[0.02660842470898448, 0.003344091628197386, 0.02660842470898448, 0.07264812914587102, 0.0007162945476470068]
474013625	[0.01636461732003193, 0.001990173238018191, 0.016364617320031926, 0.8590485621054514, 0.0003370904515198653]	[0.005104204972548835, 0.0006207448630828256, 0.005104204972548833, 0.029637025737290202, 0.00012422692816856838]
474708096	[0.009040660364825589, 0.0013744712786208316, -0.04168186811713276, 0.6381394308798539, 0.049074201441510173]	[0.008389936573126302, 0.001017377396417541, 0.22338867961939288, 0.28583241831184786, 0.06603042247813455]
532655237	[0.010224374854989018, 0.0012434312892215906, 0.010224374854989018, 0.8979410114337302, 0.00019343619025567654]	[6.554569814372196e-07, 7.971301238625247e-08, 6.554569814372196e-07, 1.1804825107068154e-05, 1.1405526364867072e-10]
54219545	[0.012162939703748592, 0.0014791887045472404, 0.012162939703748592, 0.8834640609613598, 0.00023513959246238182]	[0.0020936851390078092, 0.0002546222775028881, 0.0020936851390078092, 0.01563321870391323, 4.504485822903557e-05]
54851559	[0.012674103522172924, 0.001541353589419068, 0.012674103522172924, 0.8796509006381803, 0.00024614467164413555]	[0.002070878471260978, 0.0002518486581196499, 0.002070878471260978, 0.015466609056435564, 4.454671383574901e-05]
560467206	[0.038191462296620377, 0.0047164950300681175, 0.03819146229662037, 0.8020747479472359, 0.0009236530482424491]	[0.026336999658682133, 0.0033101481223614332, 0.026336999658682133, 0.07161019521130804, 0.0007092443075854664]
552278840	[0.015087138568406858, 0.0018348134166486472, 0.015087138568406856, 0.866875116988087, 0.0003067651648738355]	[0.0050394341912968705, 0.0006128678029027873, 0.00503943419129687, 0.02986331132427839, 0.000121671337560973]
562662319	[0.010223807212592006, 0.001243362255727852, 0.010223807212592006, 0.8979512347121602, 0.00019343628903043227]	[0.0, 0.0, 0.0, 0.0, 0.0]
569257486	[0.015433575221509278, 0.0018769451049240001, 0.01543357522150927, 0.8647107656051516, 0.00031492537398696284]	[0.005063773146410905, 0.0006158277705061838, 0.005063773146410904, 0.0298423957668883, 0.00012254139807926776]
58429842	[0.015694399743328286, 0.0019086651245854233, 0.015694399743328282, 0.8629992104258636, 0.0003209288509742962]	[0.005023936988206174, 0.0006109831197322567, 0.005023936988206172, 0.029449168279676124, 0.00012185050330833446]
140101267	[0.07007624144380092, 0.00854213808366754, 0.07227548125468027, 0.749086510720125, 0.0015341818378787112]	[0.05427694384986137, 0.006497451914415715, 0.05820215329004693, 0.09993133548489172, 0.0010972255905297408]
65375944	[0.012674653302997616, 0.0015414204506882733, 0.012674653302997616, 0.8796421065886744, 0.00024614523867206873]	[0.0020711193877630237, 0.0002518779570372837, 0.0020711193877630237, 0.015470014344656216, 4.454723202906685e-05]
714602578529665024	[0.010224469462055187, 0.0012434427948038802, 0.010224469462055187, 0.8979393075539918, 0.00019343617379321727]	[6.62249463181247e-07, 8.053907602845797e-08, 6.62249463181247e-07, 1.192715816827894e-05, 1.1523721504759412e-10]
704221216912105473	[0.039640230257575605, 0.004897476952087037, 0.039640230257575605, 0.7981591110017107, 0.0009623481831790346]	[0.026527457932161345, 0.0033354396603639553, 0.02652745793216134, 0.07164301207989987, 0.0007149194987019688]
142334501	[0.01543409941715362, 0.0018770088546666587, 0.015434099417153619, 0.864703879082523, 0.0003149273126909346]	[0.0050641461165196475, 0.0006158731290449439, 0.005064146116519647, 0.0298459530654406, 0.00012254394316383647]
751805919743315969	[0.012324438723185486, 0.0014988293120948455, 0.012324438723185486, 0.8822589093793531, 0.00023861512101760324]	[0.0021002532937972234, 0.00025542105975544054, 0.0021002532937972234, 0.015685517089188687, 4.5178897851039935e-05]
1005305156	[0.010224469462055187, 0.0012434427948038802, 0.010224469462055187, 0.8979393075539918, 0.0001934361737932172]	[6.62249463181247e-07, 8.053907602845797e-08, 6.62249463181247e-07, 1.192715816827894e-05, 1.1523721504759411e-10]
743729451708481536	[0.012162837819215795, 0.0014791763139201592, 0.012162837819215795, 0.8834658959087703, 0.0002351396101911841]	[0.002093779465748846, 0.00025463374899360313, 0.002093779465748846, 0.015634917534475636, 4.504484181535405e-05]
741963075985760256	[0.015051681518772076, 0.0018305013285684784, 0.01505168151877207, 0.866867100187242, 0.0003055540635542848]	[0.004906811994963567, 0.0005967390330850755, 0.004906811994963565, 0.02906250226304344, 0.00011853429482121472]
756914316566224896	[0.016839999019398928, 0.0020479865016846564, 0.016839999019398925, 0.8563168457630561, 0.00034867583976265883]	[0.005143171857239515, 0.0006254837976734561, 0.005143171857239513, 0.029696144618785895, 0.00012542993543384029]
777573276692451328	[0.016013088827814367, 0.0019474223087461756, 0.016013088827814364, 0.8610109716941174, 0.00032842833804470005]	[0.005015160208557195, 0.0006099157368761969, 0.0050151602085571935, 0.029222988005687824, 0.0001219179228257308]
801355099796803584	[0.05147685017090094, 0.0066121680397993035, 0.03020769200274841, 0.6389408755861246, 0.04307195733887199]	[0.055575118808885444, 0.006452377253299965, 0.11576404033603992, 0.2129838009128503, 0.07890873991808864]
786863976030220289	[0.010224564069121356, 0.00124345430038617, 0.010224564069121356, 0.8979376036742535, 0.00019343615733075797]	[6.554569814372196e-07, 7.971301238625247e-08, 6.554569814372196e-07, 1.1804825107068154e-05, 1.1405526364867074e-10]
791162759228624896	[0.014389383250436535, 0.001679807092394995, 0.014281088101713574, 0.8627256289129364, 0.00036382732712873713]	[0.006961408061745786, 0.0010797840854379337, 0.007293779046100751, 0.03095422128807668, 0.00023960069121262451]
800434576350789632	[0.027125692185680745, 0.003298874980998162, 0.027125692185680745, 0.8287941051340493, 0.0006205157494379343]	[0.018259296233540553, 0.0022205934913344027, 0.018259296233540556, 0.055927336962413886, 0.00047887466485921164]
80172249	[0.010223807212592006, 0.001243362255727852, 0.010223807212592006, 0.8979512347121602, 0.00019343628903043227]	[0.0, 0.0, 0.0, 0.0, 0.0]
802492036268126208	[0.03654645938114569, 0.004512211741512067, 0.03654645938114566, 0.8077128925753243, 0.000880700054737913]	[0.02638438983729525, 0.0033136557057211464, 0.026384389837295248, 0.07304268623822517, 0.0007091950342771826]
809247439383392257	[0.010224374854989018, 0.0012434312892215906, 0.010224374854989018, 0.8979410114337301, 0.00019343619025567657]	[6.554569814372196e-07, 7.971301238625247e-08, 6.554569814372196e-07, 1.1804825107068154e-05, 1.1405526364867074e-10]
817189988462800896	[0.010223807212592006, 0.001243362255727852, 0.010223807212592006, 0.8979512347121602, 0.00019343628903043227]	[0.0, 0.0, 0.0, 0.0, 0.0]
818479808837455873	[0.0156194329961592, 0.0018995480880523077, 0.015619432996159196, 0.8632143527695462, 0.000318744430640814]	[0.0048833515897428025, 0.0005938859098063372, 0.0048833515897428, 0.02858745975011736, 0.00011853480447689106]
819581851903938562	[0.010223807212592006, 0.001243362255727852, 0.010223807212592006, 0.8979512347121602, 0.00019343628903043227]	[0.0, 0.0, 0.0, 0.0, 0.0]
826067879879651329	[0.015086556128802033, 0.001834742583601249, 0.015086556128802029, 0.8668827686798966, 0.00030676301075831133]	[0.0050389776387190265, 0.0006128122795315772, 0.005038977638719026, 0.02985880454222122, 0.00012166834489333064]
827106904245731328	[0.0711294824501175, 0.008670668642438423, 0.07337759425679416, 0.7474250046320906, 0.0015573205172170384]	[0.05440978258373809, 0.006511152702780545, 0.0583686061015861, 0.10040518655008962, 0.0010981935569670952]
845781575170244610	[0.036546230760969765, 0.004512183938004848, 0.036546230760969765, 0.8077147868022951, 0.0008806981741647226]	[0.026384461320286406, 0.003313664691292051, 0.026384461320286406, 0.07304169372660015, 0.0007091960013196645]
847424832400629760	[0.015619971785215703, 0.001899613612564138, 0.0156199717852157, 0.8632076541732971, 0.0003187467250263354]	[0.0048838691853339495, 0.0005939488568874372, 0.004883869185333947, 0.028593108777432544, 0.00011853781207424693]
849608792098705408	[0.02730324310758673, 0.0033204677311524993, 0.02730324310758673, 0.8289946195120395, 0.0006256173092233301]	[0.018598880136323923, 0.0022618917864405137, 0.018598880136323916, 0.05702575158720298, 0.0004876649553858058]
857912957346471936	[0.011072413478385742, 0.001253032704227841, 0.010928019946755133, 0.8785628248887266, 0.00030682980385960806]	[0.005105475476099654, 0.0009522541182680768, 0.005605365013353691, 0.020510033672285446, 0.0002589410965749216]
154172528	[0.02603819781898907, 0.003166619998021197, 0.02603819781898907, 0.8341007499478752, 0.0005936038832479726]	[0.018447195076485078, 0.0022434446977738585, 0.018447195076485075, 0.05776641992365931, 0.0004827129267154163]
860264322311659520	[0.010224072112377278, 0.0012433944713582633, 0.010224072112377278, 0.897946463848893, 0.00019343624293554626]	[5.297995705449975e-07, 6.443126082276637e-08, 5.297995705449975e-07, 9.541726534623152e-06, 9.21897720380753e-11]
862688770205863937	[0.03819166613969774, 0.004716519820323177, 0.038191666139697725, 0.802072465478568, 0.0009236541572158571]	[0.026336879680819332, 0.0033101334656188424, 0.026336879680819325, 0.07160950447321406, 0.0007092436342071735]
86711514	[0.02801499612135672, 0.0034070271521509936, 0.02801499612135672, 0.8261197256645816, 0.0006436249982899015]	[0.018645849970814934, 0.00226760399502872, 0.018645849970814928, 0.0563996028968197, 0.0004895092029328167]
875915736300040192	[0.012674103522172924, 0.001541353589419068, 0.012674103522172924, 0.8796509006381803, 0.00024614467164413555]	[0.002070878471260978, 0.0002518486581196499, 0.002070878471260978, 0.015466609056435564, 4.454671383574901e-05]
876224066759405568	[0.012324438723185487, 0.0014988293120948455, 0.012324438723185487, 0.8822589093793531, 0.00023861512101760324]	[0.002100253293797224, 0.00025542105975544054, 0.002100253293797224, 0.015685517089188687, 4.517889785103994e-05]
878977884999876610	[0.012486025762461907, 0.0015184806241230757, 0.012486025762461907, 0.8810518074306757, 0.00024209041578584714]	[0.002093998879651809, 0.00025466043288539146, 0.002093998879651809, 0.015638475575260016, 4.5045039628149625e-05]
884586449831686145	[0.02613752874411306, 0.0031225806898305024, 0.026050892625134693, 0.8291160753654655, 0.000656371653577116]	[0.01973058791873153, 0.002505636355205703, 0.019877726529750887, 0.057016561534337325, 0.0005023529581458136]
886794351459827713	[0.016012360617480806, 0.0019473337478779832, 0.0160123606174808, 0.8610205103662082, 0.0003284257674981488]	[0.005014731848254469, 0.000609863642091819, 0.005014731848254467, 0.029217430171387757, 0.00012191549040541418]
890041069639016448	[0.01601279589053826, 0.001947386683352931, 0.016012795890538258, 0.8610155091539916, 0.0003284279472219429]	[0.005015252944975684, 0.0006099270149607776, 0.005015252944975683, 0.029223849961386387, 0.00012191806590335303]
890502281887612928	[0.015433575221509274, 0.0018769451049240001, 0.01543357522150927, 0.8647107656051516, 0.00031492537398696284]	[0.005063773146410905, 0.0006158277705061839, 0.005063773146410904, 0.0298423957668883, 0.00012254139807926776]
892926801860677632	[0.015434359341131085, 0.0018770404651671517, 0.015434359341131082, 0.8647014198484712, 0.00031492909857210873]	[0.005064681526313757, 0.0006159382425897807, 0.005064681526313755, 0.029852292218942703, 0.0001225465099975029]
905719296134971392	[0.036966170145405514, 0.00456530418529206, 0.03696617014540551, 0.807228439042917, 0.0008924471945126757]	[0.026669071888346055, 0.003349205450400598, 0.026669071888346052, 0.07408586174920545, 0.0007165939265939979]
909435307304607744	[0.03780162375338713, 0.00466908504664363, 0.03780162375338713, 0.8043963795943065, 0.0009142901835379136]	[0.026653838670394638, 0.0033484643311479842, 0.026653838670394638, 0.07345216318026991, 0.0007168043295831727]
1707513156	[0.015433575221509278, 0.0018769451049239997, 0.01543357522150927, 0.8647107656051516, 0.00031492537398696284]	[0.005063773146410905, 0.000615827770506184, 0.005063773146410904, 0.0298423957668883, 0.00012254139807926776]
1631211283	[0.025728624862370448, 0.003672298382129655, -0.0027707537030254984, 0.6294022591418462, 0.05791385484315351]	[0.027750520352007178, 0.0031875857415790253, 0.1098387409755025, 0.24165823704326564, 0.08658995266026573]
1653321740	[0.010224027962413068, 0.001243389102086528, 0.010224027962413068, 0.8979472589927707, 0.00019343625061802726]	[4.936116059120042e-07, 6.00302829482186e-08, 4.936116059120042e-07, 8.889978814221196e-06, 8.589274879472738e-11]
1664655710	[0.026038681002579857, 0.003166678760107264, 0.02603868100257985, 0.8340953396517741, 0.0005936065119256802]	[0.018447107376022162, 0.002243434032134031, 0.018447107376022162, 0.05776738958820291, 0.00048271237882610655]
179181381	[0.06758241761122817, 0.008238025779964887, 0.06969002242998755, 0.7552887105882028, 0.001478317435208482]	[0.054463545686184583, 0.006525717079470938, 0.05831029877005129, 0.10224932602506015, 0.0011070322733159517]
