192463771	[-0.00752390887634723, 1.2465841051608878e-12, -0.007523909054112782, 0.5180747895478333, 0.08537844079803752]	[0.0212383770524323, 1.665286707311944e-12, 0.021238377366661836, 0.2829684314817172, 0.1159734650181219]
19590930	[-0.0074382189067462995, 1.2380603448952928e-12, -0.007438219082240481, 0.5238862814391736, 0.0843381540905975]	[0.02112427461573924, 1.656381274183946e-12, 0.021124274928617785, 0.28579085071677723, 0.11565685602620634]
20447568	[-0.007528933760005678, 1.2517955560995941e-12, -0.0073111639795953726, 0.5271876473713567, 0.08044608413019558]	[0.021236615789375267, 1.6618401552659952e-12, 0.02140360574701269, 0.2861046204123215, 0.11366347636762454]
211577392	[-0.007614783398816817, 1.25941358804762e-12, -0.007614783563097901, 0.5214619409839173, 0.08315972203229105]	[0.021353157224565527, 1.6700238814537728e-12, 0.021353157545789994, 0.2871303952914864, 0.11498576617096817]
21422783	[-0.007354700864259061, 1.229857448706258e-12, -0.007354701032778274, 0.5215951056324167, 0.08421054028185987]	[0.02101198253529813, 1.6491119099793762e-12, 0.021011982848503516, 0.2827391249280294, 0.11469966211486143]
2173684107	[-0.007436382664458536, 1.235674716899685e-12, -0.007436382828916035, 0.5166168293923026, 0.08585248907783684]	[0.02112492100836861, 1.6581598096131227e-12, 0.02112492132513798, 0.28308675664704763, 0.11536650875532042]
222036996	[-0.007439505580354911, 1.2396801734048734e-12, -0.007439505768770189, 0.5296577657567506, 0.08216386596075376]	[0.02112384058591034, 1.6555802249740262e-12, 0.021123840894234042, 0.2862823308478965, 0.11550006082771351]
222496251	[-0.007347177637279308, 1.2200359194644377e-12, -0.0073471778384427795, 0.5292397117672637, 0.08432068607411648]	[0.021014465002280353, 1.6531920284273814e-12, 0.02101446530409583, 0.28584872591205135, 0.11648791346368254]
223782598	[-0.007619295745781876, 1.2652229733295522e-12, -0.007619295920612031, 0.5376697099963356, 0.07723043089780968]	[0.021351586131361715, 1.6664620419771853e-12, 0.021351586448810668, 0.28583646576209987, 0.11248784046937926]
22900494	[-0.007708058959357019, 1.2726219807778418e-12, -0.007708059123101388, 0.5258965895324004, 0.08046370301671177]	[0.02146980079482909, 1.6763681028145713e-12, 0.0214698011185092, 0.2827609798327467, 0.11309108755241813]
2368436134	[-0.007347855092887092, 1.2209653368942868e-12, -0.007347855268643957, 0.5153535420238319, 0.08863593250706053]	[0.021014283803574375, 1.6536992565362908e-12, 0.02101428411426963, 0.28166998618447864, 0.11666258310141908]
2413215217	[-0.007431974284389642, 1.2299472524228123e-12, -0.007431974470111099, 0.5125808820055608, 0.08839210679575482]	[0.021126434112408762, 1.6615926655057392e-12, 0.021126434421709413, 0.28002692178600863, 0.11625662662623788]
245957521	[-0.007347175648082607, 1.2200845914961932e-12, -0.007347175784730209, 0.5272125280446508, 0.08511958877825557]	[0.02101446566515882, 1.6531553418238228e-12, 0.02101446598953064, 0.28435252930236776, 0.11534348075685907]
1143130812	[-0.007608997206396045, 1.2518450519390878e-12, -0.007608997360080179, 0.5252652791146925, 0.08095818508252045]	[0.021355143384592833, 1.6740618970333255e-12, 0.021355143709607727, 0.2824430142496421, 0.11248177135108538]
25816024	[-0.0075333877952887774, 1.2589517448522658e-12, -0.007533387967606591, 0.5392747050429075, 0.07805305632013534]	[0.021235074495357855, 1.6572077322198922e-12, 0.021235074811489566, 0.28056292072253586, 0.11158809587400671]
26203837	[-0.007528930911313215, 1.2531087521578674e-12, -0.007528931099368032, 0.5357166467406973, 0.07950622535100832]	[0.021236616748211798, 1.6608028363924516e-12, 0.02123661705877756, 0.28381267793064, 0.11365464247307355]
1156991923	[-0.007612896110225301, 1.2569084860250811e-12, -0.007612896276430657, 0.5201285147504765, 0.08273372678956768]	[0.02135382990847702, 1.671904776491024e-12, 0.021353830229019863, 0.285646738374598, 0.11466477114061398]
117754884	[-0.00666191279059508, 1.2552024166960022e-12, -0.006661912984142608, 0.5230173880669574, 0.08675402195683268]	[0.01991252331754168, 1.6727722145668479e-12, 0.019912523601873375, 0.28479959957198175, 0.11781843926096747]
2862964321	[-0.007520054300822506, 1.24163075011172e-12, -0.007520054479707859, 0.517297556879941, 0.08672628181394558]	[0.021239666476752683, 1.667357017989203e-12, 0.021239666790598927, 0.278482612752807, 0.1150506191962916]
11985982	[-0.00761609491882376, 1.2611175759507845e-12, -0.007616095067306413, 0.5241865285370781, 0.08170180196566813]	[0.021352708610786815, 1.6691507383659406e-12, 0.02135270893764295, 0.283013748225915, 0.11295615249577509]
288567673	[-0.007347176842424558, 1.2200861438905649e-12, -0.0073471770091062, 0.5228996981119945, 0.08449124002877278]	[0.021014465266347326, 1.653154598636816e-12, 0.0210144655802185, 0.2849959954618189, 0.11482896438767662]
2906686402	[-0.007354020645000825, 1.228975699763527e-12, -0.007354020819195399, 0.5279907035834323, 0.0832338291420259]	[0.021012164874131843, 1.6485712262448666e-12, 0.02101216518535364, 0.2864866893790899, 0.1152425412034347]
2920256952	[-0.0078121876157850175, 1.297306233950968e-12, -0.00781218776819004, 0.5396492223036372, 0.07379616626858546]	[0.0215852926667125, 1.6750259558927374e-12, 0.021585292996790247, 0.28278170801732644, 0.10894719692000543]
293013635	[-0.007612898149986815, 1.2569642927796202e-12, -0.007612898306371224, 0.5151672178132091, 0.0843534335052012]	[0.021353829236222154, 1.6718639360908614e-12, 0.0213538295602663, 0.2837321423271131, 0.11461863310486264]
311380778	[-0.007436381477907086, 1.2356731759065465e-12, -0.007436381642364585, 0.5166172173665012, 0.0858524886926592]	[0.021124921385783396, 1.6581600924229668e-12, 0.021124921702552778, 0.2830871031470963, 0.11536650904023593]
3289816264	[-0.0074382213041415375, 1.2380115817063387e-12, -0.0074382214970929875, 0.5309856572449901, 0.08128059737110721]	[0.02112427383073801, 1.6564190615194775e-12, 0.021124274137469538, 0.2861685667978898, 0.1150149134964424]
3292722958	[-0.0075270710734765345, 1.250744979257562e-12, -0.007527071226076086, 0.5178050662221705, 0.0835257454758869]	[0.021237275886047565, 1.6625808283297595e-12, 0.021237276209186463, 0.28460049804571, 0.11419824343628575]
3356627800	[-0.00751745886057641, 1.238258632642964e-12, -0.007517459025263414, 0.5135188677464936, 0.08757448983026755]	[0.02124054706849741, 1.6690432106920548e-12, 0.021240547387377615, 0.2838346637655376, 0.1160739118935062]
3372055939	[-0.0075270710745465414, 1.250692471352185e-12, -0.007527071240857135, 0.5247784259600545, 0.08124519410862287]	[0.02123727588566834, 1.6626203962574274e-12, 0.021237276203947643, 0.28526635768851694, 0.11413008885522657]
3398737828	[-0.007799654309537072, 1.2809682125356266e-12, -0.007799654491552587, 0.5187916485765599, 0.0829734667573662]	[0.021589726615155676, 1.6854353348210268e-12, 0.0215897269345568, 0.28612987865132217, 0.11551639991786307]
1274709210	[-0.007346587299993651, 1.219318161777011e-12, -0.0073465874774780275, 0.5156596762699139, 0.08821028097649197]	[0.021014708189862306, 1.6545096704419644e-12, 0.021014708499957978, 0.28220375693459654, 0.11638807404777975]
3545097856	[-0.007861963353923787, 1.2483473839796816e-12, -0.007861963524284912, 0.5323331769776457, 0.07784787823044174]	[0.021719087242222358, 1.6370057223161619e-12, 0.021719087568341303, 0.28156892938516415, 0.11093689449898309]
359850032	[-0.007533389423867399, 1.2589538618387596e-12, -0.007533389599092403, 0.5318591054021, 0.07993775707111417]	[0.02123507394564894, 1.6572067306463634e-12, 0.0212350742607493, 0.28876222821760283, 0.11444869501842199]
36327895	[-0.007604485297064814, 1.246036235834658e-12, -0.007384027014323037, 0.5183106564058718, 0.08509550198665639]	[0.021356711867706102, 1.677560493761587e-12, 0.02152557216147488, 0.28578759027752737, 0.11553593142001072]
3664826895	[-0.007527070257446818, 1.2507439207643153e-12, -0.007527070436850736, 0.5188721594576912, 0.08493048104825365]	[0.021237276161248125, 1.662581322271963e-12, 0.021237276474886813, 0.2840692668655816, 0.11568695688313187]
37105136	[-0.007527069876651946, 1.2507434245073816e-12, -0.007527070027928343, 0.516952926617879, 0.08387797624659445]	[0.021237276265648888, 1.6625810371472034e-12, 0.02123727658925674, 0.2852702700667562, 0.11445928024810198]
377925526	[-0.007350938866755761, 1.224971816087269e-12, -0.007350939055151831, 0.5222779442461739, 0.08647373272208199]	[0.021013224254950145, 1.6511413916585511e-12, 0.021013224561213774, 0.2838318840168662, 0.11659860622381868]
1028440310	[-0.007442625296321825, 1.2437333473586997e-12, -0.007442625469565342, 0.5354133147244703, 0.07898985435756149]	[0.021122760700880792, 1.652949362137284e-12, 0.021122761014538183, 0.28881630459912705, 0.11408053776290822]
388187529	[-0.007438220899864898, 1.2380629316287477e-12, -0.007223074841126744, 0.5253070907173587, 0.0815975435012431]	[0.0211242739681313, 1.656380507038412e-12, 0.021289226901404244, 0.2850542802961362, 0.1134981667469277]
39475170	[-0.007520057928141725, 1.2415829520354673e-12, -0.007520058105907363, 0.5189790107028519, 0.08537478786271745]	[0.021239665292578525, 1.6673948298508286e-12, 0.021239665606821227, 0.28406022705163053, 0.11597614337176389]
422684232	[-0.00734967064909952, 1.223272829487442e-12, -0.007349670850262946, 0.52873024526304, 0.08432317669546482]	[0.021013649017550803, 1.6519959241636947e-12, 0.021013649319354132, 0.2852847493395316, 0.11648611887200461]
42401449	[-0.00734967064909952, 1.223272829487442e-12, -0.007349670850262946, 0.52873024526304, 0.08432317669546482]	[0.021013649017550803, 1.6519959241636947e-12, 0.021013649319354132, 0.2852847493395316, 0.11648611887200461]
4376048613	[-0.007520058741809424, 1.2416365184340913e-12, -0.007520058908265953, 0.5126832103311706, 0.08714176364414583]	[0.021239665018514615, 1.6673551753540292e-12, 0.021239665336761398, 0.2828847514936423, 0.11578477100263275]
465965880	[-0.007612897736498763, 1.256910598299103e-12, -0.007612897900912666, 0.5201976898379966, 0.08317402767082643]	[0.02135382937860835, 1.6719042641458604e-12, 0.02135382969978986, 0.2855956665159558, 0.11497550451721535]
474013625	[-0.007443312122010009, 1.244675533686827e-12, -0.0074433122992523465, 0.5225441035031615, 0.08391316218657448]	[0.021122574754199312, 1.6534485163092791e-12, 0.021122575066444715, 0.28430379977407333, 0.11535636190078916]
474708096	[-0.007432575339798904, 1.2306783409821947e-12, -0.007217429315600527, 0.5289846775516849, 0.0830341578282016]	[0.021126185691101848, 1.6602583828693829e-12, 0.021291066753339295, 0.2803892994483771, 0.11442436764513343]
532655237	[-0.007354023784503078, 1.228979778350518e-12, -0.0073540239627955155, 0.5289674113214033, 0.08261129521690717]	[0.02101216386919348, 1.648570203840784e-12, 0.021012164178981076, 0.2859079407023888, 0.11489607758795527]
54219545	[-0.007438223295195928, 1.2380141684397934e-12, -0.007197259705232888, 0.5321431488283948, 0.08194481840213665]	[0.02112427318385667, 1.6564182944675957e-12, 0.021320901146532917, 0.28527399288526545, 0.11548994974087447]
54851559	[-0.007700870900112918, 1.263285263375272e-12, -0.007700871066582083, 0.5164038083773852, 0.08420754036368736]	[0.021472283833258922, 1.6813426545720763e-12, 0.021472284155979144, 0.28533939323609103, 0.1153173390890757]
552278840	[-0.007692125002744264, 1.2517910785909603e-12, -0.007692125195501767, 0.5294784292592001, 0.08147034602149272]	[0.021474921830457818, 1.6790867217224527e-12, 0.021474922143790043, 0.2844828807058078, 0.1143771769283296]
560467206	[-0.007527069467032803, 1.2507428927429795e-12, -0.007527069618132461, 0.517603837045949, 0.08393269795046827]	[0.02123727640583584, 1.6625813295271643e-12, 0.021237276729506312, 0.28473800967182655, 0.11448796433231209]
562662319	[-0.007612897735656293, 1.2555774420289497e-12, -0.007612897896066899, 0.5160544564738291, 0.08352473839363717]	[0.021353829378908694, 1.6729521360799755e-12, 0.02135382970151743, 0.28322125935381054, 0.1141526731191888]
569257486	[-0.007442623303622768, 1.2437826359052562e-12, -0.00744262347797251, 0.5337514440057529, 0.08032506563153713]	[0.021122761348802862, 1.652911038345827e-12, 0.021122761662070486, 0.2834947202389572, 0.11322630676217281]
58429842	[-0.007801001948681972, 1.282773631243718e-12, -0.007801002146668826, 0.5214823623599574, 0.08362990756661377]	[0.021589259202370824, 1.6844833353815002e-12, 0.02158925951599645, 0.27515984703722735, 0.11364840749180022]
140101267	[-0.007619994212152218, 1.2661283562692179e-12, -0.007619994373874965, 0.5295742809360305, 0.07947640970236451]	[0.02135139358057103, 1.6669998240286143e-12, 0.02135139390269497, 0.28292867361640345, 0.11273720640320982]
65375944	[-0.00743638268942332, 1.2356228717244534e-12, -0.007436382843182581, 0.5229216026748462, 0.08248773670911026]	[0.021124920978192876, 1.658198051778771e-12, 0.021124921298728228, 0.2842071601572565, 0.1139767055953966]
704221216912105473	[-0.007516896544956071, 1.237528152242794e-12, -0.00751689669669552, 0.5056599673794838, 0.08979163001230356]	[0.021240765016990324, 1.6699916484632248e-12, 0.02124076534045364, 0.280371501818159, 0.11611654746066596]
714602578529665024	[-0.007616096133576982, 1.2611191549931365e-12, -0.00761609629964948, 0.5210053195974436, 0.08272053671242403]	[0.021352708218336482, 1.6691504264104825e-12, 0.021352708538918658, 0.28669399802943235, 0.11467420328935297]
142334501	[-0.007267505881353132, 1.2144199127489221e-12, -0.007267506077712063, 0.5416750108573096, 0.07981991150389864]	[0.020903242604001233, 1.6442673144005548e-12, 0.020903242905458246, 0.28304088449681575, 0.11404431012505507]
1005305156	[-0.007623194626582036, 1.2703395327185604e-12, -0.007623194788171924, 0.5304511923913973, 0.07946321997648431]	[0.021350270585630122, 1.6642142194406696e-12, 0.021350270907794202, 0.28395705382523706, 0.1127464184927784]
741963075985760256	[-0.00761929368184248, 1.265220291878028e-12, -0.007619293835722385, 0.5401788190507726, 0.07849041395351786]	[0.021351586834609283, 1.6664633583236068e-12, 0.021351587159534315, 0.28413409111881893, 0.11326959028665307]
743729451708481536	[-0.007349670651201133, 1.223324087204596e-12, -0.007349670802896005, 0.5302461127057123, 0.08267621711950118]	[0.02101364901681575, 1.6519579007296211e-12, 0.021013649335921057, 0.2872429272714042, 0.11489405029962287]
751805919743315969	[-0.007533388613948024, 1.2589002954401356e-12, -0.007533388784150016, 0.5520367799965831, 0.072663387576432]	[0.021235074218953133, 1.657247187714754e-12, 0.02123507453583546, 0.28443308635243114, 0.10960629339681141]
756914316566224896	[-0.007526467562503544, 1.2499062897319711e-12, -0.0075264677402690425, 0.5175502213638687, 0.08538099272489302]	[0.02123752709859399, 1.6640147822253918e-12, 0.021237527412814712, 0.28236094126343847, 0.11597159482027554]
777573276692451328	[-0.00743638427402136, 1.2356768083803172e-12, -0.007436384414592062, 0.5177264285876197, 0.08583466884513422]	[0.021124920469625903, 1.6581588500348636e-12, 0.021124920794803905, 0.2825158983197067, 0.1153604519306851]
786863976030220289	[-0.007614781773601255, 1.2593583196224757e-12, -0.007614781951122521, 0.5277657880363847, 0.08093063089720853]	[0.021353157754217235, 1.6700645512565952e-12, 0.02135315807072012, 0.28815969972617483, 0.11480155403767553]
791162759228624896	[-0.007528928895810641, 1.2531061338788829e-12, -0.007528929071166926, 0.5313760235481438, 0.07994968389828255]	[0.02123661740818543, 1.6608036345456875e-12, 0.021236617723253123, 0.2882345559133552, 0.11444044423331969]
800434576350789632	[-0.007534078966959495, 1.258478270621983e-12, -0.007534079133214034, 0.524738735964682, 0.08133775676811296]	[0.02123488562558711, 1.6588306872035072e-12, 0.02123488594386726, 0.28523036397554113, 0.11416279239076699]
801355099796803584	[-0.0074363846829662295, 1.235625463432796e-12, -0.0074363848585900245, 0.5226493799825211, 0.0843521159041113]	[0.021124920326619886, 1.6581971993598956e-12, 0.021124920639458488, 0.28429313362607034, 0.11564675687990342]
80172249	[-0.00752005751779936, 1.2416349281764423e-12, -0.007520057684255891, 0.5126839992513559, 0.08714176360406133]	[0.021239665432870553, 1.667355950737442e-12, 0.02123966575111732, 0.2828857706735866, 0.11578477103270057]
802492036268126208	[-0.007100436371107165, 1.1865511738910532e-12, -0.007100436540927145, 0.5277291336122836, 0.0855984716642174]	[0.020690265733154155, 1.6353813199464907e-12, 0.020690266039820424, 0.2844806685917001, 0.11575484419226416]
809247439383392257	[-0.00744262610121871, 1.243734393099016e-12, -0.007442626274462226, 0.5354128227107487, 0.07898985439993987]	[0.021122760431203376, 1.6529488757378529e-12, 0.02112276074486078, 0.2888157404644928, 0.11408053773367081]
817189988462800896	[-0.007527069058027829, 1.2507423609785775e-12, -0.007527069184956026, 0.5189160682175148, 0.08366635501835637]	[0.02123727654580508, 1.662581621906904e-12, 0.021237276878042628, 0.28402867384858377, 0.11436824591341645]
818479808837455873	[-0.007520055503110071, 1.2415798019920805e-12, -0.00752005568087571, 0.5189801923286289, 0.08537478743275799]	[0.02123966609161946, 1.6673958953632886e-12, 0.021239666405862154, 0.28406157078461036, 0.11597614368643966]
819581851903938562	[-0.007436382664971133, 1.2356228416196738e-12, -0.00743638284059493, 0.5226507342004473, 0.08435211587006333]	[0.021124921008188132, 1.6581985335977635e-12, 0.021124921321026755, 0.28429486699598777, 0.11564675690464765]
826067879879651329	[-0.007614781358124763, 1.2594109374442036e-12, -0.0073943230578808194, 0.5226416777136984, 0.08226185402964387]	[0.02135315789735349, 1.6700246950061227e-12, 0.02152215154743286, 0.28648180670591666, 0.11449478295813591]
827106904245731328	[-0.007520058741816604, 1.2416365184340913e-12, -0.007520058907556929, 0.5127242029194732, 0.08729120952529903]	[0.02123966501851207, 1.6673551753540292e-12, 0.021239665337012426, 0.2828557107448206, 0.11586872089245515]
845781575170244610	[-0.0073540210466004965, 1.2288735408008483e-12, -0.007354021174974775, 0.5516082155188897, 0.07484614883875526]	[0.021012164742485365, 1.648647704651845e-12, 0.02101216506974375, 0.2860152628819837, 0.11146089022551375]
847424832400629760	[-0.00761289856179831, 1.2569116698601678e-12, -0.007612898728010381, 0.5203175353979221, 0.08248235647994429]	[0.02135382909849739, 1.6719037629415823e-12, 0.02135382941903783, 0.28551114028957125, 0.11454772242103366]
849608792098705408	[-0.0074363806725136926, 1.2343192228635394e-12, -0.007436380839145531, 0.5173658316657774, 0.08571876655042175]	[0.02112492165537005, 1.659213690968846e-12, 0.021124921971374007, 0.2826647783793955, 0.11532656198296562]
857912957346471936	[-0.007354022613952212, 1.228926997985382e-12, -0.00735402278489029, 0.5370427182462526, 0.07978110068014464]	[0.02101216423886483, 1.6486087560837986e-12, 0.021012164551226353, 0.2837361742736219, 0.11317719771229491]
154172528	[-0.007100434471191095, 1.186598196297538e-12, -0.007100434638829895, 0.524221301765536, 0.08599399067718858]	[0.02069026633236675, 1.6353460096533238e-12, 0.020690266639781577, 0.2822416639419113, 0.11499205750647427]
860264322311659520	[-0.007436382686657322, 1.2356747470044646e-12, -0.007436382850400689, 0.5164713861197858, 0.08624544772706902]	[0.021124920979166545, 1.6581593277819353e-12, 0.02112492129618734, 0.28318679398299607, 0.11555727322443285]
862688770205863937	[-0.0074363838735794375, 1.2356762879976032e-12, -0.007436384046452349, 0.5189833724622631, 0.0844787110832264]	[0.021124920601621203, 1.6581590449705013e-12, 0.021124920915428197, 0.2818483625509053, 0.1148052796094681]
86711514	[-0.007523909689947587, 1.2466376715595118e-12, -0.007306139907969456, 0.5130123794552381, 0.08669342954211302]	[0.021238376778228086, 1.6652468417411652e-12, 0.021405301885365515, 0.2811055682260627, 0.11562302810456764]
875915736300040192	[-0.007347852331074174, 1.2209104899470975e-12, -0.007347852507202172, 0.5171948772847644, 0.08691935216342984]	[0.021014284701597257, 1.6537383656621865e-12, 0.02101428501216276, 0.2869378256330236, 0.11731148528244921]
876224066759405568	[-0.007812187614060406, 1.297306233950968e-12, -0.0078121877849945546, 0.5454232317382096, 0.07575525815613084]	[0.021585292667336685, 1.6750259558927374e-12, 0.0215852929907083, 0.27691664503839053, 0.11032412733451595]
878977884999876610	[-0.0076231950369985155, 1.2703400659502304e-12, -0.007623195200379856, 0.5303812004211171, 0.07902291958245398]	[0.021350270448181895, 1.6642140093121135e-12, 0.021350270769706334, 0.28401015182552747, 0.11241499083462264]
884586449831686145	[-0.007520057929654185, 1.2415829520354673e-12, -0.007520057222150494, 0.5182151562645314, 0.08377111643488266]	[0.021239665292043023, 1.6673948298508288e-12, 0.021239665919723212, 0.2844085832979499, 0.11439856889758139]
886794351459827713	[-0.007619994601084626, 1.2661820199016276e-12, -0.007619994765365582, 0.5201601186302256, 0.08316453554012027]	[0.021351393468477944, 1.6669595720954782e-12, 0.021351393789688915, 0.2855555202780031, 0.11498229815723347]
890041069639016448	[-0.007436382664590388, 1.235674716899685e-12, -0.007436382830324782, 0.5170115550320611, 0.08585206454673144]	[0.021124921008322164, 1.6581598096131227e-12, 0.021124921324642058, 0.28284346731187143, 0.11536636184499911]
890502281887612928	[-0.007533387002530536, 1.25895071683093e-12, -0.007533387192800112, 0.5366582137342003, 0.07891787460281861]	[0.021235074741037713, 1.6572077445902064e-12, 0.021235075050800845, 0.2840196161143584, 0.11326166825738114]
892926801860677632	[-0.007602401135950678, 1.243261706268539e-12, -0.00760240132661327, 0.5376097222295924, 0.07868308316909725]	[0.021356611173172023, 1.6613355185855186e-12, 0.021356611485048915, 0.29266872883463835, 0.11458626493325073]
905719296134971392	[-0.007347176843243544, 1.220034886173411e-12, -0.007347177016776667, 0.5280019742890952, 0.08334666005821664]	[0.02101446526606099, 1.6531924941534577e-12, 0.021014465577536712, 0.28654299378024695, 0.11532069217069306]
909435307304607744	[-0.007711294851100191, 1.2768799156360793e-12, -0.007711294956509058, 0.5318762583909822, 0.07831670630749012]	[0.021468658226740354, 1.6735483360082492e-12, 0.021468658571366407, 0.2788443660332521, 0.1105516435314838]
1631211283	[-0.007710675832972488, 1.276073534416848e-12, -0.007710676002654534, 0.5250109363334678, 0.08135716053311855]	[0.021468918397929963, 1.674981141856527e-12, 0.021468918719470837, 0.27575556328825274, 0.11196882893605192]
1653321740	[-0.007711299399652741, 1.2768858230050638e-12, -0.007711299549080565, 0.5298634045135673, 0.07852727118737539]	[0.021468656712775338, 1.6735464223209345e-12, 0.021468657041590306, 0.2800911199118321, 0.11063210052258642]
1664655710	[-0.007442628068700586, 1.2437888250077023e-12, -0.007442628242282565, 0.5335756501347675, 0.0805063201313166]	[0.02112275981355612, 1.652909479982715e-12, 0.021122760127094253, 0.28362058524105316, 0.11334718916718965]
1707513156	[-0.007442623303612157, 1.2437826359052562e-12, -0.007442623478228361, 0.5334839458864593, 0.08029742470345233]	[0.021122761348806595, 1.652911038345827e-12, 0.02112276166198035, 0.2836945834168472, 0.11320995198333472]
179181381	[-0.0072675023603203355, 1.2144659944378161e-12, -0.007267502531811809, 0.5314820110621721, 0.08237191084559382]	[0.020903243751151535, 1.644231559894002e-12, 0.020903244061254347, 0.2866326230917378, 0.11498789618274687]
