192463771	[0.006895561427077161, 4.461303172093988e-10, 0.007012612874474148, 0.5180747895478333, 0.08537844079803752]	[0.019407330779850095, 5.959668898159653e-10, 0.019319350742479497, 0.2829684314817172, 0.1159734650181219]
19590930	[0.006818481419832664, 4.430665761455095e-10, 0.0069341234672621755, 0.5238862814391736, 0.0843381540905975]	[0.019302625805886316, 5.927904671232548e-10, 0.019215702345910596, 0.28579085071677723, 0.11565685602620634]
20447568	[0.006901638496351388, 4.484720944740518e-10, 0.007095423685782157, 0.5271876473713567, 0.08044608413019558]	[0.019405185152178567, 5.943581886357772e-10, 0.01931325282629489, 0.2861046204123215, 0.11366347636762454]
211577392	[0.00698020417646586, 4.5069985545588486e-10, 0.007098710775694466, 0.5214619409839173, 0.08315972203229105]	[0.019511636669689775, 5.976756606832594e-10, 0.019422521787064034, 0.2871303952914864, 0.11498576617096817]
21422783	[0.006742007459061052, 4.4013715284146763e-10, 0.006867486309219929, 0.5215951056324167, 0.08421054028185987]	[0.019200071428489868, 5.901879190597163e-10, 0.019110254723542722, 0.2827391249280294, 0.11469966211486143]
2173684107	[0.0068167623532007626, 4.4221082064927583e-10, 0.006952536466258397, 0.5166168293923026, 0.08585248907783684]	[0.0193032328786881, 5.934284226176834e-10, 0.019209923257199606, 0.28308675664704763, 0.11536650875532042]
222036996	[0.006818323254693273, 4.436662120744634e-10, 0.006907919754366564, 0.5296577657567506, 0.08216386596075376]	[0.0193027039124532, 5.924895271173819e-10, 0.019223695981775066, 0.2862823308478965, 0.11550006082771351]
222496251	[0.006733634491608694, 4.366310574690108e-10, 0.006822155501989833, 0.5292397117672637, 0.08432068607411648]	[0.019202870561274375, 5.916355846271451e-10, 0.019124795261998548, 0.28584872591205135, 0.11648791346368254]
223782598	[0.006983028748448751, 4.5280277121828325e-10, 0.007074846852346662, 0.5376697099963356, 0.07723043089780968]	[0.019510666936978564, 5.963842748520115e-10, 0.019429783767038418, 0.28583646576209987, 0.11248784046937926]
22900494	[0.0070642589924165625, 4.55443831541412e-10, 0.007184246187784067, 0.5258965895324004, 0.08046370301671177]	[0.019618650640265866, 5.999332580988191e-10, 0.019528392963434536, 0.2827609798327467, 0.11309108755241813]
2368436134	[0.006735613119257163, 4.3694677676317087e-10, 0.006875604244845869, 0.5153535420238319, 0.08863593250706053]	[0.019202225940066577, 5.918319131577363e-10, 0.01910860594153109, 0.28166998618447864, 0.11666258310141908]
2413215217	[0.006812634744736287, 4.4015635685538127e-10, 0.0069396164171757835, 0.5125808820055608, 0.08839210679575482]	[0.01930465344096414, 5.94659056953787e-10, 0.019213778260078453, 0.28002692178600863, 0.11625662662623788]
245957521	[0.006734961749248984, 4.3663012997238026e-10, 0.006887696489468389, 0.5272125280446508, 0.08511958877825557]	[0.01920240110845372, 5.916360176821445e-10, 0.01910582452468246, 0.28435252930236776, 0.11534348075685907]
1143130812	[0.006973398499188993, 4.480032795743962e-10, 0.007110056255965228, 0.5252652791146925, 0.08095818508252045]	[0.019514000981549068, 5.991085873229451e-10, 0.019418989193589076, 0.2824430142496421, 0.11248177135108538]
25816024	[0.006905803182918232, 4.505478354665472e-10, 0.007022855800242732, 0.5392747050429075, 0.07805305632013534]	[0.01940374009298494, 5.93084173701423e-10, 0.019315681206081254, 0.28056292072253586, 0.11158809587400671]
26203837	[0.006900257572590472, 4.484707664791518e-10, 0.0069909468630156325, 0.5357166467406973, 0.07950622535100832]	[0.019405680198215907, 5.943587941291066e-10, 0.01932574577859957, 0.28381267793064, 0.11365464247307355]
1156991923	[0.006977044398546853, 4.498203102886894e-10, 0.007091553431803034, 0.5201285147504765, 0.08273372678956768]	[0.01951277057668963, 5.983359546957595e-10, 0.019424728572667593, 0.285646738374598, 0.11466477114061398]
117754884	[0.006107837092604037, 4.4920834801490713e-10, 0.006201762241027827, 0.5230173880669574, 0.08675402195683268]	[0.01819605797301039, 5.986467598413253e-10, 0.01812125831751432, 0.28479959957198175, 0.11781843926096747]
2862964321	[0.006893334929676073, 4.4433394628174516e-10, 0.007033360840500314, 0.517297556879941, 0.08672628181394558]	[0.019408045269998994, 5.967224514813143e-10, 0.019312851469782445, 0.278482612752807, 0.1150506191962916]
11985982	[0.0069814305840512824, 4.513110706750335e-10, 0.007126625103720005, 0.5241865285370781, 0.08170180196566813]	[0.019511216195384373, 5.973628308508083e-10, 0.01941380095714832, 0.283013748225915, 0.11295615249577509]
288567673	[0.006734978881798773, 4.366306868235767e-10, 0.006864661249490402, 0.5228996981119945, 0.08449124002877278]	[0.01920239511684247, 5.91635751445128e-10, 0.01911147779803207, 0.2849959954618189, 0.11482896438767662]
2906686402	[0.0067413780565573345, 4.398201458636216e-10, 0.0068549078781774365, 0.5279907035834323, 0.0832338291420259]	[0.019200239086238333, 5.89993187138542e-10, 0.019114539469251242, 0.2864866893790899, 0.1152425412034347]
2920256952	[0.007161233411926327, 4.642653424290684e-10, 0.007275605496826537, 0.5396492223036372, 0.07379616626858546]	[0.019723513984200688, 5.994639829126725e-10, 0.0196339547265268, 0.28278170801732644, 0.10894719692000543]
293013635	[0.006978441262975542, 4.49821261291321e-10, 0.007112596884120782, 0.5151672178132091, 0.0843534335052012]	[0.019512267066900485, 5.983356656328812e-10, 0.01941795153258086, 0.2837321423271131, 0.11461863310486264]
311380778	[0.00681676124364739, 4.4221026767341197e-10, 0.006952535356705023, 0.5166172173665012, 0.0858524886926592]	[0.019303233231976382, 5.934285233012717e-10, 0.019209923620046174, 0.2830871031470963, 0.11536650904023593]
3289816264	[0.006817122311117207, 4.4306769268162033e-10, 0.006897708201219001, 0.5309856572449901, 0.08128059737110721]	[0.01930310988614071, 5.927900904929001e-10, 0.019226506283213114, 0.2861685667978898, 0.1150149134964424]
3292722958	[0.006899896366675854, 4.476040152208092e-10, 0.00703599234172065, 0.5178050662221705, 0.0835257454758869]	[0.019405804494615514, 5.950107896628748e-10, 0.01931157549540759, 0.28460049804571, 0.11419824343628575]
3356627800	[0.006890907913055966, 4.4312437721036444e-10, 0.007034322536840344, 0.5135188677464936, 0.08757448983026755]	[0.01940887060424903, 5.973265516503962e-10, 0.019312818564960334, 0.2838346637655376, 0.1160739118935062]
3372055939	[0.006898518422609658, 4.476040152208092e-10, 0.007006458460429815, 0.5247784259600545, 0.08124519410862287]	[0.019406298390566432, 5.950107896628748e-10, 0.019320758263558228, 0.28526635768851694, 0.11413008885522657]
3398737828	[0.007148092713570404, 4.5842437024902493e-10, 0.007242235170200162, 0.5187916485765599, 0.0829734667573662]	[0.019728190471754375, 6.031809716026935e-10, 0.01964537704206386, 0.28612987865132217, 0.11551639991786307]
1274709210	[0.006734427596895894, 4.3635593945239133e-10, 0.006870564774940913, 0.5156596762699139, 0.08821028097649197]	[0.019202623692706547, 5.92122255791145e-10, 0.019109997029054037, 0.28220375693459654, 0.11638807404777975]
3545097856	[0.007205941736190817, 4.4673832269156626e-10, 0.007320142411539728, 0.5323331769776457, 0.07784787823044174]	[0.019845921811288917, 5.858499795280071e-10, 0.019755988579469027, 0.28156892938516415, 0.11093689449898309]
359850032	[0.006905804710525613, 4.505485948376804e-10, 0.006996503799840826, 0.5318591054021, 0.07993775707111417]	[0.019403739576149343, 5.930838149431677e-10, 0.01932376754237181, 0.28876222821760283, 0.11444869501842199]
36327895	[0.00696829234209259, 4.4590056775999587e-10, 0.0071689991621698545, 0.5183106564058718, 0.08509550198665639]	[0.019515794760258397, 6.00377022611711e-10, 0.019421284667394387, 0.28578759027752737, 0.11553593142001072]
3664826895	[0.006899895608025195, 4.476036355352426e-10, 0.007012999978061531, 0.5188721594576912, 0.08493048104825365]	[0.01940580475094108, 5.950109665822409e-10, 0.019318816088081295, 0.2840692668655816, 0.11568695688313187]
37105136	[0.006899895244029795, 4.4760345731050335e-10, 0.0070393646021899925, 0.516952926617879, 0.08387797624659445]	[0.01940580485111501, 5.950108637271506e-10, 0.019310699953357924, 0.2852702700667562, 0.11445928024810198]
377925526	[0.006738496783220834, 4.383839268278022e-10, 0.006852753275313473, 0.5222779442461739, 0.08647373272208199]	[0.01920123234750874, 5.909147616032948e-10, 0.019115375851476765, 0.2838318840168662, 0.11659860622381868]
1028440310	[0.006821240523625651, 4.4512011185249847e-10, 0.006910845994393733, 0.5354133147244703, 0.07898985435756149]	[0.019301691462768878, 5.915461162402294e-10, 0.01922266254802716, 0.28881630459912705, 0.11408053776290822]
388187529	[0.006818476309341452, 4.43067504232415e-10, 0.007033504956586742, 0.5253070907173587, 0.0815975435012431]	[0.019302627663105323, 5.927901929605874e-10, 0.01920483139405819, 0.2850542802961362, 0.1134981667469277]
39475170	[0.006891960375834647, 4.4433563615362194e-10, 0.007009011823231635, 0.5189790107028519, 0.08537478786271745]	[0.01940853753501291, 5.967219670275739e-10, 0.019320584809393086, 0.28406022705163053, 0.11597614337176389]
422684232	[0.006735965726108235, 4.3779289108679104e-10, 0.006824486736489375, 0.52873024526304, 0.08432317669546482]	[0.019202106333126676, 5.912072945601522e-10, 0.019124017123045595, 0.2852847493395316, 0.11648611887200461]
42401449	[0.006735965726108235, 4.3779289108679104e-10, 0.006824486736489375, 0.52873024526304, 0.08432317669546482]	[0.019202106333126676, 5.912072945601522e-10, 0.019124017123045595, 0.2852847493395316, 0.11648611887200461]
4376048613	[0.006893339082486917, 4.4433601583918856e-10, 0.007032805760007027, 0.5126832103311706, 0.08714176364414583]	[0.019408043904218478, 5.967217926948762e-10, 0.01931299896360885, 0.2828847514936423, 0.11578477100263275]
465965880	[0.006977045918758599, 4.498210681890489e-10, 0.0070955516383563845, 0.5201976898379966, 0.08317402767082643]	[0.01951277008088553, 5.983357718370739e-10, 0.019423679993735326, 0.2855956665159558, 0.11497550451721535]
474013625	[0.0068232441250583595, 4.4544019855382315e-10, 0.006934985791841244, 0.5225441035031615, 0.08391316218657448]	[0.019301032941701098, 5.917399771713417e-10, 0.01921507579500825, 0.28430379977407333, 0.11535636190078916]
474708096	[0.006811843040095579, 4.4043646964325745e-10, 0.0070116040586635404, 0.5289846775516849, 0.0830341578282016]	[0.019304901423512252, 5.941661983226397e-10, 0.01921226791948692, 0.2803892994483771, 0.11442436764513343]
532655237	[0.006741381512986004, 4.398216092946913e-10, 0.0068474158390866525, 0.5289674113214033, 0.08261129521690717]	[0.019200237962465505, 5.899928221496909e-10, 0.019116524853697418, 0.2859079407023888, 0.11489607758795527]
54219545	[0.006817124525291073, 4.4306862076852586e-10, 0.00703014374880695, 0.5321431488283948, 0.08194481840213665]	[0.01930310915604761, 5.927898163283106e-10, 0.019212249051156028, 0.28527399288526545, 0.11548994974087447]
54851559	[0.007057537384416605, 4.520939366592003e-10, 0.007177524425509363, 0.5164038083773852, 0.08420754036368736]	[0.019620977542488153, 6.01716151221175e-10, 0.019530771969913225, 0.28533939323609103, 0.1153173390890757]
552278840	[0.007049359032195725, 4.480180324539516e-10, 0.007142315554881514, 0.5294784292592001, 0.08147034602149272]	[0.019623442066610205, 6.009144976801041e-10, 0.01954170346907802, 0.2844828807058078, 0.1143771769283296]
560467206	[0.00689989486404082, 4.47603266563137e-10, 0.007039370622059316, 0.517603837045949, 0.08393269795046827]	[0.019405804981444955, 5.950109685114027e-10, 0.019310698363429243, 0.28473800967182655, 0.11448796433231209]
562662319	[0.006978440876633994, 4.498210681890489e-10, 0.007104061595091953, 0.5160544564738291, 0.08352473839363717]	[0.019512267200262255, 5.983357718370739e-10, 0.019420277683012674, 0.28322125935381054, 0.1141526731191888]
569257486	[0.006822600004256614, 4.4511918376559294e-10, 0.006934903137687767, 0.5337514440057529, 0.08032506563153713]	[0.019301206930234446, 5.915463941998563e-10, 0.01921510605012225, 0.2834947202389572, 0.11322630676217281]
58429842	[0.007150773400668233, 4.590524192114108e-10, 0.007265572795756682, 0.5214823623599574, 0.08362990756661377]	[0.01972723353283176, 6.028547592781727e-10, 0.019637631506143775, 0.27515984703722735, 0.11364840749180022]
140101267	[0.006983681886256909, 4.531282818143713e-10, 0.007102187758224813, 0.5295742809360305, 0.07947640970236451]	[0.019510487428149408, 5.965779648637485e-10, 0.019421346322770133, 0.28292867361640345, 0.11273720640320982]
65375944	[0.006815395727879782, 4.4221083123365897e-10, 0.006946294864720588, 0.5229216026748462, 0.08248773670911026]	[0.019303719399535877, 5.934282493711771e-10, 0.019211811578239396, 0.2842071601572565, 0.1139767055953966]
704221216912105473	[0.006890382083984013, 4.428623178277781e-10, 0.007060159015252169, 0.5056599673794838, 0.08979163001230356]	[0.019409075412632384, 5.976670977478046e-10, 0.0193048828129205, 0.280371501818159, 0.11611654746066596]
714602578529665024	[0.006981431725351086, 4.5131163730462234e-10, 0.007095941638238086, 0.5210053195974436, 0.08272053671242403]	[0.019511215826079776, 5.973627197281024e-10, 0.019423140582706677, 0.28669399802943235, 0.11467420328935297]
142334501	[0.006659412536519672, 4.3464724775597495e-10, 0.006746891430212601, 0.5416750108573096, 0.07981991150389864]	[0.01910173229504433, 5.884260034460253e-10, 0.019024511146716272, 0.28304088449681575, 0.11404431012505507]
1005305156	[0.006988069578761307, 4.546197910868504e-10, 0.0071065763303600335, 0.5304511923913973, 0.07946321997648431]	[0.019508930897463105, 5.955936432550613e-10, 0.019419755545092947, 0.28395705382523706, 0.1127464184927784]
741963075985760256	[0.006983026818477873, 4.5280180936992575e-10, 0.007104160548242241, 0.5401788190507726, 0.07849041395351786]	[0.01951066759589633, 5.963847464518709e-10, 0.0194208767243854, 0.28413409111881893, 0.11326959028665307]
743729451708481536	[0.00673511008510672, 4.3779289108679104e-10, 0.006854185347219269, 0.5302461127057123, 0.08267621711950118]	[0.019202413101019698, 5.912072945601522e-10, 0.01911544968114037, 0.2872429272714042, 0.11489405029962287]
751805919743315969	[0.006902171515063429, 4.505482151521138e-10, 0.00699287023125262, 0.5520367799965831, 0.072663387576432]	[0.01940504698714114, 5.93083994322444e-10, 0.01932509755379383, 0.28443308635243114, 0.10960629339681141]
756914316566224896	[0.0068979540741527815, 4.473227574415954e-10, 0.007015005521549769, 0.5175502213638687, 0.08538099272489302]	[0.019406534708869206, 5.95511410499309e-10, 0.01931853654895642, 0.28236094126343847, 0.11597159482027554]
777573276692451328	[0.006816765867494157, 4.422115708713592e-10, 0.0069633202682329596, 0.5177264285876197, 0.08583466884513422]	[0.019303231664293898, 5.934280789272319e-10, 0.01920720610076637, 0.2825158983197067, 0.1153604519306851]
786863976030220289	[0.006978807699781651, 4.5069909755552534e-10, 0.007070625651309441, 0.5277657880363847, 0.08093063089720853]	[0.019512140188080708, 5.976758448582774e-10, 0.019431283151648833, 0.28815969972617483, 0.11480155403767553]
791162759228624896	[0.0069002556878029545, 4.484698270741133e-10, 0.006990953908214552, 0.5313760235481438, 0.07994968389828255]	[0.01940568081618357, 5.943590794428743e-10, 0.01932574317743457, 0.2882345559133552, 0.11444044423331969]
800434576350789632	[0.0069064495052385995, 4.5086994685415246e-10, 0.007015080083529419, 0.524738735964682, 0.08133775676811296]	[0.019403563973056346, 5.932775038094166e-10, 0.0193177681525031, 0.28523036397554113, 0.11416279239076699]
801355099796803584	[0.006815404876200746, 4.422117611079334e-10, 0.006931046065195358, 0.5226493799825211, 0.0843521159041113]	[0.01930371621753243, 5.93427944515618e-10, 0.019216816518376745, 0.28429313362607034, 0.11564675687990342]
80172249	[0.006893337937905701, 4.443354454062556e-10, 0.007032804615425813, 0.5126839992513559, 0.08714176360406133]	[0.019408044292555, 5.967220704667692e-10, 0.019312999362121958, 0.2828857706735866, 0.11578477103270057]
802492036268126208	[0.0065076209612776785, 4.246551671203452e-10, 0.006642783987707046, 0.5277291336122836, 0.0855984716642174]	[0.01890680375117336, 5.852597010462292e-10, 0.018816655976169792, 0.2844806685917001, 0.11575484419226416]
809247439383392257	[0.00682124127629091, 4.4512048696354014e-10, 0.006910846747058994, 0.5354128227107487, 0.07898985439993987]	[0.019301691210104922, 5.915459420034944e-10, 0.01922266229081593, 0.2888157404644928, 0.11408053773367081]
817189988462800896	[0.006899894511610981, 4.4760307581577067e-10, 0.0070482452416376655, 0.5189160682175148, 0.08366635501835637]	[0.019405805101976006, 5.95011073295575e-10, 0.019308473056095, 0.28402867384858377, 0.11436824591341645]
818479808837455873	[0.00689195810816892, 4.443345060012171e-10, 0.007009009555565908, 0.5189801923286289, 0.08537478743275799]	[0.019408538283266007, 5.9672234814044e-10, 0.019320585574790834, 0.28406157078461036, 0.11597614368643966]
819581851903938562	[0.006815402989158025, 4.4221082064927583e-10, 0.00693104417815264, 0.5226507342004473, 0.08435211587006333]	[0.019303716856210525, 5.934284226176834e-10, 0.01921681717129865, 0.28429486699598777, 0.11564675690464765]
826067879879651329	[0.006980202585722158, 4.5069890445325325e-10, 0.007184915087586267, 0.5226416777136984, 0.08226185402964387]	[0.019511637186190384, 5.976759514633366e-10, 0.01941591353485019, 0.28648180670591666, 0.11449478295813591]
827106904245731328	[0.006893339082248489, 4.4433601583918856e-10, 0.007034616221642292, 0.5127242029194732, 0.08729120952529903]	[0.01940804390430316, 5.967217926948762e-10, 0.019312518851585962, 0.2828557107448206, 0.11586872089245515]
845781575170244610	[0.006736483750379289, 4.398203303032932e-10, 0.006855570537893473, 0.5516082155188897, 0.07484614883875526]	[0.019201975363297243, 5.899931185554545e-10, 0.019114997265407642, 0.2860152628819837, 0.11146089022551375]
847424832400629760	[0.006977044662648061, 4.498214525620916e-10, 0.007089491767844173, 0.5203175353979221, 0.08248235647994429]	[0.019512770543543, 5.983355923042645e-10, 0.019425294775301537, 0.28551114028957125, 0.11454772242103366]
849608792098705408	[0.006816762470583912, 4.422098925623703e-10, 0.00695011996495318, 0.5173658316657774, 0.08571876655042175]	[0.019303232785358625, 5.934286951456885e-10, 0.01921060021236275, 0.2826647783793955, 0.11532656198296562]
857912957346471936	[0.006740035275781887, 4.3982106290187346e-10, 0.006854299930883466, 0.5370427182462526, 0.07978110068014464]	[0.019200714505443972, 5.899929200013312e-10, 0.01911484356504204, 0.2837361742736219, 0.11317719771229491]
154172528	[0.0065089109862974896, 4.24654281704102e-10, 0.00665002637739385, 0.524221301765536, 0.08599399067718858]	[0.018906355750877058, 5.852599381139059e-10, 0.01881376571055944, 0.2822416639419113, 0.11499205750647427]
860264322311659520	[0.006816764353223665, 4.4221083123365897e-10, 0.006956339358407905, 0.5164713861197858, 0.08624544772706902]	[0.01930323215192267, 5.934282493711771e-10, 0.019208908474573457, 0.28318679398299607, 0.11555727322443285]
862688770205863937	[0.006816765464076109, 4.422113842095228e-10, 0.006936906696286645, 0.5189833724622631, 0.0844787110832264]	[0.019303231798175436, 5.934281486870175e-10, 0.019214240116207277, 0.2818483625509053, 0.1148052796094681]
86711514	[0.00689694044679473, 4.4613069689496535e-10, 0.0071255096817190566, 0.5130123794552381, 0.08669342954211302]	[0.01940683675127453, 5.95966714119015e-10, 0.01930442354515823, 0.2811055682260627, 0.11562302810456764]
875915736300040192	[0.006734265399548704, 4.369454890794849e-10, 0.0068485297607936224, 0.5171948772847644, 0.08691935216342984]	[0.019202702522736464, 5.918323419709168e-10, 0.019116875105099764, 0.2869378256330236, 0.11731148528244921]
876224066759405568	[0.007161242972001312, 4.642653424290684e-10, 0.007281223745181743, 0.5454232317382096, 0.07575525815613084]	[0.019723510512933216, 5.994639829126725e-10, 0.019632393886381817, 0.27691664503839053, 0.11032412733451595]
878977884999876610	[0.006988069963073969, 4.54619982357621e-10, 0.00710258002833109, 0.5303812004211171, 0.07902291958245398]	[0.019508930768504056, 5.955935680478363e-10, 0.01942080596580674, 0.28401015182552747, 0.11241499083462264]
884586449831686145	[0.006891960372982801, 4.4433563615362194e-10, 0.007038670952694356, 0.5182151562645314, 0.08377111643488266]	[0.019408537536025592, 5.967219670275739e-10, 0.0193116659978378, 0.2844085832979499, 0.11439856889758139]
886794351459827713	[0.006985077211728918, 4.5312846407091746e-10, 0.007103583810957524, 0.5201601186302256, 0.08316453554012027]	[0.019509983908172206, 5.965780340615839e-10, 0.01942083170624932, 0.2855555202780031, 0.11498229815723347]
890041069639016448	[0.006816755030234467, 4.4221082064927583e-10, 0.006952075287373805, 0.5170115550320611, 0.08585206454673144]	[0.01930323546490364, 5.934284226176834e-10, 0.019210050511157626, 0.28284346731187143, 0.11536636184499911]
890502281887612928	[0.006905802447072989, 4.505474664944416e-10, 0.006990980867530178, 0.5366582137342003, 0.07891787460281861]	[0.019403740320843122, 5.930841774685109e-10, 0.019325214181455455, 0.2840196161143584, 0.11326166825738114]
892926801860677632	[0.006966342697547975, 4.449292726149905e-10, 0.0070314739577946525, 0.5376097222295924, 0.07868308316909725]	[0.01951568437352849, 5.945588045739109e-10, 0.0194430884909691, 0.29266872883463835, 0.11458626493325073]
905719296134971392	[0.006733633744353356, 4.366306868235767e-10, 0.0068478982525266045, 0.5280019742890952, 0.08334666005821664]	[0.019202870810067253, 5.91635751445128e-10, 0.019117047870800027, 0.28654299378024695, 0.11532069217069306]
909435307304607744	[0.007068697328115434, 4.5695187436471514e-10, 0.0072594520681516506, 0.5318762583909822, 0.07831670630749012]	[0.01961706647062228, 5.989368825928943e-10, 0.019510043989430854, 0.2788443660332521, 0.1105516435314838]
1631211283	[0.007068110892688556, 4.566633896249706e-10, 0.0072039106388257475, 0.5250109363334678, 0.08135716053311855]	[0.019617313982078593, 5.994512562819283e-10, 0.01952171079762408, 0.27575556328825274, 0.11196882893605192]
1653321740	[0.007068701546049894, 4.5695399380669934e-10, 0.007211664506568348, 0.5298634045135673, 0.07852727118737539]	[0.019617065065422427, 5.989361984187637e-10, 0.019519380680399365, 0.2800911199118321, 0.11063210052258642]
1664655710	[0.00682260445987313, 4.4512140446606253e-10, 0.006936799728816675, 0.5335756501347675, 0.0805063201313166]	[0.019301205492805888, 5.915458378915493e-10, 0.019214614899692565, 0.28362058524105316, 0.11334718916718965]
1707513156	[0.006822600004331106, 4.4511918376559294e-10, 0.006934341819812542, 0.5334839458864593, 0.08029742470345233]	[0.019301206930208113, 5.915463941998563e-10, 0.019215254253899087, 0.2836945834168472, 0.11320995198333472]
179181381	[0.0066607385558024755, 4.3464560719129616e-10, 0.006773658775644274, 0.5314820110621721, 0.08237191084559382]	[0.01910126594959765, 5.884266210241814e-10, 0.019016438631369204, 0.2866326230917378, 0.11498789618274687]
