192463771	[-0.00032603952342043484, -0.0003263399058972953, -0.0003259057389903011, 0.8779872339041822, 0.0002509363427908359]	[5.09898602012788e-05, 5.110430260498225e-05, 5.088873017176817e-05, 0.015091370394476718, 4.3465955046196246e-05]
19590930	[-0.0006693155508028513, -0.0006699998055475411, -0.0006691128698734986, 0.8328532448443925, 0.0006055183121611526]	[0.0004712445011912577, 0.00047178605576207836, 0.00047117326034807255, 0.058506294206220395, 0.0004879963562295316]
20447568	[-0.00039150843423916545, -0.0003918779685551962, -0.00039133270180995427, 0.8646030815097859, 0.00031656635451028284]	[0.00013111159816917887, 0.00013129796407612912, 0.000130973556128398, 0.03062055867284374, 0.00012551356035598617]
211577392	[-0.0003075168371630185, -0.0003077756347569131, -0.0003074197853671089, 0.8834658959087703, 0.0002351396101911841]	[5.2835609334878464e-05, 5.295420418677954e-05, 5.273082182333748e-05, 0.015634917534475636, 4.504484181535405e-05]
21422783	[-0.00041365906334545717, -0.00041406535267742044, -0.0004134540591270602, 0.8590498175957849, 0.00033709046365009847]	[0.00012894567622150275, 0.00012912261121130557, 0.00012881706774832015, 0.029638673163394018, 0.00012422691414133545]
2173684107	[-0.00040477192269734345, -0.0004051669159145378, -0.0004045747772034008, 0.8610155091539915, 0.000328427947221943]	[0.00012669493664733364, 0.0001268699777034592, 0.00012656722723635417, 0.02922384996138639, 0.00012191806590335301]
222036996	[-0.0002585973965563989, -0.0002587463942769096, -0.00025859736700861713, 0.8979432832733812, 0.00019343621220562228]	[1.571674503668073e-08, 1.5728501265548698e-08, 1.5677769659445245e-08, 1.1245032561432746e-05, 1.0864668827360834e-10]
222496251	[-0.0009046617891680273, -0.000905614285112836, -0.0009044010182670694, 0.8078040925768729, 0.0009033116626601533]	[0.0006791297284963479, 0.0006798987715200317, 0.0006790307877720494, 0.07306245334596428, 0.0007087303581079936]
223782598	[-0.0003615475112964294, -0.000361887152808178, -0.00036135628551710726, 0.8648605435649909, 0.0003533684802994357]	[0.0001463664387219436, 0.00014655381972979338, 0.00014631627149514352, 0.029637849352258834, 0.00023829676290223928]
22900494	[-0.0003948431426982906, -0.0003952255154735835, -0.00039465477136263363, 0.8632100563579365, 0.00031874651812017]	[0.000123374904441896, 0.00012354694770671688, 0.00012324875380012837, 0.02859339070535727, 0.00011853787308221615]
2368436134	[-0.0009629232802161799, -0.0009639452181350878, -0.0009626548254758635, 0.8020732109259534, 0.0009236541644181832]	[0.0006621855484290192, 0.0006629329792286728, 0.0006620802399733585, 0.07161050242609068, 0.0007092436267918539]
2413215217	[-0.00031639817125065695, -0.00031667692001619853, -0.0003162835106816375, 0.8808424161343247, 0.00024272177531300054]	[5.2774792017495445e-05, 5.289324556314733e-05, 5.267012353212804e-05, 0.015618143112240076, 4.499128765762346e-05]
245957521	[-0.0003115900205389257, -0.00031185796520647764, -0.0003114848919636345, 0.8822618263178438, 0.00023861486977440222]	[5.299421523149011e-05, 5.311316336561122e-05, 5.288911225684305e-05, 0.015682597981867653, 4.517864660225028e-05]
1143130812	[-0.0003763171686223578, -0.0003766724516104044, -0.0003761491632583193, 0.8675758901055183, 0.0003011243896851064]	[0.00011870510916632744, 0.00011887532715113282, 0.00011857845148638624, 0.027886072585476155, 0.00011348124069543391]
25816024	[-0.0016461819903349625, -0.0016480565019225523, -0.0016455251447904057, 0.7552880397161504, 0.0014783181012448202]	[0.0012742549930204257, 0.0012758243914059333, 0.0012736244916406935, 0.10224923315997937, 0.001107031694352462]
26203837	[-0.0006693218780887418, -0.0006700061400529278, -0.000669119186275577, 0.8328504356521861, 0.0006055196770515009]	[0.000471243214371878, 0.00047178476794875867, 0.00047117197362454215, 0.058506731484612225, 0.0004879960415065906]
1156991923	[-0.00039483542686404504, -0.00039521779006474004, -0.0003946470673107323, 0.8632129495744677, 0.00031874441708349457]	[0.00012335872597547026, 0.00012353075267034546, 0.00012323260363859479, 0.028585755215217, 0.00011853481880891677]
2862964321	[-0.0017316852668780732, -0.0017336645752723734, -0.0017309923339288735, 0.7474287809056699, 0.0015573189451320681]	[0.0012702480947305115, 0.0012718128414048752, 0.0012696135773070914, 0.10040844855231937, 0.0010981950791708079]
117754884	[-0.00038860473386196666, -0.0003889731063403812, -0.00038842872972276937, 0.8650552118544691, 0.00031342928850701005]	[0.0001273405267367068, 0.00012752123065983456, 0.00012720680815660632, 0.02972999949316348, 0.0001219592355768947]
11985982	[-0.00031568001302438906, -0.0003159571221177294, -0.0003155667675710925, 0.8810468311648907, 0.00024209066862664587]	[5.2843095878083015e-05, 5.296170011371541e-05, 5.273829105643365e-05, 0.01563940330578678, 4.5045309279245484e-05]
288567673	[-0.0003612571581973122, -0.0003615968743150127, -0.0003596312270418133, 0.8435487669203953, 0.006331092862777421]	[0.00014707338900965663, 0.00014726034298342966, 0.00015068383052618638, 0.1055066019588917, 0.026264968000396467]
2906686402	[-0.0009214849569142121, -0.0009224555360795838, -0.0009212323028628665, 0.8077152862970755, 0.0008806980639329801]	[0.0006634487529863536, 0.0006642021911880672, 0.0006633340514466802, 0.07304179480155089, 0.0007091960949611988]
2920256952	[-0.0002585958089253998, -0.0002587448054583521, -0.00025859578331472566, 0.8979444191932069, 0.0001934362231805951]	[1.5061590123021663e-08, 1.507285629169644e-08, 1.502423944032998e-08, 1.0776281664240944e-05, 1.0411773450429323e-10]
293013635	[-0.0003948451038895247, -0.0003952274781318017, -0.00039465672769038187, 0.8632086531628578, 0.00031874650456285055]	[0.0001233727387070182, 0.00012354477966261757, 0.00012324659421417705, 0.0285916863131843, 0.00011853788741410962]
311380778	[-0.0009629181392963939, -0.0009639400713494614, -0.0009626496933991747, 0.802075493394621, 0.0009236530554447752]	[0.0006621885718782559, 0.000662936005917396, 0.0006620832593043207, 0.07161119313079906, 0.0007092443001701658]
3289816264	[-0.0016386160422802293, -0.0016404823791421712, -0.0016379506176316995, 0.7544590547241539, 0.0014986939787300585]	[0.0012828913038088036, 0.0012844693434955832, 0.0012822733658185588, 0.10150141047460584, 0.001093779451795133]
3292722958	[-0.0002585862831394053, -0.00025873527254700684, -0.0002585862811513771, 0.8979512347121602, 0.00019343628903043227]	[0.0, 0.0, 0.0, 0.0, 0.0]
3356627800	[-0.00038236044145194026, -0.00038271480923252445, -0.00038219681909966034, 0.8669045769362378, 0.0003081120995658085]	[0.00013089489398261905, 0.00013108300738603579, 0.0001307547794770998, 0.030718330919717027, 0.0001250612959329944]
3372055939	[-0.0009337844704383426, -0.0009347752722038048, -0.0009335053070229222, 0.8028237650292969, 0.0009339020865304231]	[0.0006725863375014161, 0.0006733430767167298, 0.0006725006506050308, 0.07064484966340945, 0.000700816617414907]
3664826895	[-0.0009629212048308594, -0.0009639431402913833, -0.000962652754936598, 0.8020744870865433, 0.0009236540544992825]	[0.0006621874236299247, 0.0006629348565244551, 0.0006620821109113132, 0.07161165169824803, 0.0007092437259575385]
37105136	[-0.000404770177330625, -0.00040516516726108874, -0.00040457302975595, 0.8610146476665376, 0.0003284261455167708]	[0.00012667732184316362, 0.00012685234586731707, 0.00012654964507604935, 0.02921489391251015, 0.00012191536150905159]
465965880	[-0.0003948431426982905, -0.0003952255154735835, -0.00039465477136263363, 0.8632100563579364, 0.00031874651812017]	[0.00012337490444189599, 0.00012354694770671688, 0.00012324875380012834, 0.028593390705357276, 0.00011853787308221615]
3398737828	[-0.0003901045244203595, -0.00039047173852226546, -0.0003899306632765732, 0.8649610867826781, 0.00031528157007573715]	[0.00013111555113694813, 0.00013130225072531955, 0.00013097714060156487, 0.03064405063865582, 0.00012548049604071967]
1274709210	[-0.0017042103100183333, -0.0017061546749931147, -0.0017035294706157856, 0.7497657589758349, 0.0015322183226906417]	[0.0012701911950296736, 0.0012717572622141223, 0.0012695576735049928, 0.10083100003629931, 0.0010995400248330752]
3545097856	[-0.0006815077733219738, -0.0006822039263578938, -0.000681305391721864, 0.8315036380437032, 0.0006183886121010732]	[0.00047654208579974577, 0.0004770911337662805, 0.0004764686115645744, 0.05926937329539705, 0.000493315207143491]
359850032	[-0.0003901551085280161, -0.00039052550233960797, -0.00038997766775831713, 0.8647062645141566, 0.00031492733573837764]	[0.00012792785315052325, 0.00012810913475672079, 0.00012779379365214223, 0.029848609186678483, 0.00012254392031439522]
36327895	[-0.0017556049239166537, -0.0017576099646321266, -0.0017549088774308891, 0.7464045489084632, 0.0015794556945473636]	[0.0012751353442046816, 0.0012767100013274316, 0.0012744896891344016, 0.10182992691266979, 0.001101190635043206]
377925526	[-0.0003970797976627694, -0.0003974618428224222, -0.00039689301746852196, 0.8629561675830086, 0.0003213213919675498]	[0.00012754258952504008, 0.00012772132667062598, 0.0001274112015184211, 0.02960471885760564, 0.00012243230343382473]
1028440310	[-0.00039015345492405206, -0.000390523846049166, -0.00038997601777407875, 0.864707113655283, 0.0003149271483444154]	[0.0001279268020213412, 0.00012810808130693583, 0.00012779274728570613, 0.02984740832325962, 0.00012254397641919864]
388187529	[-0.000938363996591194, -0.0009393522668668734, -0.0009381100524619645, 0.8059303777249271, 0.0008987870645328409]	[0.0006661966481710433, 0.0006669544795059037, 0.0006660800658274183, 0.07340737473174738, 0.0007120923605166998]
39475170	[-0.0017316918434733405, -0.0017336711590161804, -0.001730998899556058, 0.7474259121240653, 0.0015573204390524867]	[0.0012702421572089236, 0.0012718068977270193, 0.0012696076485497424, 0.10040626335979543, 0.0010981936476110084]
422684232	[-0.0006445819032538829, -0.0006452406164362544, -0.0006443636873960668, 0.8326278823441898, 0.0006298276739800416]	[0.00047933190099733105, 0.0004798788822233318, 0.0004792852983098645, 0.057424265227471655, 0.0004946544026400723]
42401449	[-0.00039149620744600424, -0.00039186572651285517, -0.00039132050331236305, 0.8646104233118456, 0.00031656560187377303]	[0.00013111268746282602, 0.00013129904908360792, 0.00013097465031121537, 0.030619741691433763, 0.0001255137655995913]
4376048613	[-0.0009754844233705645, -0.0009765196652290888, -0.0009752184773000938, 0.8013745383428144, 0.0009375458319017852]	[0.0006690178009656486, 0.0006697734688179474, 0.0006689086996739548, 0.07264812914587102, 0.0007162945476470068]
474013625	[-0.0004136608180955088, -0.0004140671087400367, -0.0004134558095255718, 0.8590485621054514, 0.0003370904515198653]	[0.00012894356611986164, 0.0001291204989257701, 0.00012881496356312528, 0.029637025737290202, 0.00012422692816856838]
474708096	[-0.00022188662559877702, -0.00022209856161937335, 0.0003543367587183337, 0.6381394308798539, 0.049074201441510173]	[0.0002162985735060053, 0.00021652356767321994, 0.003195948292638682, 0.28583241831184786, 0.06603042247813455]
532655237	[-0.00025860057181839705, -0.00025874957191402467, -0.0002586005343964, 0.8979410114337302, 0.00019343619025567654]	[1.6499145324551947e-08, 1.6511486793991616e-08, 1.645822970165505e-08, 1.1804825107068154e-05, 1.1405526364867072e-10]
54219545	[-0.0003075194017977094, -0.0003077782013099676, -0.0003074223436418566, 0.8834640609613598, 0.00023513959246238182]	[5.28332349447157e-05, 5.2951828020556846e-05, 5.272845332133729e-05, 0.01563321870391323, 4.504485822903557e-05]
54851559	[-0.00032041842006368235, -0.00032070618645143803, -0.00032029578417039074, 0.8796509006381803, 0.00024614467164413555]	[5.2257696614827533e-05, 5.2374984570442364e-05, 5.215405203992204e-05, 0.015466609056435564, 4.454671383574901e-05]
560467206	[-0.0009629191811792372, -0.0009639411140116397, -0.0009626507326982908, 0.8020747479472359, 0.0009236530482424491]	[0.0006621874637119473, 0.0006629348967995783, 0.0006620821541316094, 0.07161019521130804, 0.0007092443075854664]
552278840	[-0.0003813961678226241, -0.0003817523685367661, -0.0003812299126511504, 0.866875116988087, 0.0003067651648738355]	[0.00012729750647427223, 0.00012748001596649163, 0.00012716171232670363, 0.02986331132427839, 0.000121671337560973]
562662319	[-0.0002585862831394053, -0.00025873527254700684, -0.0002585862811513771, 0.8979512347121602, 0.00019343628903043227]	[0.0, 0.0, 0.0, 0.0, 0.0]
569257486	[-0.0003901452294523944, -0.0003905156111921637, -0.00038996780645137656, 0.8647107656051516, 0.00031492537398696284]	[0.0001279150137035672, 0.00012809628087122988, 0.00012778097774362925, 0.0298423957668883, 0.00012254139807926776]
58429842	[-0.0003967308870321267, -0.00039711297095246706, -0.00039654388275848135, 0.8629992104258636, 0.0003209288509742962]	[0.00012691139093110385, 0.00012708911265509195, 0.0001267808078712909, 0.029449168279676124, 0.00012185050330833446]
140101267	[-0.0017065093811401198, -0.0017084589125186376, -0.001705823981757988, 0.749086510720125, 0.0015341818378787112]	[0.0012676652383998425, 0.0012692256990962112, 0.0012670365184393694, 0.09993133548489172, 0.0010972255905297408]
65375944	[-0.0003204322671396409, -0.00032072004871700486, -0.0003203095985107821, 0.8796421065886744, 0.00024614523867206873]	[5.226376772156426e-05, 5.2381064299177614e-05, 5.216010944519465e-05, 0.015470014344656216, 4.454723202906685e-05]
714602578529665024	[-0.0002586029532648957, -0.000258751955141861, -0.0002586029099372372, 0.8979393075539918, 0.00019343617379321727]	[1.667012549042544e-08, 1.668259485415602e-08, 1.6628785860111663e-08, 1.192715816827894e-05, 1.1523721504759412e-10]
704221216912105473	[-0.0009993733306528228, -0.0010004381053805385, -0.0009990985343813665, 0.7981591110017107, 0.0009623481831790346]	[0.0006669402628153839, 0.000667690751224007, 0.0006668370089206239, 0.07164301207989987, 0.0007149194987019688]
142334501	[-0.00039015844255311415, -0.0003905288388585788, -0.0003899809935154891, 0.864703879082523, 0.0003149273126909346]	[0.0001279244245803412, 0.00012810570271109376, 0.00012779037461350346, 0.0298459530654406, 0.00012254394316383647]
751805919743315969	[-0.0003115947642768015, -0.0003118627145635167, -0.00031148962462481224, 0.8822589093793531, 0.00023861512101760324]	[5.299896066741871e-05, 5.311791442091709e-05, 5.2893846611511795e-05, 0.015685517089188687, 4.5178897851039935e-05]
1005305156	[-0.00025860295326489576, -0.000258751955141861, -0.0002586029099372372, 0.8979393075539918, 0.0001934361737932172]	[1.667012549042544e-08, 1.668259485415602e-08, 1.6628785860111663e-08, 1.192715816827894e-05, 1.1523721504759411e-10]
743729451708481536	[-0.0003075168371630185, -0.00030777563475691303, -0.0003074197853671089, 0.8834658959087703, 0.0002351396101911841]	[5.2835609334878464e-05, 5.295420418677954e-05, 5.273082182333748e-05, 0.015634917534475636, 4.504484181535405e-05]
741963075985760256	[-0.00038049692123523883, -0.00038085472139863215, -0.00038032838009098124, 0.866867100187242, 0.0003055540635542848]	[0.00012394791091108434, 0.0001241252512147919, 0.00012381611450036336, 0.02906250226304344, 0.00011853429482121472]
756914316566224896	[-0.00042567026564697426, -0.00042609283336900975, -0.00042545350379672353, 0.8563168457630561, 0.00034867583976265883]	[0.0001299305270285428, 0.00013010677220897908, 0.00012980324897132693, 0.029696144618785895, 0.00012542993543384029]
777573276692451328	[-0.00040477930184515024, -0.00040517430380326527, -0.00040458213912078836, 0.8610109716941174, 0.00032842833804470005]	[0.0001266925971233142, 0.0001268676381695139, 0.0001265648900561421, 0.029222988005687824, 0.0001219179228257308]
801355099796803584	[-0.0012438152111285618, -0.001245237292313074, -0.0012451730420638158, 0.6389408755861246, 0.04307195733887199]	[0.001323875744299609, 0.001325465569007608, 0.001321645774122654, 0.2129838009128503, 0.07890873991808864]
786863976030220289	[-0.00025860533471139436, -0.0002587543383696973, -0.0002586052854780743, 0.8979376036742535, 0.00019343615733075797]	[1.6499145324551947e-08, 1.6511486793991616e-08, 1.645822970165505e-08, 1.1804825107068154e-05, 1.1405526364867074e-10]
791162759228624896	[-0.0003719802994794237, -0.0003723310554503473, -0.00037178230265048304, 0.8627256289129364, 0.00036382732712873713]	[0.00015348660869376573, 0.00015368310891271264, 0.00015342856194765897, 0.03095422128807668, 0.00023960069121262451]
800434576350789632	[-0.0006855026023538586, -0.0006862137174317008, -0.0006852785266722952, 0.8287941051340493, 0.0006205157494379343]	[0.0004612593253491642, 0.00046178315665729776, 0.00046120250269709724, 0.055927336962413886, 0.00047887466485921164]
80172249	[-0.0002585862831394053, -0.00025873527254700684, -0.0002585862811513771, 0.8979512347121602, 0.00019343628903043227]	[0.0, 0.0, 0.0, 0.0, 0.0]
802492036268126208	[-0.0009214917000402435, -0.000922462287199932, -0.0009212390363358039, 0.8077128925753243, 0.000880700054737913]	[0.0006634462962483195, 0.0006641997317883208, 0.0006633315948989673, 0.07304268623822517, 0.0007091950342771826]
809247439383392257	[-0.00025860057181839705, -0.00025874957191402467, -0.0002586005343964, 0.8979410114337301, 0.00019343619025567657]	[1.6499145324551947e-08, 1.6511486793991616e-08, 1.645822970165505e-08, 1.1804825107068154e-05, 1.1405526364867074e-10]
817189988462800896	[-0.0002585862831394053, -0.00025873527254700684, -0.0002585862811513771, 0.8979512347121602, 0.00019343628903043227]	[0.0, 0.0, 0.0, 0.0, 0.0]
818479808837455873	[-0.0003948334656728109, -0.000395215827406522, -0.0003946451109829841, 0.8632143527695462, 0.000318744430640814]	[0.00012336089180251152, 0.00012353292080670176, 0.00012323476331636257, 0.02858745975011736, 0.00011853480447689106]
819581851903938562	[-0.0002585862831394053, -0.00025873527254700684, -0.0002585862811513771, 0.8979512347121602, 0.00019343628903043227]	[0.0, 0.0, 0.0, 0.0, 0.0]
826067879879651329	[-0.0003813814865996021, -0.0003817376711296382, -0.000381215260357692, 0.8668827686798966, 0.00030676301075831133]	[0.0001272859876753808, 0.00012746848379888728, 0.00012715021117420662, 0.02985880454222122, 0.00012166834489333064]
827106904245731328	[-0.0017316933193029021, -0.001733672636593926, -0.0017310003719395355, 0.7474250046320906, 0.0015573205172170384]	[0.0012702405688620401, 0.0012718053076051369, 0.00126960606367947, 0.10040518655008962, 0.0010981935569670952]
845781575170244610	[-0.0009214859296224261, -0.0009224565103680791, -0.0009212332734418303, 0.8077147868022951, 0.0008806981741647226]	[0.0006634480932044323, 0.0006642015304420716, 0.0006633333927015615, 0.07304169372660015, 0.0007091960013196645]
847424832400629760	[-0.00039484704930595297, -0.00039522942670879214, -0.00039465866884830946, 0.8632076541732971, 0.0003187467250263354]	[0.00012337394699336252, 0.00012354599060282034, 0.00012324779691665305, 0.028593108777432544, 0.00011853781207424693]
849608792098705408	[-0.0006899868395180892, -0.0006907020250781404, -0.0006897676417374909, 0.8289946195120395, 0.0006256173092233301]	[0.00046983800811966784, 0.00047037183544459515, 0.00046977878030839777, 0.05702575158720298, 0.0004876649553858058]
857912957346471936	[-0.0002909135065115833, -0.00029116322476544583, -0.00029077391458985977, 0.8785628248887266, 0.00030682980385960806]	[9.279426690771901e-05, 9.291459171278772e-05, 9.284586257845401e-05, 0.020510033672285446, 0.0002589410965749216]
154172528	[-0.0006580337123975188, -0.0006587069593491458, -0.0006578307452179064, 0.8341007499478752, 0.0005936038832479726]	[0.00046600278707483215, 0.0004665370858765654, 0.0004659335856927583, 0.05776641992365931, 0.0004827129267154163]
860264322311659520	[-0.00025859295118960146, -0.0002587419455849485, -0.0002585929326657211, 0.897946463848893, 0.00019343624293554626]	[1.333610039234035e-08, 1.3346075883324815e-08, 1.330302868808933e-08, 9.541726534623152e-06, 9.21897720380753e-11]
862688770205863937	[-0.0009629243220990231, -0.0009639462607972662, -0.0009626558647749796, 0.802072465478568, 0.0009236541572158571]	[0.0006621844402495624, 0.0006629318700976967, 0.0006620791347875513, 0.07160950447321406, 0.0007092436342071735]
86711514	[-0.0007079646298809621, -0.0007087034102252104, -0.0007077362924809324, 0.8261197256645816, 0.0006436249982899015]	[0.000471026687396364, 0.00047155884239557025, 0.0004709738643187094, 0.0563996028968197, 0.0004895092029328167]
875915736300040192	[-0.00032041842006368235, -0.00032070618645143803, -0.00032029578417039074, 0.8796509006381803, 0.00024614467164413555]	[5.2257696614827533e-05, 5.2374984570442364e-05, 5.215405203992204e-05, 0.015466609056435564, 4.454671383574901e-05]
876224066759405568	[-0.0003115947642768015, -0.00031186271456351675, -0.0003114896246248123, 0.8822589093793531, 0.00023861512101760324]	[5.299896066741871e-05, 5.311791442091709e-05, 5.2893846611511795e-05, 0.015685517089188687, 4.517889785103994e-05]
878977884999876610	[-0.00031567233974890893, -0.00031594944087247903, -0.0003155591125843073, 0.8810518074306757, 0.00024209041578584714]	[5.2841135265987584e-05, 5.295973597116083e-05, 5.27363346215575e-05, 0.015638475575260016, 4.5045039628149625e-05]
884586449831686145	[-0.000667106008500107, -0.00066779659873101, -0.0006668757746998161, 0.8291160753654655, 0.000656371653577116]	[0.0004885167121591799, 0.000489068603766092, 0.000488480736623036, 0.057016561534337325, 0.0005023529581458136]
886794351459827713	[-0.00040476094594665265, -0.0004051559257507108, -0.00040456382019568907, 0.8610205103662082, 0.0003284257674981488]	[0.0001266817981502722, 0.00012685682442573849, 0.000126554113014196, 0.029217430171387757, 0.00012191549040541418]
890041069639016448	[-0.00040477192269734345, -0.0004051669159145378, -0.00040457477720340075, 0.8610155091539916, 0.0003284279472219429]	[0.00012669493664733364, 0.0001268699777034592, 0.00012656722723635417, 0.029223849961386387, 0.00012191806590335303]
890502281887612928	[-0.0003901452294523944, -0.0003905156111921637, -0.00038996780645137656, 0.8647107656051516, 0.00031492537398696284]	[0.0001279150137035672, 0.00012809628087122988, 0.00012778097774362925, 0.0298423957668883, 0.00012254139807926776]
892926801860677632	[-0.0003901650010122228, -0.0003905354054560957, -0.00038998754195960524, 0.8647014198484712, 0.00031492909857210873]	[0.00012793792543814035, 0.00012811921742313218, 0.00012780385193393413, 0.029852292218942703, 0.0001225465099975029]
905719296134971392	[-0.0009320330867222761, -0.0009330146121343981, -0.0009317832620392446, 0.807228439042917, 0.0008924471945126757]	[0.0006706113739987588, 0.0006713734985590684, 0.0006704929452034119, 0.07408586174920545, 0.0007165939265939979]
909435307304607744	[-0.0009530721165316118, -0.0009540796520486993, -0.0009528144963161852, 0.8043963795943065, 0.0009142901835379136]	[0.0006701962181560291, 0.0006709556944662215, 0.00067008209494837, 0.07345216318026991, 0.0007168043295831727]
1707513156	[-0.00039014522945239437, -0.00039051561119216364, -0.00038996780645137656, 0.8647107656051516, 0.00031492537398696284]	[0.0001279150137035672, 0.00012809628087122988, 0.00012778097774362925, 0.0298423957668883, 0.00012254139807926776]
1631211283	[-0.0006313361376543662, -0.000632007621372541, -0.0006330684883831575, 0.6294022591418462, 0.05791385484315351]	[0.0007135400302777119, 0.0007143236243227728, 0.0007120353465065306, 0.24165823704326564, 0.08658995266026573]
1653321740	[-0.00025859183984790207, -0.00025874083341195824, -0.0002585918240799971, 0.8979472589927707, 0.00019343625061802726]	[1.2425177930014433e-08, 1.2434472044993683e-08, 1.2394365188832328e-08, 8.889978814221196e-06, 8.589274879472738e-11]
1664655710	[-0.0006580458982814561, -0.0006587191591372975, -0.0006578429101404279, 0.8340953396517741, 0.0005936065119256802]	[0.0004660005758187822, 0.00046653487296423345, 0.0004659313741740831, 0.05776738958820291, 0.00048271237882610655]
179181381	[-0.0016461799466453188, -0.0016480544559612726, -0.0016455231037654568, 0.7552887105882028, 0.001478317435208482]	[0.001274256486659537, 0.0012758258866364639, 0.001273625983954121, 0.10224932602506015, 0.0011070322733159517]
