192463771	[-5.2072343223155297e-48, 0.0, 0.021681431224837126, 0.5361901164959537, 0.36542911328072053]	[4.21184249772248e-48, 0.0, 0.013963722043744565, 0.07832333665639506, 0.24781275939782893]
19590930	[-2.333333372450608e-48, 0.0, 0.015321371720647145, 0.60014969164111, 0.17170904326683292]	[1.6439116322688562e-48, 0.0, 0.010704980532594836, 0.1689390258410224, 0.05158320644937787]
20447568	[-1.215713823461351e-48, 0.0, 0.008028541720186749, 0.4330384616503449, 0.36345968719156596]	[1.2532398730190252e-48, 0.0, 0.008234518302818761, 0.11547963236739717, 0.38270896232443957]
211577392	[-1.6946894605619266e-48, 0.0, 0.01571457562696472, 0.5792952712596445, 0.17114435507520961]	[1.4184447323463687e-48, 0.0, 0.010790068520769932, 0.15873161142908054, 0.04792147252628336]
21422783	[8.919316595040939e-12, 0.0, 0.03407345801299756, 0.7289213572569777, 0.33477813691238917]	[5.8474017893728356e-12, 0.0, 0.027407813337984276, 0.10152221574328958, 0.259467505273337]
2173684107	[-1.6947020811417224e-48, 0.0, 0.01522490814555911, 0.40772526717382207, 0.18224878767944952]	[1.4184375794997092e-48, 0.0, 0.010726458506132774, 0.19321209982779025, 0.05554463785067372]
222036996	[-2.3333417340193158e-48, 0.0, 0.015321371720753086, 0.4705009078143322, 0.4014035215586171]	[1.6439123542741294e-48, 0.0, 0.010704980532503194, 0.1178808798027017, 0.40003324650547173]
222496251	[-1.6946972137004787e-48, 0.0, 0.015223881469530106, 0.47477939558714793, 0.4267658390146491]	[1.4184433948696633e-48, 0.0, 0.010725066850928257, 0.10124629944117645, 0.49065795201274215]
223782598	[-1.6946972137004787e-48, 0.0, 0.015223881469530106, 0.4733661396389231, 0.42261633957188344]	[1.4184433948696633e-48, 0.0, 0.010725066850928257, 0.10201295606910993, 0.48366145963350227]
22900494	[-1.215713823461351e-48, 0.0, 0.008139137809286436, 0.45341399075169597, 0.3698903674835651]	[1.2532398730190252e-48, 0.0, 0.008323502978131453, 0.11706685353475842, 0.38056633198770357]
2368436134	[-3.2913001529288633e-48, 0.0, 0.021572067146954903, 0.727766485395465, 0.24885290807713173]	[2.157738678577648e-48, 0.0, 0.014019861094598093, 0.09953384986292164, 0.12221979074163644]
2413215217	[-1.6946894605619266e-48, 0.0, 0.015714575626935828, 0.5883309490172987, 0.17536688159656647]	[1.4184447323463687e-48, 0.0, 0.010790068520812011, 0.14108118018708038, 0.05944922523040893]
245957521	[-2.3333364609579685e-48, 0.0, 0.02147736358804185, 0.7319744781464969, 0.16974146290041475]	[1.6439119597562333e-48, 0.0, 0.01407647557844657, 0.11655492883627747, 0.06481161677378436]
1143130812	[-1.215713823461351e-48, 0.0, 0.008138785806056679, 0.4496932525521688, 0.3628413566335436]	[1.2532398730190252e-48, 0.0, 0.008323001321881346, 0.10188986218496413, 0.3832077534241626]
25816024	[-1.6946894605619266e-48, 0.0, 0.011264485522344008, 0.5502612306921252, 0.12577561320380182]	[1.4184447323463687e-48, 0.0, 0.009315579351151048, 0.1650152262333439, 0.027367981250728493]
26203837	[-1.215713823461351e-48, 0.0, 0.008138785806056679, 0.44807901397317523, 0.3586940923051814]	[1.2532398730190252e-48, 0.0, 0.008323001321881346, 0.1027092443346837, 0.37622759852606147]
1156991923	[-2.33333548746972e-48, 0.0, 0.023571530625456843, 0.5005963922933175, 0.2852282580369483]	[1.6439115261862843e-48, 0.0, 0.013869448661319554, 0.09096226837171754, 0.13780460301857145]
117754884	[-2.3333466014605592e-48, 0.0, 0.0153213717206953, 0.4712202419405018, 0.28741615289411104]	[1.643905445545264e-48, 0.0, 0.0107049805325859, 0.1527747357523337, 0.13193932659623278]
2862964321	[-1.6946894605619266e-48, 0.0, 0.011393103622525593, 0.5659238853247414, 0.14158156835096852]	[1.4184447323463687e-48, 0.0, 0.009396059309388903, 0.15948385732802023, 0.04094318470488449]
11985982	[-2.3333346762295127e-48, 0.0, 0.015224321473509515, 0.7010184782257509, 0.13756786694182044]	[1.6439114170053144e-48, 0.0, 0.01072546794910944, 0.06217713961161134, 0.037447037925023054]
288567673	[-1.215713823461351e-48, 0.0, 0.008028541720186749, 0.43348395110065774, 0.3637527740701778]	[1.2532398730190252e-48, 0.0, 0.008234518302818761, 0.1157818503096325, 0.3825586510272543]
2906686402	[-1.6946909671508828e-48, 0.0, 0.015224908145616896, 0.5130134004164261, 0.29559465210452707]	[1.4184454667715145e-48, 0.0, 0.010726458506050755, 0.090104899148832, 0.14497760194794926]
2920256952	[-2.3333417340193158e-48, 0.0, 0.015321371720753086, 0.4705009078143322, 0.4014035215586171]	[1.6439123542741294e-48, 0.0, 0.010704980532503194, 0.1178808798027017, 0.40003324650547173]
293013635	[-1.215713823461351e-48, 0.0, 0.008028541720186749, 0.4360736019894568, 0.37175421584829055]	[1.2532398730190252e-48, 0.0, 0.008234518302818761, 0.11390510370293878, 0.39667359103426886]
311380778	[-5.207242075454083e-48, 0.0, 0.015431615806623016, 0.5124436605851724, 0.3610278958740591]	[4.21184197788131e-48, 0.0, 0.010698302892151602, 0.07323392750879157, 0.25434562962812657]
3289816264	[-1.215713823461351e-48, 0.0, 0.008028541720186749, 0.43456056498049517, 0.36760695151992817]	[1.2532398730190252e-48, 0.0, 0.008234518302818761, 0.11468852174768612, 0.38969094092831225]
3292722958	[-2.3333417340193158e-48, 0.0, 0.015321371720753086, 0.4698034201688436, 0.3993298893944359]	[1.6439123542741294e-48, 0.0, 0.010704980532503194, 0.11828047105867734, 0.3965531581029104]
3356627800	[-2.3333364609579685e-48, 0.0, 0.021682311232824835, 0.589059715651695, 0.18822136907512266]	[1.6439119597562333e-48, 0.0, 0.01396550669600449, 0.13546663725786645, 0.07230915814443875]
3372055939	[-1.215713823461351e-48, 0.0, 0.008028541720186749, 0.4360736019894568, 0.37175421584829055]	[1.2532398730190252e-48, 0.0, 0.008234518302818761, 0.11390510370293878, 0.39667359103426886]
3398737828	[-2.3333417340193158e-48, 0.0, 0.021573827163190368, 0.6485323366580836, 0.255539260281379]	[1.6439123542741294e-48, 0.0, 0.01401715350638252, 0.12808925629531584, 0.1439915357930039]
1274709210	[-5.207235828904486e-48, 0.0, 0.021682311232911516, 0.7079779097468986, 0.3111675272265558]	[4.2118414886106584e-48, 0.0, 0.01396550669597337, 0.08954145880790468, 0.2265242673759764]
3545097856	[-1.215713823461351e-48, 0.0, 0.008028541720186749, 0.4383263516929223, 0.3779751123408341]	[1.2532398730190252e-48, 0.0, 0.008234518302818761, 0.11274417824039873, 0.4071487496827178]
359850032	[-2.3333339808807637e-48, 0.0, 0.021474723563744323, 0.6030808344023675, 0.1974193594895301]	[1.6439114777852795e-48, 0.0, 0.014077376533972468, 0.16059651130485036, 0.07032220021923548]
36327895	[-3.2913022679479756e-48, 0.0, 0.015321371720753086, 0.6916506773665312, 0.1712682326793156]	[2.157737658755851e-48, 0.0, 0.010704980532503194, 0.10820965596147543, 0.04819367255675781]
3664826895	[-1.215713823461351e-48, 0.0, 0.008028541720186749, 0.43456056498049517, 0.36760695151992817]	[1.2532398730190252e-48, 0.0, 0.008234518302818761, 0.11468852174768612, 0.38969094092831225]
37105136	[-1.6946901559106757e-48, 0.0, 0.013155171595100002, 0.4847829523603137, 0.24677597926203174]	[1.4184449749809595e-48, 0.0, 0.00823559536156515, 0.11335558195176781, 0.10842979174411412]
377925526	[-1.215713823461351e-48, 0.0, 0.008139137809286436, 0.43324578478420744, 0.2679641405094656]	[1.2532398730190252e-48, 0.0, 0.008323502978131453, 0.1341801958918812, 0.16073863696158136]
1028440310	[-8.325246775494269e-49, 0.0, 0.0055286155528433195, 0.47955381491583443, 0.1711463276559203]	[1.0866510578191955e-48, 0.0, 0.007190419818452687, 0.1039795789010871, 0.05428865791036169]
388187529	[-1.215713823461351e-48, 0.0, 0.008028541720186749, 0.4360736019894568, 0.37175421584829055]	[1.2532398730190252e-48, 0.0, 0.008234518302818761, 0.11390510370293878, 0.39667359103426886]
39475170	[-3.291300761359019e-48, 0.0, 0.021572067146954903, 0.7310947259461497, 0.2645965933941197]	[2.157738290758077e-48, 0.0, 0.014019861094598093, 0.08667057792841895, 0.1417156363218142]
422684232	[-2.3333417340193158e-48, 0.0, 0.015224321473567302, 0.48138181478221775, 0.4374617364949402]	[1.6439123542741294e-48, 0.0, 0.010725467949027415, 0.0975026939189803, 0.4921017078591034]
42401449	[-2.3333346762295127e-48, 0.0, 0.015560233906746818, 0.5751607602044682, 0.16078721149617364]	[1.6439114170053144e-48, 0.0, 0.010718566131308494, 0.15937121771362742, 0.03940633408046583]
4376048613	[-1.6946909671508828e-48, 0.0, 0.015559647234668331, 0.56092361609224, 0.16176036574852892]	[1.4184454667715145e-48, 0.0, 0.01071759320035154, 0.1272752084648613, 0.04071861608271283]
465965880	[-2.3333364609579685e-48, 0.0, 0.021571187138909407, 0.5385837915284262, 0.16117810786666553]	[1.6439119597562333e-48, 0.0, 0.01401807644157277, 0.178161677798287, 0.047397219094409936]
474013625	[-1.2157113897407292e-48, 0.0, 0.007932870152259726, 0.4678985982492618, 0.17808838787022405]	[1.2532422338426997e-48, 0.0, 0.008176926546741022, 0.07873590666541828, 0.05087086671041449]
474708096	[-1.2157075769117552e-48, 0.0, 0.008422097629632065, 0.3748404408596583, 0.2119086106804264]	[1.2532435512648988e-48, 0.0, 0.008682139843698228, 0.13632950288859005, 0.10025402546968464]
532655237	[-2.3333417340193158e-48, 0.0, 0.015321371720753086, 0.4705009078143322, 0.4014035215586171]	[1.6439123542741294e-48, 0.0, 0.010704980532503194, 0.1178808798027017, 0.40003324650547173]
54219545	[-2.3333466014605592e-48, 0.0, 0.0153213717206953, 0.4687505781734824, 0.2832688885657487]	[1.643905445545264e-48, 0.0, 0.0107049805325859, 0.15494812956954615, 0.129320950952151]
54851559	[-1.6947020811417224e-48, 0.0, 0.015560233906746818, 0.43273076339748384, 0.2455623744502851]	[1.4184375794997092e-48, 0.0, 0.010718566131308494, 0.16216835539587995, 0.11092132796988782]
552278840	[-2.3333466014605592e-48, 0.0, 0.0153213717206953, 0.4652079601588651, 0.27943858400540805]	[1.643905445545264e-48, 0.0, 0.0107049805325859, 0.14958456277353682, 0.12666453471318292]
560467206	[-2.3333346762295127e-48, 0.0, 0.0218109293330931, 0.5105740776192469, 0.30748004014085123]	[1.6439114170053144e-48, 0.0, 0.013923413635721915, 0.09660931178323838, 0.15819360912782537]
562662319	[-2.3333417340193158e-48, 0.0, 0.015321371720753086, 0.4705009078143322, 0.4014035215586171]	[1.6439123542741294e-48, 0.0, 0.010704980532503194, 0.1178808798027017, 0.40003324650547173]
569257486	[-2.3333339808807637e-48, 0.0, 0.015431029134486745, 0.5721253027026556, 0.15039012725840864]	[1.6439114777852795e-48, 0.0, 0.010697321064532675, 0.16830422810405732, 0.03713361722749392]
58429842	[-1.6946901559106757e-48, 0.0, 0.015559647234668331, 0.5485709296106573, 0.143333361536683]	[1.4184449749809595e-48, 0.0, 0.01071759320035154, 0.16444286498853322, 0.03591030881836077]
140101267	[-2.333333372450608e-48, 0.0, 0.03407081797528946, 0.5771041827429984, 0.17365571439894054]	[1.6439116322688562e-48, 0.0, 0.0274030675759128, 0.19401099545395023, 0.05897608044148347]
65375944	[-1.6946909671508828e-48, 0.0, 0.01732171520724274, 0.5346418268738925, 0.416469994155105]	[1.4184454667715145e-48, 0.0, 0.009842307243247356, 0.10791839352487628, 0.43694441279187896]
704221216912105473	[-2.333333372450608e-48, 0.0, 0.03407081797528946, 0.5718175890520125, 0.16743481790639703]	[1.6439116322688562e-48, 0.0, 0.0274030675759128, 0.20061634913227722, 0.05504404905187602]
714602578529665024	[-2.3333417340193158e-48, 0.0, 0.015321371720753086, 0.4711963291436473, 0.4034771537227982]	[1.6439123542741294e-48, 0.0, 0.010704980532503194, 0.11748325602089345, 0.4035136882611226]
142334501	[-1.6946894605619266e-48, 0.0, 0.011061004557713902, 0.6245898438458474, 0.2221581261453923]	[1.4184447323463687e-48, 0.0, 0.009251440622088497, 0.17715102704264832, 0.1214036338167796]
1005305156	[-2.3333417340193158e-48, 0.0, 0.015321371720753086, 0.4698034201688436, 0.3993298893944359]	[1.6439123542741294e-48, 0.0, 0.010704980532503194, 0.11828047105867734, 0.3965531581029104]
741963075985760256	[-2.3333417340193158e-48, 0.0, 0.015321371720753086, 0.49893399816228357, 0.30410336432663143]	[1.6439123542741294e-48, 0.0, 0.010704980532503194, 0.10262581243659957, 0.15189790412176696]
743729451708481536	[-2.3333417340193158e-48, 0.0, 0.015560233906804605, 0.5138732820488122, 0.3322193441803396]	[1.6439123542741294e-48, 0.0, 0.010718566131224605, 0.08448407184956218, 0.18707157414332912]
751805919743315969	[-2.3333466014605592e-48, 0.0, 0.0153213717206953, 0.4740828797366644, 0.29363704938665447]	[1.643905445545264e-48, 0.0, 0.0107049805325859, 0.14967549385832452, 0.13644744847174659]
756914316566224896	[-3.291300761359019e-48, 0.0, 0.03407169798341201, 0.7142535332820993, 0.2884226248869097]	[2.157738290758077e-48, 0.0, 0.027403579164235106, 0.11760444498845463, 0.17692345449828742]
777573276692451328	[-2.33333548746972e-48, 0.0, 0.03397435440017253, 0.550903600509115, 0.1605603236040697]	[1.6439115261862843e-48, 0.0, 0.027477366935094925, 0.1887340065582907, 0.04479515187950762]
786863976030220289	[-2.3333417340193158e-48, 0.0, 0.015321371720753086, 0.4698034201688436, 0.3993298893944359]	[1.6439123542741294e-48, 0.0, 0.010704980532503194, 0.11828047105867734, 0.3965531581029104]
791162759228624896	[-1.215713823461351e-48, 0.0, 0.01126404551839349, 0.4689201131130134, 0.4196155217691558]	[1.2532398730190252e-48, 0.0, 0.009314930498360928, 0.10004543387911152, 0.49338514058197264]
800434576350789632	[-1.6946972137004787e-48, 0.0, 0.008028541720186749, 0.4351383041349483, 0.3662955937184531]	[1.4184433948696633e-48, 0.0, 0.008234518302818761, 0.11454453295576604, 0.3815811850581347]
801355099796803584	[-1.2157075769117552e-48, 0.0, 0.008422097629630688, 0.36759586193367105, 0.2050818574947803]	[1.2532435512648988e-48, 0.0, 0.008682139843699564, 0.14047966611346147, 0.09330245637930502]
80172249	[-2.3333417340193158e-48, 0.0, 0.015321371720753086, 0.4698034201688436, 0.3993298893944359]	[1.6439123542741294e-48, 0.0, 0.010704980532503194, 0.11828047105867734, 0.3965531581029104]
802492036268126208	[-5.2072343223155297e-48, 0.0, 0.021681431224837126, 0.5382790320532103, 0.3697294388335727]	[4.21184249772248e-48, 0.0, 0.013963722043744565, 0.07785662131006961, 0.2537717625662347]
809247439383392257	[-2.3333417340193158e-48, 0.0, 0.015321371720753086, 0.4698034201688436, 0.3993298893944359]	[1.6439123542741294e-48, 0.0, 0.010704980532503194, 0.11828047105867734, 0.3965531581029104]
817189988462800896	[-2.3333417340193158e-48, 0.0, 0.015321371720753086, 0.4760072705915894, 0.4179925788720663]	[1.6439123542741294e-48, 0.0, 0.010704980532503194, 0.1147538841267924, 0.4278859500320124]
818479808837455873	[-2.3333346762295127e-48, 0.0, 0.0340716979834698, 0.6811638779858857, 0.23810423197506128]	[1.6439114170053144e-48, 0.0, 0.027403579164374126, 0.15400393955648875, 0.10594429693864071]
819581851903938562	[-2.3333417340193158e-48, 0.0, 0.015321371720753086, 0.4698034201688436, 0.3993298893944359]	[1.6439123542741294e-48, 0.0, 0.010704980532503194, 0.11828047105867734, 0.3965531581029104]
826067879879651329	[-2.3333466014605592e-48, 0.0, 0.0153213717206953, 0.4712202419405018, 0.28741615289411104]	[1.643905445545264e-48, 0.0, 0.0107049805325859, 0.1527747357523337, 0.13193932659623278]
827106904245731328	[-2.333333372450608e-48, 0.0, 0.03407081797528946, 0.5753635033628374, 0.17158208223475935]	[1.6439116322688562e-48, 0.0, 0.0274030675759128, 0.1961749784788492, 0.057482408544679175]
845781575170244610	[-1.6946972137004787e-48, 0.0, 0.015321371720753086, 0.43888049133696694, 0.2521615125295649]	[1.4184433948696633e-48, 0.0, 0.010704980532503194, 0.16950570915453264, 0.11350245467466744]
847424832400629760	[-2.3333339808807637e-48, 0.0, 0.021474723563744323, 0.6159709967433814, 0.21400841680297933]	[1.6439114777852795e-48, 0.0, 0.014077376533972468, 0.14481908220356718, 0.09102636331721663]
849608792098705408	[-1.6946901559106757e-48, 0.0, 0.015321371720753086, 0.5143250000381487, 0.2957535319831526]	[1.4184449749809595e-48, 0.0, 0.010704980532503194, 0.09017495240625953, 0.14507524257319404]
857912957346471936	[-1.215713823461351e-48, 0.0, 0.008028541720186749, 0.4343612952077913, 0.3662180626310393]	[1.2532398730190252e-48, 0.0, 0.008234518302818761, 0.1149865636061817, 0.38617124549885423]
154172528	[-1.215713823461351e-48, 0.0, 0.008028541720186749, 0.43456056498049517, 0.36760695151992817]	[1.2532398730190252e-48, 0.0, 0.008234518302818761, 0.11468852174768612, 0.38969094092831225]
860264322311659520	[-2.3333417340193158e-48, 0.0, 0.015321371720753086, 0.4705009078143322, 0.4014035215586171]	[1.6439123542741294e-48, 0.0, 0.010704980532503194, 0.1178808798027017, 0.40003324650547173]
862688770205863937	[-2.3333339808807637e-48, 0.0, 0.021474723563744323, 0.6113101439902928, 0.20778752031043587]	[1.6439114777852795e-48, 0.0, 0.014077376533972468, 0.15039885670420994, 0.08276034516945356]
86711514	[-1.6946901559106757e-48, 0.0, 0.015559647234668331, 0.5542420790357802, 0.14540699370086418]	[1.4184449749809595e-48, 0.0, 0.01071759320035154, 0.1599485047775995, 0.03875995244881592]
875915736300040192	[-3.291304458296535e-48, 0.0, 0.03446402188166482, 0.5184752236905618, 0.3541042102614372]	[2.15773786173568e-48, 0.0, 0.027166383124055157, 0.08091760647920186, 0.21658868938623999]
876224066759405568	[-2.333333372450608e-48, 0.0, 0.03407081797530872, 0.564230253292184, 0.15718438488571532]	[1.6439116322688562e-48, 0.0, 0.027403067575912283, 0.2038991125717027, 0.04226654432000516]
878977884999876610	[-1.215713823461351e-48, 0.0, 0.008028541720186749, 0.4353182112063057, 0.36968058368410944]	[1.2532398730190252e-48, 0.0, 0.008234518302818761, 0.11429585755090267, 0.39318218427946633]
884586449831686145	[-1.215713823461351e-48, 0.0, 0.011153449429293801, 0.433687310812015, 0.36584960754521184]	[1.2532398730190252e-48, 0.0, 0.009272848817091648, 0.11610027033846816, 0.3816886632607022]
886794351459827713	[-1.215713823461351e-48, 0.0, 0.008614672776728548, 0.4465069164769896, 0.35865822948135684]	[1.2532398730190252e-48, 0.0, 0.008507732413273577, 0.10177415860973234, 0.37628008095144766]
890041069639016448	[-1.6947020811417224e-48, 0.0, 0.015560233906746818, 0.4581299866914157, 0.2804351370219287]	[1.4184375794997092e-48, 0.0, 0.010718566131308494, 0.14646070411590095, 0.13432933512937614]
890502281887612928	[-1.6947020811417224e-48, 0.0, 0.01522490814555911, 0.44807354455490356, 0.23330883666934793]	[1.4184375794997092e-48, 0.0, 0.010726458506132774, 0.14135413094383154, 0.11517562467987581]
892926801860677632	[-1.6946909671508828e-48, 0.0, 0.01732171520724274, 0.5329894841779231, 0.413561485554038]	[1.4184454667715145e-48, 0.0, 0.009842307243247356, 0.10825345760521782, 0.4379182105842521]
905719296134971392	[-5.2072343223155297e-48, 0.0, 0.021681431224837126, 0.5356637759459819, 0.36558217450521036]	[4.21184249772248e-48, 0.0, 0.013963722043744565, 0.07859456569598315, 0.24772425878379042]
909435307304607744	[-1.6946972137004787e-48, 0.0, 0.008028541720186749, 0.43711021431369196, 0.3687780859500255]	[1.4184433948696633e-48, 0.0, 0.008234518302818761, 0.11541107327739827, 0.3848340220256922]
1631211283	[-1.2157075769117552e-48, 0.0, 0.008422097629632065, 0.39419028110983834, 0.20934752045486252]	[1.2532435512648988e-48, 0.0, 0.008682139843698228, 0.11183022547400265, 0.1167600963880045]
1653321740	[-2.3333417340193158e-48, 0.0, 0.015321371720753086, 0.473270297027398, 0.40969805021534167]	[1.6439123542741294e-48, 0.0, 0.010704980532503194, 0.11630205806432264, 0.4139570445151074]
1664655710	[-1.215713823461351e-48, 0.0, 0.011057337857387368, 0.4699482177091315, 0.41667509285867005]	[1.2532398730190252e-48, 0.0, 0.009254632358251013, 0.10285937378061406, 0.4860332704471499]
1707513156	[-1.215713823461351e-48, 0.0, 0.008028541720186749, 0.43456056498049517, 0.36760695151992817]	[1.2532398730190252e-48, 0.0, 0.008234518302818761, 0.11468852174768612, 0.38969094092831225]
179181381	[-2.333333372450608e-48, 1.4345955581238332e-275, 0.02181004932491277, 0.5087621812013138, 0.16282667826602398]	[1.6439116322688562e-48, 0.0, 0.013921631717635287, 0.19775244862942157, 0.0459800099727874]
