192463771	[-4.0153887820095874e-08, 0.0, 0.021472912449151844, 0.5361901164959537, 0.36542911328072053]	[1.8371698735309533e-08, 0.0, 0.014077137773127552, 0.07832333665639506, 0.24781275939782893]
19590930	[-5.2639099678529924e-08, 0.0, 0.015222809979835489, 0.60014969164111, 0.17170904326683292]	[3.02067786327996e-08, 0.0, 0.010725000827932072, 0.1689390258410224, 0.05158320644937787]
20447568	[-2.7939454915304602e-08, 0.0, 0.007931541670304661, 0.4330384616503449, 0.36345968719156596]	[2.814837601629595e-08, 0.0, 0.008176136632205714, 0.11547963236739717, 0.38270896232443957]
211577392	[-5.180252634318607e-08, 0.0, 0.01522318893815727, 0.5792952712596445, 0.17114435507520961]	[2.815449710325513e-08, 0.0, 0.010725019363043514, 0.15873161142908054, 0.04792147252628336]
21422783	[8.741367511111584e-08, 0.0, 0.03397275774912844, 0.7289213572569777, 0.33477813691238917]	[7.85207297111996e-08, 0.0, 0.02747848189267745, 0.10152221574328958, 0.259467505273337]
2173684107	[-4.000853081624521e-08, 0.0, 0.015222913788577198, 0.40772526717382207, 0.18224878767944952]	[1.1687345955503942e-08, 0.0, 0.01072500873881264, 0.19321209982779025, 0.05554463785067372]
222036996	[-3.939870303844612e-08, 0.0, 0.015223036277655243, 0.4705009078143322, 0.4014035215586171]	[3.042125804236158e-08, 0.0, 0.010724875760720592, 0.1178808798027017, 0.40003324650547173]
222496251	[-3.381128960824148e-08, 0.0, 0.015222952328808706, 0.47477939558714793, 0.4267658390146491]	[2.2958526264987916e-08, 0.0, 0.010724876716534531, 0.10124629944117645, 0.49065795201274215]
223782598	[-3.383322933788255e-08, 0.0, 0.01522295121331433, 0.4733661396389231, 0.42261633957188344]	[2.358815872969629e-08, 0.0, 0.010724876856284813, 0.10201295606910993, 0.48366145963350227]
22900494	[-3.4496323257132376e-08, 0.0, 0.007931614398595237, 0.45341399075169597, 0.3698903674835651]	[2.9642508308297627e-08, 0.0, 0.00817621389729802, 0.11706685353475842, 0.38056633198770357]
2368436134	[-6.104682288971926e-08, 0.0, 0.02147264351721588, 0.727766485395465, 0.24885290807713173]	[3.216266286334105e-08, 0.0, 0.014077199848727566, 0.09953384986292164, 0.12221979074163644]
2413215217	[-5.165461484639792e-08, 0.0, 0.015223154172468369, 0.5883309490172987, 0.17536688159656647]	[2.8126749352457725e-08, 0.0, 0.010725062866050942, 0.14108118018708038, 0.05944922523040893]
245957521	[-5.239342438472572e-08, 0.0, 0.021472683393035305, 0.7319744781464969, 0.16974146290041475]	[2.3839389785245422e-08, 0.0, 0.014077214472776179, 0.11655492883627747, 0.06481161677378436]
1143130812	[-2.72060706927519e-08, 0.0, 0.007931623940241078, 0.4496932525521688, 0.3628413566335436]	[2.6849271012731896e-08, 0.0, 0.008176199710202857, 0.10188986218496413, 0.3832077534241626]
25816024	[-4.0845003354632827e-08, 0.0, 0.011056453484704853, 0.5502612306921252, 0.12577561320380182]	[2.0657146475753116e-08, 0.0, 0.009254057450280781, 0.1650152262333439, 0.027367981250728493]
26203837	[-2.726033909967491e-08, 0.0, 0.007931623895556607, 0.44807901397317523, 0.3586940923051814]	[2.6809615672372963e-08, 0.0, 0.008176199730844987, 0.1027092443346837, 0.37622759852606147]
1156991923	[-3.484543419064655e-08, 0.0, 0.021474288662749, 0.5005963922933175, 0.2852282580369483]	[2.6466776162676786e-08, 0.0, 0.014076979955997167, 0.09096226837171754, 0.13780460301857145]
117754884	[-4.215562842145919e-08, 0.0, 0.015222968226089588, 0.4712202419405018, 0.28741615289411104]	[2.040747021176378e-08, 0.0, 0.010724964750376122, 0.1527747357523337, 0.13193932659623278]
2862964321	[-3.013245855992799e-08, 0.0, 0.011056551523746214, 0.5659238853247414, 0.14158156835096852]	[2.922790224305878e-08, 0.0, 0.009254092542281187, 0.15948385732802023, 0.04094318470488449]
11985982	[-4.3382739022454736e-08, 0.0, 0.015222850182655057, 0.7010184782257509, 0.13756786694182044]	[2.664666936874562e-08, 0.0, 0.010724969499716882, 0.06217713961161134, 0.037447037925023054]
288567673	[-2.7945656180908986e-08, 0.0, 0.007931541663016399, 0.43348395110065774, 0.3637527740701778]	[2.8142880537580088e-08, 0.0, 0.008176136637379462, 0.1157818503096325, 0.3825586510272543]
2906686402	[-4.282558386640183e-08, 0.0, 0.015222919529514836, 0.5130134004164261, 0.29559465210452707]	[2.1610932390099385e-08, 0.0, 0.01072489455854462, 0.090104899148832, 0.14497760194794926]
2920256952	[-3.9413432876033756e-08, 0.0, 0.01522303625565268, 0.4705009078143322, 0.4014035215586171]	[3.040983759683368e-08, 0.0, 0.010724875771009683, 0.1178808798027017, 0.40003324650547173]
293013635	[-2.8014375816025793e-08, 0.0, 0.007931541557981092, 0.4360736019894568, 0.37175421584829055]	[2.8093269283830512e-08, 0.0, 0.008176136688691094, 0.11390510370293878, 0.39667359103426886]
311380778	[-4.358974197722708e-08, 0.0, 0.015223087780460512, 0.5124436605851724, 0.3610278958740591]	[2.0842721989000054e-08, 0.0, 0.010724891902595297, 0.07323392750879157, 0.25434562962812657]
3289816264	[-3.8117070939727156e-08, 0.0, 0.007931526404628055, 0.43456056498049517, 0.36760695151992817]	[2.094190622558914e-08, 0.0, 0.008176144309261096, 0.11468852174768612, 0.38969094092831225]
3292722958	[-3.941125712663185e-08, 0.0, 0.015223036258894745, 0.4698034201688436, 0.3993298893944359]	[3.041152359586651e-08, 0.0, 0.010724875769494243, 0.11828047105867734, 0.3965531581029104]
3356627800	[-5.730183800551834e-08, 0.0, 0.021472795330611305, 0.589059715651695, 0.18822136907512266]	[2.388038074805045e-08, 0.0, 0.014077137849150705, 0.13546663725786645, 0.07230915814443875]
3372055939	[-3.018701089770099e-08, 0.0, 0.00793153829897018, 0.4360736019894568, 0.37175421584829055]	[2.650560105748529e-08, 0.0, 0.008176138327637738, 0.11390510370293878, 0.39667359103426886]
3398737828	[-7.574842064067869e-08, 0.0, 0.02147284847961351, 0.6485323366580836, 0.255539260281379]	[2.686795875981998e-08, 0.0, 0.014077140323262221, 0.12808925629531584, 0.1439915357930039]
1274709210	[-6.265344764739314e-08, 0.0, 0.021472902803391924, 0.7079779097468986, 0.3111675272265558]	[1.3794130061829285e-08, 0.0, 0.014077150356549169, 0.08954145880790468, 0.2265242673759764]
3545097856	[-2.7712619069101933e-08, 0.0, 0.007931542010454987, 0.4383263516929223, 0.3779751123408341]	[2.8315363298921357e-08, 0.0, 0.00817613646114451, 0.11274417824039873, 0.4071487496827178]
359850032	[-5.380673495161072e-08, 0.0, 0.021472590671586248, 0.6030808344023675, 0.1974193594895301]	[2.3995791232945186e-08, 0.0, 0.014077210651519942, 0.16059651130485036, 0.07032220021923548]
36327895	[-4.862845672169602e-08, 0.0, 0.015222988546109427, 0.6916506773665312, 0.1712682326793156]	[2.0247872412419888e-08, 0.0, 0.010724884197333443, 0.10820965596147543, 0.04819367255675781]
3664826895	[-2.7946470551100664e-08, 0.0, 0.00793154165978059, 0.43456056498049517, 0.36760695151992817]	[2.81432146654501e-08, 0.0, 0.00817613663749818, 0.11468852174768612, 0.38969094092831225]
37105136	[-2.8771384518788546e-08, 0.0, 0.01105789559516937, 0.4847829523603137, 0.24677597926203174]	[2.3253929135761503e-08, 0.0, 0.00925308805693167, 0.11335558195176781, 0.10842979174411412]
377925526	[-3.232638930967795e-08, 0.0, 0.007931623970559404, 0.43324578478420744, 0.2679641405094656]	[2.2540528710101986e-08, 0.0, 0.00817620602827453, 0.1341801958918812, 0.16073863696158136]
1028440310	[-1.7768257379959025e-08, 0.0, 0.0054315585311221345, 0.47955381491583443, 0.1711463276559203]	[1.949345429437977e-08, 0.0, 0.007089399515238509, 0.1039795789010871, 0.05428865791036169]
388187529	[-2.821201262296756e-08, 0.0, 0.007931541261465957, 0.4360736019894568, 0.37175421584829055]	[2.794800359933443e-08, 0.0, 0.00817613683780951, 0.11390510370293878, 0.39667359103426886]
39475170	[-6.210100569230756e-08, 0.0, 0.021472645865185117, 0.7310947259461497, 0.2645965933941197]	[3.2392762423411754e-08, 0.0, 0.014077200471046948, 0.08667057792841895, 0.1417156363218142]
422684232	[-3.921563046056175e-08, 0.0, 0.0152229537465748, 0.48138181478221775, 0.4374617364949402]	[2.267198287126032e-08, 0.0, 0.01072487954479145, 0.0975026939189803, 0.4921017078591034]
42401449	[-4.159540200871616e-08, 0.0, 0.015223077165002962, 0.5751607602044682, 0.16078721149617364]	[2.8337569642319375e-08, 0.0, 0.010724979355197443, 0.15937121771362742, 0.03940633408046583]
4376048613	[-4.538556147217844e-08, 0.0, 0.015223028838181362, 0.56092361609224, 0.16176036574852892]	[2.525170699126352e-08, 0.0, 0.01072502371077051, 0.1272752084648613, 0.04071861608271283]
465965880	[-4.3525657450561927e-08, 0.0, 0.02147277696964461, 0.5385837915284262, 0.16117810786666553]	[3.2600575174591055e-08, 0.0, 0.014077262057248107, 0.178161677798287, 0.047397219094409936]
474013625	[-2.2779543704632077e-08, 0.0, 0.00793144190842264, 0.4678985982492618, 0.17808838787022405]	[2.0546102861422664e-08, 0.0, 0.00817617919196537, 0.07873590666541828, 0.05087086671041449]
474708096	[-1.7383937459896848e-08, 0.0, 0.007931742767611556, 0.3748404408596583, 0.2119086106804264]	[2.7170410601164782e-08, 0.0, 0.00817657348633814, 0.13632950288859005, 0.10025402546968464]
532655237	[-3.940497769575695e-08, 0.0, 0.015223036268250738, 0.4705009078143322, 0.4014035215586171]	[3.0416392634357584e-08, 0.0, 0.010724875765118698, 0.1178808798027017, 0.40003324650547173]
54219545	[-4.2089189540219566e-08, 0.0, 0.015222968325083207, 0.4687505781734824, 0.2832688885657487]	[2.0421598296144738e-08, 0.0, 0.010724964704079975, 0.15494812956954615, 0.129320950952151]
54851559	[-3.9163932779128954e-08, 0.0, 0.015223140695435915, 0.43273076339748384, 0.2455623744502851]	[1.801918109863202e-08, 0.0, 0.010724982560012088, 0.16216835539587995, 0.11092132796988782]
552278840	[-4.29203096873846e-08, -2.922713040542849e-10, 0.015222963285948616, 0.4652079601588651, 0.27943858400540805]	[1.9396005589515918e-08, 2.3640207178693884e-10, 0.010724970430453501, 0.14958456277353682, 0.12666453471318292]
560467206	[-4.649855386506642e-08, 0.0, 0.02147301899684067, 0.5105740776192469, 0.30748004014085123]	[1.626011734507753e-08, 0.0, 0.014077105092982534, 0.09660931178323838, 0.15819360912782537]
562662319	[-3.941334279005282e-08, 0.0, 0.015223036255698324, 0.4705009078143322, 0.4014035215586171]	[3.040990639646068e-08, 0.0, 0.010724875770988955, 0.1178808798027017, 0.40003324650547173]
569257486	[-3.5641039992654213e-08, 0.0, 0.015222983640553635, 0.5721253027026556, 0.15039012725840864]	[3.156815922647575e-08, 0.0, 0.010724974167823568, 0.16830422810405732, 0.03713361722749392]
58429842	[-3.6745138591509266e-08, 0.0, 0.015223088689248496, 0.5485709296106573, 0.143333361536683]	[2.657450177645637e-08, 0.0, 0.01072499762413273, 0.16444286498853322, 0.03591030881836077]
140101267	[-8.003691288492408e-08, 0.0, 0.033972315709670596, 0.5771041827429984, 0.17365571439894054]	[2.279781875142987e-08, 0.0, 0.027478242480857902, 0.19401099545395023, 0.05897608044148347]
65375944	[-3.1229691157591624e-08, 0.0, 0.01522445545187026, 0.5346418268738925, 0.416469994155105]	[3.028784536366312e-08, 0.0, 0.010724138541953289, 0.10791839352487628, 0.43694441279187896]
704221216912105473	[-4.778207574391582e-08, 0.0, 0.033972359971786076, 0.5718175890520125, 0.16743481790639703]	[3.531719792507888e-08, 0.0, 0.027478274480652324, 0.20061634913227722, 0.05504404905187602]
714602578529665024	[-3.941543991167938e-08, 0.0, 0.015223036252494292, 0.4711963291436473, 0.4034771537227982]	[3.040828032599741e-08, 0.0, 0.010724875772487341, 0.11748325602089345, 0.4035136882611226]
142334501	[-3.637830810658385e-08, 0.0, 0.01105635301516414, 0.6245898438458474, 0.2221581261453923]	[2.0599583402933337e-08, 0.0, 0.009253912917658192, 0.17715102704264832, 0.1214036338167796]
1005305156	[-3.9411252165270126e-08, 0.0, 0.015223036258898752, 0.4698034201688436, 0.3993298893944359]	[3.0411527441687844e-08, 0.0, 0.01072487576949237, 0.11828047105867734, 0.3965531581029104]
741963075985760256	[-4.556895781447328e-08, 0.0, 0.015223023440456238, 0.49893399816228357, 0.30410336432663143]	[1.9941523075679212e-08, 0.0, 0.010724882787226272, 0.10262581243659957, 0.15189790412176696]
743729451708481536	[-4.658064715123163e-08, 0.0, 0.015223193950199753, 0.5138732820488122, 0.3322193441803396]	[2.0771658085573733e-08, 0.0, 0.010724885594893778, 0.08448407184956218, 0.18707157414332912]
751805919743315969	[-4.2107991803635707e-08, 0.0, 0.015222968297554216, 0.4740828797366644, 0.29363704938665447]	[2.0417586677499106e-08, 0.0, 0.010724964716954402, 0.14967549385832452, 0.13644744847174659]
756914316566224896	[-8.975146704082112e-08, 0.0, 0.03397233775133011, 0.7142535332820993, 0.2884226248869097]	[3.695692708395206e-08, 0.0, 0.027478147154031414, 0.11760444498845463, 0.17692345449828742]
777573276692451328	[-5.076690075291199e-08, 0.0, 0.03397232342499571, 0.550903600509115, 0.1605603236040697]	[3.273974372194168e-08, 0.0, 0.02747832752811309, 0.1887340065582907, 0.04479515187950762]
786863976030220289	[-3.9398700384891094e-08, 0.0, 0.015223036277727815, 0.4698034201688436, 0.3993298893944359]	[3.042126009831225e-08, 0.0, 0.010724875760686776, 0.11828047105867734, 0.3965531581029104]
791162759228624896	[-3.959572202547615e-08, 0.0, 0.011056526509610042, 0.4689201131130134, 0.4196155217691558]	[2.2897139978751138e-08, 0.0, 0.00925392024767539, 0.10004543387911152, 0.49338514058197264]
800434576350789632	[-2.8898827884120233e-08, 0.0, 0.007931537767691626, 0.4351383041349483, 0.3662955937184531]	[2.8338448145655146e-08, 0.0, 0.008176137655288207, 0.11454453295576604, 0.3815811850581347]
801355099796803584	[-1.736774385704126e-08, 0.0, 0.007931756379439955, 0.36759586193367105, 0.2050818574947803]	[2.7175618243449017e-08, 0.0, 0.008176560282402344, 0.14047966611346147, 0.09330245637930502]
80172249	[-3.9411257973491195e-08, 0.0, 0.015223036258895777, 0.4698034201688436, 0.3993298893944359]	[3.041152294082773e-08, 0.0, 0.010724875769493759, 0.11828047105867734, 0.3965531581029104]
802492036268126208	[-4.002698452805636e-08, 0.0, 0.021472911537857384, 0.5382790320532103, 0.3697294388335727]	[1.790370151363491e-08, 0.0, 0.014077137893659025, 0.07785662131006961, 0.2537717625662347]
809247439383392257	[-3.941126113127934e-08, 0.0, 0.015223036258899736, 0.4698034201688436, 0.3993298893944359]	[3.041152054867408e-08, 0.0, 0.010724875769491871, 0.11828047105867734, 0.3965531581029104]
817189988462800896	[-3.940917366312131e-08, 0.0, 0.015223036261516418, 0.4760072705915894, 0.4179925788720663]	[3.0413139108558175e-08, 0.0, 0.010724875768268633, 0.1147538841267924, 0.4278859500320124]
818479808837455873	[-5.30039844518624e-08, 0.0, 0.03397250888165042, 0.6811638779858857, 0.23810423197506128]	[2.561175661025414e-08, 0.0, 0.02747846813901578, 0.15400393955648875, 0.10594429693864071]
819581851903938562	[-3.9411269988723485e-08, 0.0, 0.015223036258889948, 0.4698034201688436, 0.3993298893944359]	[3.041151365573177e-08, 0.0, 0.010724875769496463, 0.11828047105867734, 0.3965531581029104]
826067879879651329	[-4.210103897761225e-08, 0.0, 0.015222968307973038, 0.4712202419405018, 0.28741615289411104]	[2.0419068892510352e-08, 0.0, 0.010724964712081854, 0.1527747357523337, 0.13193932659623278]
827106904245731328	[-2.45119898282455e-08, 0.0, 0.03397239744986658, 0.5753635033628374, 0.17158208223475935]	[5.1161694661680645e-08, 0.0, 0.027478309188594695, 0.1961749784788492, 0.057482408544679175]
845781575170244610	[-3.618764196225558e-08, 0.0, 0.015223031013812437, 0.43888049133696694, 0.2521615125295649]	[2.6911190394805722e-08, 0.0, 0.010724883071445205, 0.16950570915453264, 0.11350245467466744]
847424832400629760	[-5.3751411715212556e-08, 0.0, 0.021472590744846965, 0.6159709967433814, 0.21400841680297933]	[2.402466264117263e-08, 0.0, 0.014077210640760635, 0.14481908220356718, 0.09102636331721663]
849608792098705408	[-4.552881015159386e-08, 0.0, 0.015222984940698863, 0.5143250000381487, 0.2957535319831526]	[2.32878258195294e-08, 0.0, 0.010724876447406786, 0.09017495240625953, 0.14507524257319404]
857912957346471936	[-2.7955244935791164e-08, 0.0, 0.007931541647431997, 0.4343612952077913, 0.3662180626310393]	[2.8139030816076316e-08, 0.0, 0.008176136642188246, 0.1149865636061817, 0.38617124549885423]
154172528	[-2.810223474623515e-08, 0.0, 0.00793154142613645, 0.43456056498049517, 0.36760695151992817]	[2.8028671219575848e-08, 0.0, 0.008176136754996706, 0.11468852174768612, 0.38969094092831225]
860264322311659520	[-3.9408801695423875e-08, 0.0, 0.015223036262406491, 0.4705009078143322, 0.4014035215586171]	[3.041342843043371e-08, 0.0, 0.010724875767851267, 0.1178808798027017, 0.40003324650547173]
862688770205863937	[-5.581791216164217e-08, 0.0, 0.02147258768842774, 0.6113101439902928, 0.20778752031043587]	[2.2980780901596975e-08, 0.0, 0.014077211089636141, 0.15039885670420994, 0.08276034516945356]
86711514	[-3.733180673295588e-08, 1.9257790035925635e-10, 0.015223087751550549, 0.5542420790357802, 0.14540699370086418]	[2.6743253797511637e-08, 1.5576559858524859e-10, 0.01072499753032521, 0.1599485047775995, 0.03875995244881592]
875915736300040192	[-4.600253646625914e-08, 0.0, 0.03397279695967076, 0.5184752236905618, 0.3541042102614372]	[2.8144425611437615e-08, 0.0, 0.027478299022902327, 0.08091760647920186, 0.21658868938623999]
876224066759405568	[-4.3046370538985923e-08, 0.0, 0.03397239692115817, 0.564230253292184, 0.15718438488571532]	[3.34226462405299e-08, 0.0, 0.027478276308915153, 0.2038991125717027, 0.04226654432000516]
878977884999876610	[-2.7960934925726408e-08, 0.0, 0.00793154163808333, 0.4353182112063057, 0.36968058368410944]	[2.8132573957246423e-08, 0.0, 0.008176136648409734, 0.11429585755090267, 0.39318218427946633]
884586449831686145	[-2.6106741684489724e-08, 0.0, 0.011056463276040134, 0.433687310812015, 0.36584960754521184]	[2.773862906447819e-08, 0.0, 0.009253900189265614, 0.11610027033846816, 0.3816886632607022]
886794351459827713	[-2.28015799049923e-08, 0.0, 0.00793197571320139, 0.4465069164769896, 0.35865822948135684]	[2.5057400399329814e-08, 0.0, 0.00817634089875431, 0.10177415860973234, 0.37628008095144766]
890041069639016448	[-4.471867450967741e-08, 0.0, 0.015223133451031164, 0.4581299866914157, 0.2804351370219287]	[1.819864458811497e-08, 0.0, 0.010724976433079642, 0.14646070411590095, 0.13432933512937614]
890502281887612928	[-4.001648848105663e-08, 0.0, 0.015222895549609759, 0.44807354455490356, 0.23330883666934793]	[1.98364610638603e-08, 0.0, 0.010724982181154743, 0.14135413094383154, 0.11517562467987581]
892926801860677632	[-3.0379394179918106e-08, 0.0, 0.015224456657508911, 0.5329894841779231, 0.413561485554038]	[2.9636567526208978e-08, 0.0, 0.010724139212648197, 0.10825345760521782, 0.4379182105842521]
905719296134971392	[-3.982664396662564e-08, 0.0, 0.021472911838367543, 0.5356637759459819, 0.36558217450521036]	[1.7960749053659925e-08, 0.0, 0.014077137849527169, 0.07859456569598315, 0.24772425878379042]
909435307304607744	[-2.7676389370748145e-08, 0.0, 0.00793153933696604, 0.43711021431369196, 0.3687780859500255]	[2.704411352009638e-08, 0.0, 0.008176139166464147, 0.11541107327739827, 0.3848340220256922]
1631211283	[-1.9345563773555552e-08, 0.0, 0.007931748760826283, 0.39419028110983834, 0.20934752045486252]	[2.5021965220285204e-08, 0.0, 0.008176567672622726, 0.11183022547400265, 0.1167600963880045]
1653321740	[-3.942172966737911e-08, 0.0, 0.015223036242875984, 0.473270297027398, 0.40969805021534167]	[3.0403403393700176e-08, 0.0, 0.01072487577698581, 0.11630205806432264, 0.4139570445151074]
1664655710	[-3.981092968261159e-08, 0.0, 0.011056375192450325, 0.4699482177091315, 0.41667509285867005]	[2.2944938358877766e-08, 0.0, 0.00925388077849727, 0.10285937378061406, 0.4860332704471499]
1707513156	[-2.8027995855025603e-08, 0.0, 0.007931541537507327, 0.43456056498049517, 0.36760695151992817]	[2.8083251628974924e-08, 0.0, 0.00817613669898869, 0.11468852174768612, 0.38969094092831225]
179181381	[-4.1978100860807456e-08, 3.0338277356604466e-09, 0.021472891360580136, 0.5087621812013138, 0.16282667826602398]	[3.199784781542209e-08, 2.4538952411886373e-09, 0.014077103681958332, 0.19775244862942157, 0.0459800099727874]
