552278840	[-0.00016981124831062105, -0.00010084203012231569, 0.4487688595540389, 0.4652079601588651, 0.27943858400540805]	[0.0037508926680867726, 0.003567427130551238, 0.12531952115726483, 0.14958456277353682, 0.12666453471318292]
905719296134971392	[0.001896186834717776, 0.00193494496666563, 0.4824775657043323, 0.5356637759459819, 0.36558217450521036]	[0.005157041548386357, 0.004961571820534621, 0.164386599391824, 0.07859456569598315, 0.24772425878379042]
892926801860677632	[0.0039533871384965814, 0.003917430632847916, 0.3859804091474754, 0.532989484177923, 0.413561485554038]	[0.007182571357753939, 0.0069279749258065425, 0.24283092389691882, 0.1082534576052178, 0.4379182105842522]
532655237	[0.00330039149312031, 0.003245834176735842, 0.704492510153453, 0.4705009078143322, 0.4014035215586171]	[0.007220011196087369, 0.006999346727448222, 0.07459288141405918, 0.11788087980270172, 0.4000332465054718]
377925526	[0.0023256326380630423, 0.0023164395833758407, 0.6648375343549738, 0.4332457847842075, 0.2679641405094656]	[0.0040792169332620936, 0.003926280515293074, 0.22938082080079358, 0.1341801958918812, 0.16073863696158136]
890502281887612928	[0.0025787993487803194, 0.0025964595559004548, 1.1359458844520982, 0.44807354455490356, 0.23330883666934796]	[0.0038546186065849903, 0.003659045597593046, 0.49973720101522734, 0.1413541309438315, 0.11517562467987583]
3398737828	[-0.004661621636957912, -0.004388301289484298, 0.5050638019032876, 0.6485323366580836, 0.2555392602813791]	[0.0028229251640555374, 0.0026707341766161975, 0.13734253181969705, 0.12808925629531584, 0.14399153579300386]
3545097856	[0.00447494636492515, 0.004389710910718004, 0.6491474266630672, 0.4383263516929222, 0.3779751123408341]	[0.007301682506111687, 0.007091654105263033, 0.16041106465239893, 0.11274417824039873, 0.4071487496827178]
211577392	[-0.001147960258733945, -0.0008607988119133001, 2.3985476525762195, 0.5792952712596445, 0.17114435507520961]	[0.0032835613452729105, 0.003178417088598995, 1.5088265293837881, 0.15873161142908054, 0.04792147252628336]
743729451708481536	[2.391549379388892e-05, 0.00011326608828805189, 0.4440982500404217, 0.5138732820488122, 0.3322193441803396]	[0.003223619691563692, 0.00302137019680541, 0.12667334031277916, 0.08448407184956218, 0.18707157414332912]
1664655710	[0.003189586349683222, 0.0031329584156655696, 0.6653448981366992, 0.46994821770913153, 0.41667509285867005]	[0.007152906711133888, 0.006886457074461979, 0.23656331194613142, 0.10285937378061405, 0.4860332704471499]
751805919743315969	[8.162695983104462e-06, 6.792914703839244e-05, 0.4375368288291045, 0.4740828797366644, 0.29363704938665447]	[0.004090056180667668, 0.003862454309854558, 0.1297525746458438, 0.14967549385832454, 0.13644744847174659]
876224066759405568	[0.0009617303839051146, 0.0012421974024968826, 2.6579345939622945, 0.564230253292184, 0.15718438488571532]	[0.006508670229354735, 0.006365215042634576, 2.46680710556359, 0.2038991125717027, 0.04226654432000516]
909435307304607744	[0.004189430534067616, 0.004102401731094709, 0.6205428365214593, 0.437110214313692, 0.3687780859500255]	[0.007127094237335978, 0.006932369132311691, 0.1779894544354739, 0.11541107327739829, 0.3848340220256922]
222496251	[0.0038337347900211293, 0.0037215671715417685, 0.6872142517858462, 0.4747793955871479, 0.42676583901464904]	[0.007048075694559123, 0.006782542243377472, 0.24615960878114065, 0.10124629944117647, 0.4906579520127421]
54219545	[0.00017528668194576806, 0.00022970988822980745, 0.4368584296526807, 0.46875057817348237, 0.2832688885657487]	[0.004111291779734685, 0.003880508418198833, 0.13018060009511961, 0.15494812956954618, 0.12932095095215096]
1028440310	[0.00015531487313305556, 0.00036443408826255163, 0.39146772628954035, 0.4795538149158344, 0.1711463276559203]	[0.00225266646926044, 0.002145240270572084, 0.14727592348619528, 0.1039795789010871, 0.05428865791036169]
179181381	[0.0021624264532469923, 0.0024585068758613484, 1.4740206568228915, 0.5087621812013137, 0.16282667826602396]	[0.006179014289635032, 0.006019396276353238, 1.8652004476199977, 0.19775244862942154, 0.0459800099727874]
25816024	[7.752655678874067e-05, 0.0002508267120106029, 1.588296194406523, 0.5502612306921252, 0.12577561320380182]	[0.003314986550945868, 0.0031861845374551207, 2.19717570227229, 0.1650152262333439, 0.027367981250728493]
569257486	[-0.00027395361499032484, -5.815936841925112e-05, 0.8967740535094288, 0.5721253027026556, 0.15039012725840867]	[0.0038828003225192683, 0.0037277244413290935, 0.5300609109487074, 0.16830422810405732, 0.03713361722749393]
3356627800	[-0.0038511786773190457, -0.0036006422575028314, 0.5100921543625697, 0.5890597156516949, 0.18822136907512266]	[0.0018454195826518428, 0.0017564281744023326, 0.11725686602354436, 0.13546663725786645, 0.07230915814443874]
58429842	[2.012493666380847e-05, 0.0002316290121583157, 0.9753767390796483, 0.5485709296106573, 0.143333361536683]	[0.0036648284494096486, 0.0035358786827286645, 0.5419974129055796, 0.16444286498853325, 0.03591030881836078]
19590930	[-0.0012754756421701982, -0.000992534441105062, 1.4018281207796597, 0.6001496916411099, 0.17170904326683292]	[0.0030933712660390924, 0.002981960412895853, 1.8581968837156075, 0.1689390258410224, 0.05158320644937787]
245957521	[-0.0035848643837782523, -0.003383488222703907, 0.5995730565358564, 0.7319744781464969, 0.16974146290041475]	[0.0019389218261838558, 0.0018432352042010585, 0.04517865203124759, 0.11655492883627747, 0.06481161677378436]
20447568	[0.004259676864158418, 0.004185318656719081, 0.6492623694502142, 0.4330384616503449, 0.36345968719156596]	[0.007128665225993313, 0.0069271076842388245, 0.16036434284927964, 0.11547963236739717, 0.38270896232443957]
826067879879651329	[7.95344940969363e-05, 0.00013693172114798618, 0.4371738746086213, 0.47122024194050177, 0.28741615289411104]	[0.0040985928982703495, 0.003869623888838624, 0.12998144612722143, 0.15277473575233375, 0.13193932659623278]
1631211283	[0.003435934987240796, 0.0034730115343277416, 1.903625113694066, 0.39419028110983834, 0.2093475204548625]	[0.0036097412226780813, 0.0034869521452250986, 0.7103326180430836, 0.11183022547400265, 0.1167600963880045]
117754884	[1.9041570801533287e-05, 7.638345662219125e-05, 0.43747134913306135, 0.47122024194050177, 0.28741615289411104]	[0.004091304432531428, 0.003863290110633287, 0.1297937596225409, 0.15277473575233375, 0.13193932659623278]
3289816264	[0.003859810926694149, 0.003778116148373396, 0.6494618789276837, 0.4345605649804952, 0.36760695151992817]	[0.0068092028069830874, 0.006599403923910548, 0.16028419695891727, 0.11468852174768611, 0.38969094092831225]
714602578529665024	[0.0031843998894139523, 0.0031351789996356375, 0.7044950913018546, 0.4711963291436472, 0.4034771537227982]	[0.007126908322718887, 0.006910158290784541, 0.07459192957837187, 0.11748325602089345, 0.4035136882611226]
42401449	[-0.0009620712825312113, -0.0007420324331845532, 1.722548418279005, 0.5751607602044682, 0.1607872114961737]	[0.003381903421574217, 0.0032665290241465127, 2.356765777318456, 0.15937121771362742, 0.03940633408046583]
223782598	[0.003847021476302286, 0.003740486721879826, 0.6918780246797113, 0.47336613963892316, 0.42261633957188344]	[0.007241607555061488, 0.0069690773494506045, 0.2450145896843078, 0.10201295606910993, 0.48366145963350227]
786863976030220289	[0.003373531215431158, 0.0033166907558052987, 0.7044909055975366, 0.4698034201688436, 0.3993298893944359]	[0.007278767838884148, 0.007056461544608475, 0.07459347336498438, 0.11828047105867734, 0.3965531581029104]
1707513156	[0.004069052225467758, 0.0039965243968260395, 0.6493601878639286, 0.4345605649804952, 0.36760695151992817]	[0.006976516186967969, 0.006775151992112465, 0.16032523847678207, 0.11468852174768611, 0.38969094092831225]
359850032	[-0.0007849782286991668, -0.0005231488578957648, 1.1018668567402836, 0.6030808344023675, 0.1974193594895301]	[0.003102246797710033, 0.0030190473180454524, 0.46223170966935956, 0.16059651130485036, 0.07032220021923548]
2906686402	[0.000846880756318504, 0.0009146132908352189, 0.41044917510009543, 0.5130134004164261, 0.2955946521045271]	[0.0038233017231319726, 0.00367158802086987, 0.19274322112436768, 0.090104899148832, 0.14497760194794926]
2920256952	[0.0031974185612789886, 0.0031514852892818856, 0.7044948842821358, 0.47050090781433224, 0.40140352155861714]	[0.007138448072049776, 0.006923300704064519, 0.07459201174811486, 0.1178808798027017, 0.40003324650547173]
845781575170244610	[0.0016897168238356366, 0.0016613981839746388, 0.6276384820384922, 0.43888049133696694, 0.2521615125295649]	[0.004246910811647544, 0.004086676482633526, 0.2741355084605352, 0.16950570915453264, 0.11350245467466744]
857912957346471936	[0.004158216038788809, 0.004086602991775403, 0.6450594114532209, 0.43436129520779126, 0.3662180626310393]	[0.007064337753481421, 0.006863153552683896, 0.16253753009682934, 0.1149865636061817, 0.38617124549885423]
1274709210	[-0.00340184856426978, -0.0032161127172644815, 0.4795749222891723, 0.7079779097468986, 0.3111675272265558]	[0.0025335755512327124, 0.00236506737926967, 0.17070598841851764, 0.08954145880790468, 0.2265242673759764]
791162759228624896	[0.0031682520863948603, 0.0031288141311630055, 0.6475874912716975, 0.4689201131130135, 0.41961552176915573]	[0.007107853995837828, 0.006832122589076177, 0.2543510376463358, 0.10004543387911152, 0.4933851405819726]
142334501	[0.0015169847645233108, 0.0015319654518860775, 0.5511699967361543, 0.6245898438458475, 0.22215812614539227]	[0.003413983065319226, 0.0032069414444269536, 0.06107565043685855, 0.1771510270426483, 0.1214036338167796]
878977884999876610	[0.004121854472854985, 0.004050548753633952, 0.6493339714142827, 0.4353182112063057, 0.36968058368410944]	[0.007019080259439789, 0.006818631400724809, 0.16033595010469381, 0.11429585755090267, 0.39318218427946633]
741963075985760256	[0.0005090186724198043, 0.0005594702244640381, 0.633140282051132, 0.49893399816228357, 0.30410336432663143]	[0.0035142438689844536, 0.003301134713304719, 0.26917574885258083, 0.10262581243659957, 0.15189790412176696]
26203837	[0.0035283459867530777, 0.00345763401094753, 0.3129077580014098, 0.44807901397317523, 0.35869409230518134]	[0.006332282405641928, 0.006127834970443718, 0.1929207334832689, 0.1027092443346837, 0.3762275985260615]
36327895	[-0.0033665152286032323, -0.0031727295220952845, 0.5567113512078012, 0.6916506773665313, 0.1712682326793156]	[0.0018441547792593241, 0.001706489680844924, 0.043398142137298916, 0.10820965596147543, 0.04819367255675781]
222036996	[0.003374067876772217, 0.0033172868020574444, 0.7044908954438955, 0.4705009078143322, 0.4014035215586171]	[0.007279243909377062, 0.00705694200858026, 0.07459347735286662, 0.1178808798027017, 0.40003324650547173]
809247439383392257	[0.0032285779638858533, 0.003181130730310509, 0.7044941891847084, 0.46980342016884363, 0.399329889394436]	[0.007162653835284088, 0.006947194554988069, 0.07459226372831165, 0.11828047105867734, 0.3965531581029105]
422684232	[0.0033488786699691613, 0.0032571698965602612, 0.6914871598908813, 0.48138181478221775, 0.4374617364949402]	[0.007340699525685629, 0.007076460574625004, 0.2648398905328367, 0.0975026939189803, 0.4921017078591034]
388187529	[0.004132772644216277, 0.0040576417329484995, 0.6493264778584368, 0.4360736019894568, 0.37175421584829055]	[0.007027507341473153, 0.006824340116794445, 0.1603389526489724, 0.11390510370293878, 0.39667359103426886]
827106904245731328	[0.0015097799073394572, 0.001798044142288069, 2.4219959316837563, 0.5753635033628374, 0.17158208223475932]	[0.007275921614475927, 0.007102877104304549, 1.903379192695663, 0.1961749784788492, 0.05748240854467918]
86711514	[-9.736041144745754e-05, 0.00010679826253524437, 0.9690017358500154, 0.55424207903578, 0.14540699370086416]	[0.003607880966958177, 0.003476351327124353, 0.5425872395275788, 0.1599485047775995, 0.03875995244881592]
800434576350789632	[0.004219729984334151, 0.004145971698841383, 0.6428712296768329, 0.4351383041349483, 0.3662955937184531]	[0.0072546115934248616, 0.007044042534677247, 0.17466947265651128, 0.11454453295576603, 0.3815811850581347]
2368436134	[-0.004060290205757212, -0.003756224162020556, 0.49334605206170934, 0.727766485395465, 0.24885290807713173]	[0.0017899408931838486, 0.0016737164841551593, 0.11209243838065208, 0.09953384986292164, 0.12221979074163644]
2862964321	[-5.582379127317934e-05, 0.00013027603779593692, 0.9573681940403497, 0.5659238853247414, 0.14158156835096852]	[0.0034126412712914707, 0.0032851519416254023, 0.5160162222517343, 0.15948385732802023, 0.04094318470488449]
54851559	[0.0008256175197535183, 0.0008672429240833857, 0.376905431196907, 0.43273076339748384, 0.24556237445028511]	[0.003666182601421964, 0.0034729130978434853, 0.16164778437695596, 0.16216835539587998, 0.11092132796988781]
819581851903938562	[0.0032262969615855777, 0.00317848553436114, 0.7044942299631467, 0.46980342016884363, 0.3993298893944359]	[0.007160748854087406, 0.0069450625367483134, 0.07459224829776086, 0.11828047105867734, 0.3965531581029105]
777573276692451328	[0.00019520351769858904, 0.0005026956493809119, 2.403077739186541, 0.5509036005091149, 0.1605603236040697]	[0.0064927203071320225, 0.006363975320656269, 1.8962408615518898, 0.1887340065582907, 0.04479515187950762]
293013635	[0.004009220264782965, 0.003941299588093446, 0.6493929400979913, 0.4360736019894569, 0.3717542158482905]	[0.006930594173681028, 0.006730709363367941, 0.16031317826027822, 0.1139051037029388, 0.3966735910342688]
140101267	[-0.0012669974749439396, -0.001001469657018621, 2.4252149005128913, 0.5771041827429984, 0.1736557143989405]	[0.00513838419299369, 0.004938731778969765, 1.905923547005161, 0.19401099545395023, 0.058976080441483475]
560467206	[0.0014110339797853443, 0.0014875627288701268, 1.2605829520344327, 0.5105740776192469, 0.3074800401408512]	[0.004183864422476962, 0.004005151277016438, 0.5120632183777721, 0.09660931178323838, 0.15819360912782537]
862688770205863937	[-0.00128038203044699, -0.0010182489484712493, 1.1407617120360165, 0.6113101439902928, 0.20778752031043585]	[0.002714114618193703, 0.0026326412399424633, 0.4930052985803288, 0.15039885670420994, 0.08276034516945355]
474013625	[-0.0005243389684691926, -0.0001795738239710316, 0.5069290132855514, 0.4678985982492618, 0.17808838787022405]	[0.002152039096803818, 0.0021049067881912845, 0.17635815506095576, 0.07873590666541828, 0.05087086671041449]
801355099796803584	[0.004901528946212321, 0.004913942225839818, 1.5090333497017598, 0.36759586193367105, 0.2050818574947803]	[0.004709735404642929, 0.004552758339670617, 0.6520063015996337, 0.1404796661134615, 0.09330245637930502]
39475170	[-0.004288294180872049, -0.003979647727292746, 0.501703643470313, 0.7310947259461495, 0.2645965933941197]	[0.001980271144328721, 0.0018624263061810832, 0.11829940419516655, 0.08667057792841895, 0.1417156363218142]
21422783	[-0.0027920549657668575, -0.002560206921513498, 0.5991493722315573, 0.7289213572569777, 0.3347781369123891]	[0.004052694399399879, 0.0038777813725651054, 0.06849837138815365, 0.10152221574328958, 0.259467505273337]
875915736300040192	[0.0020193445020714553, 0.0020687312258095935, 0.41547939087410324, 0.5184752236905616, 0.3541042102614372]	[0.00615215343838128, 0.005895268641324295, 0.12947276984884795, 0.08091760647920186, 0.21658868938623999]
192463771	[0.0019409529184693443, 0.001985126113969247, 0.48753988394596093, 0.5361901164959537, 0.3654291132807206]	[0.005184771011762997, 0.004987323817324045, 0.15728216539060944, 0.07832333665639507, 0.24781275939782899]
802492036268126208	[0.0019104553177422578, 0.001952930427449694, 0.4824296587197294, 0.5382790320532103, 0.3697294388335727]	[0.0051613036619705755, 0.004965580566866786, 0.16443528869643756, 0.07785662131006961, 0.2537717625662347]
154172528	[0.00405842816227483, 0.003986910481962862, 0.6493661011424225, 0.43456056498049517, 0.36760695151992817]	[0.006968265934449112, 0.006767414899748152, 0.16032301033189872, 0.11468852174768612, 0.38969094092831225]
884586449831686145	[0.00461960305132932, 0.004518916767626467, 0.6225392353877511, 0.433687310812015, 0.3658496075452118]	[0.00714636319081879, 0.006947171383673844, 0.2046945162226699, 0.11610027033846816, 0.3816886632607021]
704221216912105473	[0.0005692517034951515, 0.0008843688068897152, 2.422014060272267, 0.5718175890520125, 0.16743481790639703]	[0.0065325506659894535, 0.0063889342589777765, 1.9034165017756062, 0.20061634913227722, 0.05504404905187602]
465965880	[-0.0005021333973456437, -0.00026454907378470143, 1.3401050786687025, 0.5385837915284262, 0.1611781078666655]	[0.00447395965543251, 0.004316087223476303, 1.5212874979363744, 0.178161677798287, 0.04739721909440993]
1156991923	[0.002653854895030856, 0.0026608270185749586, 0.4308249699391354, 0.5005963922933175, 0.2852282580369483]	[0.006027839403824124, 0.0057997711908044595, 0.12444194112012368, 0.09096226837171754, 0.13780460301857145]
288567673	[0.004216653427005686, 0.004142620408522465, 0.6327738107554162, 0.43348395110065774, 0.3637527740701778]	[0.0070846291441646145, 0.006882972543209784, 0.16006135096626292, 0.11578185030963249, 0.3825586510272543]
2173684107	[-0.0001627702752004852, -7.002019831831978e-05, 0.4892318846431558, 0.4077252671738221, 0.18224878767944952]	[0.0030291889129362465, 0.002905044995630736, 0.12290417284893924, 0.19321209982779028, 0.05554463785067372]
2413215217	[-0.001180962202180451, -0.0008884156116374495, 2.3808936880775686, 0.5883309490172987, 0.17536688159656647]	[0.003203418685167722, 0.0030973821833042794, 1.5197136062430696, 0.14108118018708038, 0.05944922523040893]
3292722958	[0.0032297845631966736, 0.0031795911132875975, 0.7044941050919911, 0.4698034201688436, 0.399329889394436]	[0.007163309432424645, 0.006945953628747182, 0.07459229309059263, 0.11828047105867733, 0.3965531581029105]
474708096	[0.0044006351340456495, 0.004409033159869348, 1.4170699369967488, 0.3748404408596583, 0.21190861068042643]	[0.0038561953177437035, 0.003692963227522379, 0.7988762970109606, 0.13632950288859005, 0.10025402546968464]
311380778	[0.0006313676502324955, 0.0006841966973557033, 0.4810336303981223, 0.5124436605851724, 0.36102789587405903]	[0.0036064928937560967, 0.003385852787277029, 0.13171530455023914, 0.07323392750879157, 0.25434562962812657]
22900494	[0.0030853409578837218, 0.0030500489180508355, 0.4803166208785494, 0.45341399075169597, 0.3698903674835651]	[0.006919429689764815, 0.00669940867048059, 0.13234542601683671, 0.11706685353475842, 0.38056633198770357]
860264322311659520	[0.0032599285610735414, 0.0032040871240169785, 0.7044933436486157, 0.4705009078143322, 0.4014035215586171]	[0.0071883502268710675, 0.006965697518212506, 0.07459257851872644, 0.1178808798027017, 0.40003324650547173]
890041069639016448	[0.00044511026170587857, 0.0004889308193390522, 0.387770977621691, 0.4581299866914157, 0.2804351370219287]	[0.003990298755021625, 0.003777191136057973, 0.18870130525807344, 0.14646070411590095, 0.13432933512937614]
4376048613	[-0.0006913009181453076, -0.00042574990750844654, 1.5520105244343843, 0.56092361609224, 0.16176036574852892]	[0.0019577884103484855, 0.001911792168765579, 0.6910492410586048, 0.1272752084648613, 0.04071861608271283]
1653321740	[0.0030925569996345416, 0.003042789088912634, 0.7044970335421209, 0.47327029702739803, 0.40969805021534167]	[0.007053053318943275, 0.006835698014791342, 0.07459121268546179, 0.11630205806432264, 0.4139570445151074]
1143130812	[0.0034860080203260443, 0.003424703124003621, 0.3218839245997653, 0.4496932525521688, 0.3628413566335436]	[0.006301563004614691, 0.006101440362086517, 0.1879499809649245, 0.10188986218496411, 0.3832077534241626]
37105136	[0.001823281281891418, 0.0018469003547467674, 0.4402330209841697, 0.4847829523603137, 0.24677597926203174]	[0.00385508203254022, 0.0036997519904873226, 0.15200052451348814, 0.11335558195176781, 0.10842979174411412]
756914316566224896	[-0.0051507843084168375, -0.0046982619869151525, 0.5094534903810517, 0.7142535332820993, 0.2884226248869097]	[0.0011782098281731893, 0.001154196597646285, 0.10652786563234326, 0.11760444498845463, 0.17692345449828742]
818479808837455873	[-0.002768242796897499, -0.002553365490784396, 0.5216128102652927, 0.6811638779858856, 0.23810423197506125]	[0.0040596764960143, 0.003900680379836365, 0.13002245318903138, 0.15400393955648878, 0.10594429693864073]
1005305156	[0.0032317193701265953, 0.003180699796092556, 0.7044940463555823, 0.4698034201688436, 0.3993298893944359]	[0.007164836146667574, 0.006946847223272013, 0.07459231462008081, 0.11828047105867734, 0.3965531581029104]
11985982	[-0.0026186863054708538, -0.002451659573197168, 0.5826416369308252, 0.701018478225751, 0.13756786694182044]	[0.0024385685787387977, 0.0022867363234918506, 0.04617818388607658, 0.06217713961161134, 0.037447037925023054]
849608792098705408	[0.0007810251161591052, 0.0008593949241584753, 0.44255297881406874, 0.5143250000381487, 0.2957535319831526]	[0.0037260899511512556, 0.0035726423302402193, 0.1932135480157039, 0.09017495240625953, 0.14507524257319404]
847424832400629760	[-0.0006157306463608016, -0.0003540918125663525, 1.111402064497884, 0.6159709967433814, 0.21400841680297933]	[0.003235590327787484, 0.003151793295049086, 0.46977087867634537, 0.14481908220356718, 0.09102636331721663]
562662319	[0.00320802930518042, 0.0031563866782771863, 0.7044945370862172, 0.4705009078143322, 0.4014035215586171]	[0.007145792431856162, 0.006927251121279624, 0.0745921335292799, 0.1178808798027017, 0.40003324650547173]
3372055939	[0.003675792567983569, 0.0036014303835353047, 0.6495591361823331, 0.4360736019894569, 0.37175421584829055]	[0.006662133271629486, 0.006457265323316823, 0.16024526059642122, 0.1139051037029388, 0.39667359103426886]
886794351459827713	[0.003966895470992863, 0.0038676867624583117, 0.30049765854528304, 0.4465069164769896, 0.35865822948135684]	[0.006282197007375377, 0.00608860945471984, 0.20442212217751554, 0.10177415860973234, 0.37628008095144766]
817189988462800896	[0.003250727085293154, 0.0031995188747789283, 0.7044936379698841, 0.4760072705915894, 0.4179925788720663]	[0.00718021333845368, 0.006962015459791412, 0.0745924658572497, 0.1147538841267924, 0.4278859500320124]
3664826895	[0.004209123214857232, 0.004135262426783116, 0.6492883169917256, 0.4345605649804952, 0.3676069515199283]	[0.0070884275882076506, 0.006886815469223822, 0.16035402853329167, 0.11468852174768612, 0.3896909409283123]
65375944	[0.003820789993963308, 0.0038095966175264373, 0.4065431701165966, 0.5346418268738925, 0.41646999415510494]	[0.007270331964239319, 0.007001064252937176, 0.22410702413897807, 0.10791839352487628, 0.43694441279187896]
80172249	[0.0032296892594579204, 0.003180058405770198, 0.7044941190882409, 0.46980342016884363, 0.3993298893944359]	[0.007163263823477889, 0.006946330264780568, 0.07459228808733792, 0.11828047105867734, 0.3965531581029105]
