192463771	[0.006397402845090239, 0.006396048180158761, 0.2456193060788166, 0.5361901164959537, 0.36542911328072053]	[0.005817150243617924, 0.005817490149701432, 0.03619166821387599, 0.07832333665639506, 0.24781275939782893]
19590930	[0.003424516734134778, 0.0034241970401178486, 0.18605372966675893, 0.60014969164111, 0.17170904326683292]	[0.002011930769667445, 0.002011822380817475, 0.04770855697183287, 0.1689390258410224, 0.05158320644937787]
20447568	[-0.004927552650912457, -0.004929085335068396, 0.18646784387637377, 0.4330384616503449, 0.36345968719156596]	[0.005638519920959241, 0.005638460161451677, 0.03484235236971534, 0.11547963236739717, 0.38270896232443957]
211577392	[0.001989742054601416, 0.0019895475447301507, 0.1886891120296064, 0.5792952712596445, 0.17114435507520961]	[0.0023078838119554327, 0.0023079039536454144, 0.05329461853743634, 0.15873161142908054, 0.04792147252628336]
21422783	[0.004675415765197339, 0.004248763089793642, 0.23750326649475612, 0.7289213572569777, 0.33477813691238917]	[0.004682881745250374, 0.004588116422837455, 0.053278712996373476, 0.10152221574328958, 0.259467505273337]
2173684107	[-0.007347109117943672, -0.007462581609834317, 0.18865534757519067, 0.40772526717382207, 0.18224878767944952]	[0.009647140751325166, 0.009561310626913119, 0.08241961462937814, 0.19321209982779025, 0.05554463785067372]
222036996	[-0.0025283918554855284, -0.0026491590616740442, 0.23382869154236904, 0.4705009078143322, 0.4014035215586171]	[0.005363373251637037, 0.005275856858059472, 0.04211263669596442, 0.1178808798027017, 0.40003324650547173]
222496251	[-0.004381236721847162, -0.004438498792126931, 0.24477248892946357, 0.47477939558714793, 0.4267658390146491]	[0.005615236132113224, 0.005559303681506296, 0.027279660840651147, 0.10124629944117645, 0.49065795201274215]
223782598	[-0.004381285026922057, -0.0044385137310858575, 0.24279894096131624, 0.4733661396389231, 0.42261633957188344]	[0.0056152064219912815, 0.005559293861180772, 0.0279794940007368, 0.10201295606910993, 0.48366145963350227]
22900494	[-0.004927414755845508, -0.0049290321752320145, 0.18689664121467464, 0.45341399075169597, 0.3698903674835651]	[0.005638546198179512, 0.005638473609040792, 0.0359055409375859, 0.11706685353475842, 0.38056633198770357]
2368436134	[0.004669759455367772, 0.004613885091770376, 0.19272701333034903, 0.727766485395465, 0.24885290807713173]	[0.0026705074451530975, 0.002668702518811128, 0.07588856996543962, 0.09953384986292164, 0.12221979074163644]
2413215217	[0.001961063600721234, 0.0019608779701677094, 0.18165127490216926, 0.5883309490172987, 0.17536688159656647]	[0.0022666809744306495, 0.002266705823578693, 0.05098698012700901, 0.14108118018708038, 0.05944922523040893]
245957521	[0.0012285728948806926, 0.0011728551754916835, 0.16999556115994913, 0.7319744781464969, 0.16974146290041475]	[0.002920756938872993, 0.0029205303923132246, 0.07578122825192052, 0.11655492883627747, 0.06481161677378436]
1143130812	[-0.004927560927365063, -0.004929155412982456, 0.1794691609333486, 0.4496932525521688, 0.3628413566335436]	[0.005638411408727215, 0.005638354878466529, 0.03460079792301375, 0.10188986218496413, 0.3832077534241626]
25816024	[0.0021761226544305175, 0.0021759733436248147, 0.17332982299059646, 0.5502612306921252, 0.12577561320380182]	[0.002057303273167433, 0.0020573212761136068, 0.04728443693304482, 0.1650152262333439, 0.027367981250728493]
26203837	[-0.004927560927365063, -0.004929155412982456, 0.1794691609333486, 0.44807901397317523, 0.3586940923051814]	[0.005638411408727215, 0.005638354878466529, 0.03460079792301375, 0.1027092443346837, 0.37622759852606147]
1156991923	[0.0011298358101439925, 0.0010728513923892794, 0.18916614916747065, 0.5005963922933175, 0.2852282580369483]	[0.003704367908590069, 0.0037020939404241904, 0.05099482842438535, 0.09096226837171754, 0.13780460301857145]
117754884	[-0.0070945013600506234, -0.007128759368955038, 0.23301669315782012, 0.4712202419405018, 0.28741615289411104]	[0.010770237883603788, 0.010748757960901075, 0.04273906975586202, 0.1527747357523337, 0.13193932659623278]
2862964321	[0.0022047893693015507, 0.002204640059611785, 0.18122208594379752, 0.5659238853247414, 0.14158156835096852]	[0.002101097150550478, 0.0021011161856712823, 0.05507944610957531, 0.15948385732802023, 0.04094318470488449]
11985982	[0.0022450101006025514, 0.0022448958306755026, 0.14590333158452914, 0.7010184782257509, 0.13756786694182044]	[0.002881857147551746, 0.0028818820698919387, 0.08604369152542159, 0.06217713961161134, 0.037447037925023054]
288567673	[-0.004927552650912457, -0.004929085335068396, 0.18646784387637377, 0.43348395110065774, 0.3637527740701778]	[0.005638519920959241, 0.005638460161451677, 0.03484235236971534, 0.1157818503096325, 0.3825586510272543]
2906686402	[0.0001318413168468253, 7.50064245195062e-05, 0.2031150584310734, 0.5130134004164261, 0.29559465210452707]	[0.0030513550079544517, 0.003029245007393661, 0.06072862162297536, 0.090104899148832, 0.14497760194794926]
2920256952	[-0.0025283918554855284, -0.0026491590616740442, 0.23382869154236904, 0.4705009078143322, 0.4014035215586171]	[0.005363373251637038, 0.005275856858059472, 0.04211263669596442, 0.1178808798027017, 0.40003324650547173]
293013635	[-0.004927552650912457, -0.004929085335068396, 0.18646784387637377, 0.4360736019894568, 0.37175421584829055]	[0.005638519920959241, 0.005638460161451677, 0.03484235236971534, 0.11390510370293878, 0.39667359103426886]
311380778	[0.000845553792896054, 0.0008446456040720469, 0.2648805758579891, 0.5124436605851724, 0.3610278958740591]	[0.0072298656043609895, 0.007230209710970223, 0.05071023736017028, 0.07323392750879157, 0.25434562962812657]
3289816264	[-0.010638186150615127, -0.01075093289161438, 0.21959684765272747, 0.43456056498049517, 0.36760695151992817]	[0.007709339272100196, 0.007613609143838112, 0.044807626823096906, 0.11468852174768612, 0.38969094092831225]
3292722958	[-0.0025283918554855284, -0.0026491590616740442, 0.23382869154236904, 0.4698034201688436, 0.3993298893944359]	[0.005363373251637037, 0.005275856858059472, 0.04211263669596442, 0.11828047105867734, 0.3965531581029104]
3356627800	[0.0008747632540712023, 0.0008415123871020044, 0.24662437882585328, 0.589059715651695, 0.18822136907512266]	[0.0031498785821431007, 0.003161241061910514, 0.030987055252416695, 0.13546663725786645, 0.07230915814443875]
3372055939	[-0.004928088547923611, -0.004929421610357568, 0.2204409472697625, 0.4360736019894568, 0.37175421584829055]	[0.00563852391582278, 0.005638480658275934, 0.045256132871403024, 0.11390510370293878, 0.39667359103426886]
3398737828	[-0.0010753429081565586, -0.0016768343664254385, 0.24530890712443493, 0.6485323366580836, 0.255539260281379]	[0.0046133716840682844, 0.0045849980219613146, 0.07635541984993283, 0.12808925629531584, 0.1439915357930039]
1274709210	[0.009283742918570483, 0.008519516259189498, 0.24405967525022318, 0.7079779097468986, 0.3111675272265558]	[0.007033695212213878, 0.006885194392440114, 0.037236872353655914, 0.08954145880790468, 0.2265242673759764]
3545097856	[-0.004927552650912457, -0.004929085335068396, 0.18646784387637982, 0.4383263516929223, 0.3779751123408341]	[0.005638519920959241, 0.005638460161451677, 0.03484235236971554, 0.11274417824039873, 0.4071487496827178]
359850032	[0.0029941049463526504, 0.0029382320314170853, 0.17319475502116574, 0.6030808344023675, 0.1974193594895301]	[0.0022430087748017725, 0.002286055852920073, 0.0782752706482627, 0.16059651130485036, 0.07032220021923548]
36327895	[0.0035151508809951725, 0.003459390922027818, 0.1719067258044461, 0.6916506773665312, 0.1712682326793156]	[0.004404942992981748, 0.004433642527761985, 0.07835612692597907, 0.10820965596147543, 0.04819367255675781]
3664826895	[-0.004927552650912457, -0.004929085335068396, 0.18646784387637377, 0.43456056498049517, 0.36760695151992817]	[0.005638519920959241, 0.005638460161451678, 0.03484235236971534, 0.11468852174768612, 0.38969094092831225]
37105136	[0.000972271533551287, 0.0009709269293093429, 0.16230022693370594, 0.4847829523603137, 0.24677597926203174]	[0.002656445201576979, 0.0026564327858780087, 0.080192978051342, 0.11335558195176781, 0.10842979174411412]
377925526	[-0.004941772982956234, -0.004942799504220926, 0.15785390062517696, 0.43324578478420744, 0.2679641405094656]	[0.005626006256280221, 0.005626329619770202, 0.06935412919466047, 0.1341801958918812, 0.16073863696158136]
1028440310	[-0.003572765987645675, -0.003573510558003591, 0.08890041007271621, 0.47955381491583443, 0.1711463276559203]	[0.0039540467096883065, 0.003954356420620706, 0.06475723782429842, 0.1039795789010871, 0.05428865791036169]
388187529	[-0.004927552650912458, -0.004929085335068396, 0.2204834889397348, 0.4360736019894568, 0.37175421584829055]	[0.005638519920959242, 0.005638460161451677, 0.04527812138294443, 0.11390510370293878, 0.39667359103426886]
39475170	[0.0042687378695032835, 0.004212863505905821, 0.19861669630703668, 0.7310947259461497, 0.2645965933941197]	[0.002902785285786778, 0.0029601945794104165, 0.07627540942649733, 0.08667057792841895, 0.1417156363218142]
422684232	[-0.0033755274925762356, -0.003432745916674972, 0.2492857883085054, 0.48138181478221775, 0.4374617364949402]	[0.005067819250874809, 0.005017039893753977, 0.026440455421603032, 0.0975026939189803, 0.4921017078591034]
42401449	[0.0026456436395274146, 0.0026455127963499452, 0.21825397262738652, 0.5751607602044682, 0.16078721149617364]	[0.0028160781186462275, 0.0028161118571851124, 0.046767712307148046, 0.15937121771362742, 0.03940633408046583]
4376048613	[0.0010835296818786607, 0.0010833939906046682, 0.24133398662138822, 0.56092361609224, 0.16176036574852892]	[0.0022977806513334934, 0.0022977850737598646, 0.04865931852497011, 0.1272752084648613, 0.04071861608271283]
465965880	[0.0012953129271167769, 0.0012950907864374471, 0.2734857758176454, 0.5385837915284262, 0.16117810786666553]	[0.0030652131737636708, 0.0030653076044881065, 0.03317858941563927, 0.178161677798287, 0.047397219094409936]
474013625	[-0.002943316668960965, -0.00294406919932989, 0.10345620999363703, 0.4678985982492618, 0.17808838787022405]	[0.0038439571001351704, 0.0038442482813318755, 0.07130499806240953, 0.07873590666541828, 0.05087086671041449]
474708096	[-0.00031617774167090585, -0.00031732775402022777, 0.15411040270329865, 0.3748404408596583, 0.2119086106804264]	[0.0018672064605835188, 0.0018672806766825297, 0.07321978772770182, 0.13632950288859005, 0.10025402546968464]
532655237	[-0.0025283918554855284, -0.0026491590616740442, 0.23382869154236904, 0.4705009078143322, 0.4014035215586171]	[0.005363373251637037, 0.005275856858059472, 0.04211263669596442, 0.1178808798027017, 0.40003324650547173]
54219545	[-0.0070945013600506234, -0.007128759368955038, 0.23301669315782014, 0.4687505781734824, 0.2832688885657487]	[0.010770237883603788, 0.010748757960901075, 0.04273906975586204, 0.15494812956954615, 0.129320950952151]
54851559	[-0.007442990614188911, -0.007514810505961606, 0.23472464657945194, 0.43273076339748384, 0.2455623744502851]	[0.009564193752123421, 0.009510261058017187, 0.04153576394547428, 0.16216835539587995, 0.11092132796988782]
552278840	[-0.007193366297694615, -0.007194669326985918, 0.2166195475751373, 0.4652079601588651, 0.27943858400540805]	[0.010708822233621601, 0.010708480187605111, 0.04724771967414224, 0.14958456277353682, 0.12666453471318292]
560467206	[0.0013875486639079431, 0.0013862057125489367, 0.22870175416430913, 0.5105740776192469, 0.30748004014085123]	[0.00371157752686155, 0.003711268075642214, 0.06705310719892589, 0.09660931178323838, 0.15819360912782537]
562662319	[-0.0025283918554855284, -0.0026491590616740442, 0.23382869154236904, 0.4705009078143322, 0.4014035215586171]	[0.005363373251637037, 0.005275856858059472, 0.04211263669596442, 0.1178808798027017, 0.40003324650547173]
569257486	[0.003271919265158448, 0.0032717105446308154, 0.21144773057260693, 0.5721253027026556, 0.15039012725840864]	[0.0028582183115718964, 0.0028582819342336226, 0.0433341916608604, 0.16830422810405732, 0.03713361722749392]
58429842	[0.0017257639332327805, 0.0017256568688689196, 0.19776746878918716, 0.5485709296106573, 0.143333361536683]	[0.0022790437564381813, 0.002279078004864523, 0.036267529750199395, 0.16444286498853322, 0.03591030881836077]
140101267	[0.01237742550341635, 0.012444974093573969, 0.21530490676449482, 0.5771041827429984, 0.17365571439894054]	[0.006398538474754675, 0.00645160460957608, 0.02628081246046554, 0.19401099545395023, 0.05897608044148347]
65375944	[0.00039818906872986204, 0.0003963352959742121, 0.22335524978050103, 0.5346418268738925, 0.416469994155105]	[0.002542408661134691, 0.0025424706805081297, 0.0389152675468324, 0.10791839352487628, 0.43694441279187896]
704221216912105473	[0.0034210840350345794, 0.0034206917913265087, 0.21526774126581727, 0.5718175890520125, 0.16743481790639703]	[0.0020353681318411904, 0.002035357664925811, 0.02629149875761956, 0.20061634913227722, 0.05504404905187602]
714602578529665024	[-0.0025283918554855284, -0.0026491590616740442, 0.23382869154236904, 0.4711963291436473, 0.4034771537227982]	[0.005363373251637037, 0.005275856858059471, 0.04211263669596441, 0.11748325602089345, 0.4035136882611226]
142334501	[0.001435975298324505, 0.001434691278987403, 0.1657522077893184, 0.6245898438458474, 0.2221581261453923]	[0.0026563462668474087, 0.00265633665527826, 0.06659091748426599, 0.17715102704264832, 0.1214036338167796]
1005305156	[-0.0025283918554855284, -0.0026491590616740442, 0.23382869154236904, 0.4698034201688436, 0.3993298893944359]	[0.005363373251637037, 0.005275856858059471, 0.04211263669596441, 0.11828047105867734, 0.3965531581029104]
741963075985760256	[-0.003058824460399421, -0.003179190010908858, 0.21534722627700578, 0.49893399816228357, 0.30410336432663143]	[0.005297722400078302, 0.00519706913573479, 0.0624269185480727, 0.10262581243659957, 0.15189790412176696]
743729451708481536	[-0.0036795773973319827, -0.0036808397650792218, 0.20277447279674396, 0.5138732820488122, 0.3322193441803396]	[0.00484695279282514, 0.004847162990538701, 0.06275633316156767, 0.08448407184956218, 0.18707157414332912]
751805919743315969	[-0.0070945013600506234, -0.007128759368955038, 0.23301669315782014, 0.4740828797366644, 0.29363704938665447]	[0.010770237883603788, 0.010748757960901075, 0.04273906975586204, 0.14967549385832452, 0.13644744847174659]
756914316566224896	[0.004590714556628911, 0.00447117205882646, 0.24975893230654597, 0.7142535332820993, 0.2884226248869097]	[0.0029057869780087955, 0.002949967336995545, 0.029775692113116533, 0.11760444498845463, 0.17692345449828742]
777573276692451328	[0.0021834239534581816, 0.002127672879031094, 0.18459015095084114, 0.550903600509115, 0.1605603236040697]	[0.002787321289496619, 0.0028039180067934363, 0.047750845274876545, 0.1887340065582907, 0.04479515187950762]
786863976030220289	[-0.0025283918554855284, -0.0026491590616740442, 0.23382869154236904, 0.4698034201688436, 0.3993298893944359]	[0.005363373251637037, 0.005275856858059472, 0.04211263669596442, 0.11828047105867734, 0.3965531581029104]
791162759228624896	[-0.005464037885061701, -0.00546558480887141, 0.20763165775364906, 0.4689201131130134, 0.4196155217691558]	[0.00533587991128429, 0.005335991745553944, 0.04839044818569021, 0.10004543387911152, 0.49338514058197264]
800434576350789632	[-0.004162760576113052, -0.004164293259773383, 0.20499840396294886, 0.4351383041349483, 0.3662955937184531]	[0.005573661998915159, 0.005573685434050298, 0.04145812883534685, 0.11454453295576604, 0.3815811850581347]
801355099796803584	[-0.00030618895862847607, -0.00030732684717860056, 0.1530227301102953, 0.36759586193367105, 0.2050818574947803]	[0.0018626670848858255, 0.0018627345569314378, 0.07362563354016655, 0.14047966611346147, 0.09330245637930502]
80172249	[-0.0025283918554855284, -0.0026491590616740442, 0.23382869154236904, 0.4698034201688436, 0.3993298893944359]	[0.005363373251637037, 0.005275856858059472, 0.04211263669596442, 0.11828047105867734, 0.3965531581029104]
802492036268126208	[0.006397402858233026, 0.00639604818764362, 0.27860345372208933, 0.5382790320532103, 0.3697294388335727]	[0.005817150251646638, 0.005817490155643934, 0.02263531680736478, 0.07785662131006961, 0.2537717625662347]
809247439383392257	[-0.0025283918554855284, -0.0026491590616740442, 0.23382869154236904, 0.4698034201688436, 0.3993298893944359]	[0.005363373251637037, 0.005275856858059472, 0.04211263669596443, 0.11828047105867734, 0.3965531581029104]
817189988462800896	[-0.0025283918554855284, -0.0026491590616740442, 0.23382869154236904, 0.4760072705915894, 0.4179925788720663]	[0.005363373251637037, 0.005275856858059472, 0.04211263669596443, 0.1147538841267924, 0.4278859500320124]
818479808837455873	[0.0019970166723639678, 0.0018775953687351547, 0.2270937326882112, 0.6811638779858857, 0.23810423197506128]	[0.0035044821626558625, 0.0035258371941961123, 0.042786225078152905, 0.15400393955648875, 0.10594429693864071]
819581851903938562	[-0.0025283918554855284, -0.0026491590616740442, 0.23382869154236904, 0.4698034201688436, 0.3993298893944359]	[0.005363373251637037, 0.005275856858059472, 0.04211263669596442, 0.11828047105867734, 0.3965531581029104]
826067879879651329	[-0.0070945013600506234, -0.007128759368955038, 0.23301669315782014, 0.4712202419405018, 0.28741615289411104]	[0.010770237883603788, 0.010748757960901075, 0.04273906975586204, 0.1527747357523337, 0.13193932659623278]
827106904245731328	[0.005643410005638458, 0.005694025036042728, 0.21527682030550754, 0.5753635033628374, 0.17158208223475935]	[0.0018663548854510222, 0.0018825364503305855, 0.026288885846188482, 0.1961749784788492, 0.057482408544679175]
845781575170244610	[-0.003520045707856905, -0.0036403688067183785, 0.20754547880801874, 0.43888049133696694, 0.2521615125295649]	[0.006025527551448283, 0.005928184145136731, 0.09473461085764709, 0.16950570915453264, 0.11350245467466744]
847424832400629760	[0.0029941049463526504, 0.0029382320314170853, 0.17319475502116574, 0.6159709967433814, 0.21400841680297933]	[0.0022430087748017725, 0.002286055852920073, 0.0782752706482627, 0.14481908220356718, 0.09102636331721663]
849608792098705408	[0.001422980187718054, 0.0012284516657273892, 0.22719630132926855, 0.5143250000381487, 0.2957535319831526]	[0.003593180570564687, 0.003485934738439405, 0.07516429897518086, 0.09017495240625953, 0.14507524257319404]
857912957346471936	[-0.004927552650912457, -0.004929085335068396, 0.18646784387637377, 0.4343612952077913, 0.3662180626310393]	[0.005638519920959241, 0.005638460161451677, 0.03484235236971534, 0.1149865636061817, 0.38617124549885423]
154172528	[-0.004927552650912457, -0.004929085335068396, 0.1864678438390123, 0.43456056498049517, 0.36760695151992817]	[0.005638519920959241, 0.005638460161451677, 0.034842352368468055, 0.11468852174768612, 0.38969094092831225]
860264322311659520	[-0.0025283918554855284, -0.0026491590616740442, 0.23382869154236904, 0.4705009078143322, 0.4014035215586171]	[0.005363373251637037, 0.005275856858059472, 0.04211263669596443, 0.1178808798027017, 0.40003324650547173]
862688770205863937	[0.0029941170684514933, 0.0029382441535159283, 0.2071683542749843, 0.6113101439902928, 0.20778752031043587]	[0.00224300357411232, 0.0022860509370195487, 0.05308042027911767, 0.15039885670420994, 0.08276034516945356]
86711514	[0.0017257638850765502, 0.0017256568207126895, 0.23174068307514106, 0.5542420790357802, 0.14540699370086418]	[0.0022790437619833186, 0.002279078010408325, 0.017968668330186018, 0.1599485047775995, 0.03875995244881592]
875915736300040192	[0.0007434924854682167, 0.0007421387564381311, 0.24689156304802268, 0.5184752236905618, 0.3541042102614372]	[0.004543900344361107, 0.004543528748210322, 0.021172860129910275, 0.08091760647920186, 0.21658868938623999]
876224066759405568	[0.00342066955128308, 0.00342050532272234, 0.16715721598667826, 0.564230253292184, 0.15718438488571532]	[0.002035412700187027, 0.002035392414092897, 0.04097633519150477, 0.2038991125717027, 0.04226654432000516]
878977884999876610	[-0.004927552650912457, -0.004929085335068396, 0.18646784387637377, 0.4353182112063057, 0.36968058368410944]	[0.005638519920959241, 0.005638460161451677, 0.03484235236971534, 0.11429585755090267, 0.39318218427946633]
884586449831686145	[-0.004919431612180932, -0.004920964295315624, 0.1972910988974445, 0.433687310812015, 0.36584960754521184]	[0.005646313194922087, 0.005646253798043481, 0.028442138715245556, 0.11610027033846816, 0.3816886632607022]
886794351459827713	[-0.004888367063416384, -0.004890025194683982, 0.18759850225102584, 0.4465069164769896, 0.35865822948135684]	[0.005629239975127356, 0.005629220363111647, 0.03183859101683471, 0.10177415860973234, 0.37628008095144766]
890041069639016448	[-0.007987394463798026, -0.008059257564714779, 0.22947727161353274, 0.4581299866914157, 0.2804351370219287]	[0.010773025714844146, 0.010721496999466241, 0.048123736830899086, 0.14646070411590095, 0.13432933512937614]
890502281887612928	[-0.0073651216740580295, -0.007421984124065722, 0.1980666953125008, 0.44807354455490356, 0.23330883666934793]	[0.009644512854822353, 0.009594423721255591, 0.06549112151991705, 0.14135413094383154, 0.11517562467987581]
892926801860677632	[0.0004217340686587942, 0.00041984229919195325, 0.20121308367867655, 0.5329894841779231, 0.413561485554038]	[0.002582596334973851, 0.0025826040862606996, 0.049898108238308744, 0.10825345760521782, 0.4379182105842521]
905719296134971392	[0.006397402845090157, 0.0063960481801587366, 0.2515146851242813, 0.5356637759459819, 0.36558217450521036]	[0.005817150243617953, 0.00581749014970144, 0.030891451232463913, 0.07859456569598315, 0.24772425878379042]
909435307304607744	[-0.004162760576113151, -0.004164293259773422, 0.19973778482988588, 0.43711021431369196, 0.3687780859500255]	[0.005573661998915102, 0.005573685434050277, 0.036564747016028895, 0.11541107327739827, 0.3848340220256922]
1631211283	[3.966308683340305e-06, 3.0708809689970214e-06, 0.14492746341568366, 0.39419028110983834, 0.20934752045486252]	[0.001746311001247651, 0.001746291667306934, 0.08008969876479788, 0.11183022547400265, 0.1167600963880045]
1653321740	[-0.0025283918554855284, -0.0026491590616740442, 0.23382869154236904, 0.473270297027398, 0.40969805021534167]	[0.005363373251637037, 0.005275856858059472, 0.04211263669596442, 0.11630205806432264, 0.4139570445151074]
1664655710	[-0.005174332193161047, -0.005231481183913459, 0.20787720226852147, 0.4699482177091315, 0.41667509285867005]	[0.005632240080324216, 0.005568534144001956, 0.048806666351423666, 0.10285937378061406, 0.4860332704471499]
1707513156	[-0.004927552650912457, -0.004929085335068396, 0.18646784387637377, 0.43456056498049517, 0.36760695151992817]	[0.005638519920959241, 0.005638460161451677, 0.03484235236971534, 0.11468852174768612, 0.38969094092831225]
179181381	[0.005286063574494866, 0.005285949305895983, 0.20948312933101557, 0.5087621812013138, 0.16282667826602398]	[0.002114706766502888, 0.0021147522256252218, 0.022691237512712507, 0.19775244862942157, 0.0459800099727874]
