192463771	[-0.009818718231421419, -0.0017062313203818533, 0.24401626583452735, 0.5361901164959537, 0.36542911328072053]	[0.009735375501880585, 0.004919082909382787, 0.015148379109082389, 0.07832333665639506, 0.24781275939782893]
19590930	[-0.017841896573066233, -0.005467043953623608, 0.23220321230589447, 0.60014969164111, 0.17170904326683292]	[0.00818400939136482, 0.0036648059697904564, 0.029240473311139183, 0.1689390258410224, 0.05158320644937787]
20447568	[-0.013153675445140296, -0.008000750900108258, 0.20060285857814886, 0.4330384616503449, 0.36345968719156596]	[0.007412131212893507, 0.004954352506599619, 0.02515508582686612, 0.11547963236739717, 0.38270896232443957]
211577392	[-0.0181503558454377, -0.005847631723545834, 0.24312099470734086, 0.5792952712596445, 0.17114435507520961]	[0.008086552438083289, 0.003788811424382545, 0.033705397119059705, 0.15873161142908054, 0.04792147252628336]
21422783	[0.011675572642973472, 0.020581944958347743, 0.2829613896501672, 0.7289213572569777, 0.33477813691238917]	[0.017230025185767665, 0.01627390943207456, 0.051060044338207225, 0.10152221574328958, 0.259467505273337]
2173684107	[-0.019653914498462797, -0.011898619149940583, 0.20422748559730813, 0.40772526717382207, 0.18224878767944952]	[0.004456765148413394, 0.00668225830298242, 0.08723663770881396, 0.19321209982779025, 0.05554463785067372]
222036996	[-0.016020414381137202, -0.008600986001295769, 0.24253729131339727, 0.4705009078143322, 0.4014035215586171]	[0.007768937268969196, 0.004849459763453109, 0.03276599654008858, 0.1178808798027017, 0.40003324650547173]
222496251	[-0.013772754270894609, -0.008340329136734513, 0.2591761012273187, 0.47477939558714793, 0.4267658390146491]	[0.00712153451746077, 0.003881360388685404, 0.020695638489500887, 0.10124629944117645, 0.49065795201274215]
223782598	[-0.013772798546404933, -0.008340339024499368, 0.25723459911451935, 0.4733661396389231, 0.42261633957188344]	[0.007121574227175257, 0.0038813559317329464, 0.022794182416992905, 0.10201295606910993, 0.48366145963350227]
22900494	[-0.01574765639153589, -0.008963918517750344, 0.19135156508696807, 0.45341399075169597, 0.3698903674835651]	[0.008132361881297376, 0.005380868002011987, 0.03327144974721716, 0.11706685353475842, 0.38056633198770357]
2368436134	[-0.017890340687968177, -0.005469428034832485, 0.20048666353440522, 0.727766485395465, 0.24885290807713173]	[0.007715618917072846, 0.002790267701565293, 0.07826110760577752, 0.09953384986292164, 0.12221979074163644]
2413215217	[-0.01812169834090897, -0.0058189678652932056, 0.234984183917737, 0.5883309490172987, 0.17536688159656647]	[0.00808161015033747, 0.00379281749912836, 0.031000436517792544, 0.14108118018708038, 0.05944922523040893]
245957521	[-0.013769295094025991, -0.005909480778628922, 0.24287504183621744, 0.7319744781464969, 0.16974146290041475]	[0.008248533084847586, 0.003931537793100693, 0.06070536106520863, 0.11655492883627747, 0.06481161677378436]
1143130812	[-0.012865970048227954, -0.007947581872559163, 0.17836459132485333, 0.4496932525521688, 0.3628413566335436]	[0.007186349933798081, 0.004933977290298745, 0.03156043106414345, 0.10188986218496413, 0.3832077534241626]
25816024	[-0.013256464114831251, -0.005858328798380318, 0.23654085549463727, 0.5502612306921252, 0.12577561320380182]	[0.006815037216609758, 0.001824604454551944, 0.04090888766383486, 0.1650152262333439, 0.027367981250728493]
26203837	[-0.012865970048227957, -0.007947581872559163, 0.17836459132485333, 0.44807901397317523, 0.3586940923051814]	[0.007186349933798081, 0.004933977290298745, 0.03156043106414345, 0.1027092443346837, 0.37622759852606147]
1156991923	[-0.012164166466682948, -0.004473775341385776, 0.18176219924339457, 0.5005963922933175, 0.2852282580369483]	[0.009771397032623936, 0.004293231748720365, 0.03834730047303942, 0.09096226837171754, 0.13780460301857145]
117754884	[-0.019684752040461304, -0.011835642099886426, 0.23950098528253244, 0.4712202419405018, 0.28741615289411104]	[0.006733945484490024, 0.0071235406359199584, 0.025638197047712624, 0.1527747357523337, 0.13193932659623278]
2862964321	[-0.01023188232090826, -0.0026129463034236383, 0.21050473130371347, 0.5659238853247414, 0.14158156835096852]	[0.008632429003596587, 0.0026298365443613203, 0.06009989492003924, 0.15948385732802023, 0.04094318470488449]
11985982	[-0.011896567018703907, -0.0042366518721651545, 0.16638973465761767, 0.7010184782257509, 0.13756786694182044]	[0.009264007305991247, 0.003449622427931531, 0.08362379122973432, 0.06217713961161134, 0.037447037925023054]
288567673	[-0.013153675445140296, -0.00800075090010826, 0.20060285857814886, 0.43348395110065774, 0.3637527740701778]	[0.007412131212893507, 0.004954352506599619, 0.02515508582686612, 0.1157818503096325, 0.3825586510272543]
2906686402	[-0.014426771758962896, -0.0057076974082507035, 0.19450416216250663, 0.5130134004164261, 0.29559465210452707]	[0.008015271417853537, 0.0031748972012399907, 0.03006742111862116, 0.090104899148832, 0.14497760194794926]
2920256952	[-0.016020414381137202, -0.008600986001295769, 0.24253729131339724, 0.4705009078143322, 0.4014035215586171]	[0.007768937268969196, 0.004849459763453109, 0.032765996540088556, 0.1178808798027017, 0.40003324650547173]
293013635	[-0.0131536754451403, -0.00800075090010826, 0.20060285857814886, 0.4360736019894568, 0.37175421584829055]	[0.007412131212893509, 0.00495435250659962, 0.02515508582686612, 0.11390510370293878, 0.39667359103426886]
311380778	[-0.015081377559330335, -0.006958019427560976, 0.24608927008799145, 0.5124436605851724, 0.3610278958740591]	[0.010806248889669122, 0.005794140649865743, 0.0242005762934892, 0.07323392750879157, 0.25434562962812657]
3289816264	[-0.01596799763456936, -0.010703905653496909, 0.23479391043368752, 0.43456056498049517, 0.36760695151992817]	[0.005740111331920638, 0.004040634407022961, 0.03531087726723617, 0.11468852174768612, 0.38969094092831225]
3292722958	[-0.016020414381137202, -0.008600986001295769, 0.24253729131339727, 0.4698034201688436, 0.3993298893944359]	[0.007768937268969196, 0.004849459763453109, 0.03276599654008858, 0.11828047105867734, 0.3965531581029104]
3356627800	[-0.017200992666873118, -0.006245492157536167, 0.27054684263753503, 0.589059715651695, 0.18822136907512266]	[0.008085766043999635, 0.003825029122984879, 0.0496881760370575, 0.13546663725786645, 0.07230915814443875]
3372055939	[-0.013154211342151775, -0.008001087175397433, 0.2345761276319992, 0.4360736019894568, 0.37175421584829055]	[0.007411817692691745, 0.004954189307909227, 0.03519762193839233, 0.11390510370293878, 0.39667359103426886]
3398737828	[-0.02506469628447008, -0.012558348076291562, 0.2767675066485801, 0.6485323366580836, 0.255539260281379]	[0.010007174074015707, 0.00603364502592337, 0.0438948235600783, 0.12808925629531584, 0.1439915357930039]
1274709210	[-0.01649734571127625, -0.006628219087212461, 0.2581292134409319, 0.7079779097468986, 0.3111675272265558]	[0.010770361034475298, 0.004874004311978229, 0.04454313972094625, 0.08954145880790468, 0.2265242673759764]
3545097856	[-0.0131536754451403, -0.008000750900108258, 0.20060285857814886, 0.4383263516929223, 0.3779751123408341]	[0.007412131212893509, 0.004954352506599619, 0.025155085826866125, 0.11274417824039873, 0.4071487496827178]
359850032	[-0.017129951622729678, -0.005774107739406057, 0.17528080449171238, 0.6030808344023675, 0.1974193594895301]	[0.006927719303513112, 0.003181894012438873, 0.08333715297791892, 0.16059651130485036, 0.07032220021923548]
36327895	[-0.01260756909754141, -0.004259286187307253, 0.24274252086212417, 0.6916506773665312, 0.1712682326793156]	[0.009214207147304964, 0.004149350945957295, 0.0374365110150551, 0.10820965596147543, 0.04819367255675781]
3664826895	[-0.0131536754451403, -0.00800075090010826, 0.20060285857814886, 0.43456056498049517, 0.36760695151992817]	[0.007412131212893509, 0.004954352506599619, 0.025155085826866125, 0.11468852174768612, 0.38969094092831225]
37105136	[-0.010167932282797753, -0.003479288726972237, 0.17055015887664932, 0.4847829523603137, 0.24677597926203174]	[0.00764022869042856, 0.0026325281193552465, 0.08255347680779052, 0.11335558195176781, 0.10842979174411412]
377925526	[-0.01428781861684694, -0.008448589240317573, 0.1814945757509258, 0.43324578478420744, 0.2679641405094656]	[0.0072135195077225696, 0.003854959402660225, 0.076985894561128, 0.1341801958918812, 0.16073863696158136]
1028440310	[-0.008659125343515922, -0.0053845673113731216, 0.09549366336059259, 0.47955381491583443, 0.1711463276559203]	[0.006708894997803858, 0.003760521823748821, 0.05712846305548531, 0.1039795789010871, 0.05428865791036169]
388187529	[-0.0131536754451403, -0.008000750900108261, 0.23461850364150993, 0.4360736019894568, 0.37175421584829055]	[0.007412131212893507, 0.0049543525065996194, 0.03522175328815821, 0.11390510370293878, 0.39667359103426886]
39475170	[-0.018367894606459028, -0.005946981953323443, 0.20659475671037614, 0.7310947259461497, 0.2645965933941197]	[0.0078042394338888625, 0.0030168227222785895, 0.07953302303075965, 0.08667057792841895, 0.1417156363218142]
422684232	[-0.014255912477948654, -0.008411418347514093, 0.26415877530183784, 0.48138181478221775, 0.4374617364949402]	[0.006539284987258736, 0.00376857687579863, 0.01958752312561026, 0.0975026939189803, 0.4921017078591034]
42401449	[-0.012745529371060339, -0.0038096273122934033, 0.2420023738521981, 0.5751607602044682, 0.16078721149617364]	[0.008274186730091821, 0.0028192238257529955, 0.05428913811190836, 0.15937121771362742, 0.03940633408046583]
4376048613	[-0.018124998394405203, -0.006198366531782066, 0.2718917776819342, 0.56092361609224, 0.16176036574852892]	[0.007745435088993203, 0.0033098320837310355, 0.051702140307247735, 0.1272752084648613, 0.04071861608271283]
465965880	[-0.015220166195440038, -0.005137187082729463, 0.288808668137053, 0.5385837915284262, 0.16117810786666553]	[0.010989754895343951, 0.0044892416050617045, 0.03970592423444882, 0.178161677798287, 0.047397219094409936]
474013625	[-0.00970160006836071, -0.0055254141036573745, 0.12247436139144752, 0.4678985982492618, 0.17808838787022405]	[0.007145685698634475, 0.0038167494694480793, 0.07080217108066003, 0.07873590666541828, 0.05087086671041449]
474708096	[-0.007465739447247572, -0.0026162613681608, 0.1848469919901833, 0.3748404408596583, 0.2119086106804264]	[0.00978596325031003, 0.004368429461881752, 0.0422624184034838, 0.13632950288859005, 0.10025402546968464]
532655237	[-0.016020414381137202, -0.008600986001295769, 0.24253729131339727, 0.4705009078143322, 0.4014035215586171]	[0.007768937268969196, 0.004849459763453109, 0.03276599654008858, 0.1178808798027017, 0.40003324650547173]
54219545	[-0.019684752040461304, -0.011835642099886426, 0.23950098528253244, 0.4687505781734824, 0.2832688885657487]	[0.006733945484490024, 0.0071235406359199584, 0.025638197047712624, 0.15494812956954615, 0.129320950952151]
54851559	[-0.019086185168441152, -0.011653371500801316, 0.21076761650657416, 0.43273076339748384, 0.2455623744502851]	[0.003635900041740821, 0.0055903953558586305, 0.0459501985634415, 0.16216835539587995, 0.11092132796988782]
552278840	[-0.019751560807755187, -0.01190155205791392, 0.22796487593800513, 0.4652079601588651, 0.27943858400540805]	[0.006722509628744357, 0.00707502986253125, 0.032882950009572774, 0.14958456277353682, 0.12666453471318292]
560467206	[-0.015291025700663458, -0.0050444607165240265, 0.2500345863299216, 0.5105740776192469, 0.30748004014085123]	[0.0061877454041177685, 0.0018388763421197639, 0.03202326072576014, 0.09660931178323838, 0.15819360912782537]
562662319	[-0.016020414381137202, -0.008600986001295769, 0.24253729131339727, 0.4705009078143322, 0.4014035215586171]	[0.007768937268969196, 0.004849459763453109, 0.03276599654008857, 0.1178808798027017, 0.40003324650547173]
569257486	[-0.011813279532387474, -0.002830314927461431, 0.23130213544071107, 0.5721253027026556, 0.15039012725840864]	[0.010635516934041443, 0.0037425213561876223, 0.032870622856403325, 0.16830422810405732, 0.03713361722749392]
58429842	[-0.01228202030364526, -0.0037066748610483863, 0.2285343931240501, 0.5485709296106573, 0.143333361536683]	[0.007839882098268698, 0.0027893849349740576, 0.022441438593534122, 0.16444286498853322, 0.03591030881836077]
140101267	[-0.023603634172378388, -0.013127564885402962, 0.2610602495948068, 0.5771041827429984, 0.17365571439894054]	[0.006800058428175273, 0.005172295391394738, 0.026075082741900707, 0.19401099545395023, 0.05897608044148347]
65375944	[-0.012284933791064276, -0.004223094930567879, 0.20054665283789658, 0.5346418268738925, 0.416469994155105]	[0.00855710314558769, 0.003653361850442407, 0.04069663187794094, 0.10791839352487628, 0.43694441279187896]
704221216912105473	[-0.016937645351652746, -0.00410295248920313, 0.26109042519431497, 0.5718175890520125, 0.16743481790639703]	[0.009477723023456343, 0.0035970465486181496, 0.026079549904229987, 0.20061634913227722, 0.05504404905187602]
714602578529665024	[-0.016020414381137202, -0.008600986001295769, 0.24253729131339727, 0.4711963291436473, 0.4034771537227982]	[0.007768937268969196, 0.004849459763453109, 0.03276599654008858, 0.11748325602089345, 0.4035136882611226]
142334501	[-0.011024349528375648, -0.003823513521095661, 0.21456580883022364, 0.6245898438458474, 0.2221581261453923]	[0.007450876337652538, 0.00193296791380647, 0.05040734613764436, 0.17715102704264832, 0.1214036338167796]
1005305156	[-0.016020414381137202, -0.008600986001295769, 0.24253729131339724, 0.4698034201688436, 0.3993298893944359]	[0.007768937268969196, 0.004849459763453109, 0.032765996540088584, 0.11828047105867734, 0.3965531581029104]
741963075985760256	[-0.017710158795583453, -0.009398362693116048, 0.24668669004343224, 0.49893399816228357, 0.30410336432663143]	[0.007435507998536209, 0.003689623713818601, 0.031177028939095932, 0.10262581243659957, 0.15189790412176696]
743729451708481536	[-0.018341899364025863, -0.009221582893416925, 0.21538890801211952, 0.5138732820488122, 0.3322193441803396]	[0.007798550925124147, 0.003771140480868423, 0.032431949765492706, 0.08448407184956218, 0.18707157414332912]
751805919743315969	[-0.019684752040461304, -0.011835642099886426, 0.23950098528253244, 0.4740828797366644, 0.29363704938665447]	[0.0067339454844900235, 0.0071235406359199584, 0.025638197047712627, 0.14967549385832452, 0.13644744847174659]
756914316566224896	[-0.02878039106314185, -0.009588780399273421, 0.26295622534389773, 0.7142535332820993, 0.2884226248869097]	[0.01029243961607063, 0.005384753019622043, 0.025679475040617007, 0.11760444498845463, 0.17692345449828742]
777573276692451328	[-0.017653327073569043, -0.00549028772071501, 0.2281632076396301, 0.550903600509115, 0.1605603236040697]	[0.009275013264267218, 0.00415977059674648, 0.02752111727693187, 0.1887340065582907, 0.04479515187950762]
786863976030220289	[-0.016020414381137202, -0.008600986001295769, 0.24253729131339727, 0.4698034201688436, 0.3993298893944359]	[0.007768937268969196, 0.004849459763453109, 0.03276599654008858, 0.11828047105867734, 0.3965531581029104]
791162759228624896	[-0.016806752489002718, -0.009499891956421317, 0.23360232291011543, 0.4689201131130134, 0.4196155217691558]	[0.007187117912233699, 0.004121105419870769, 0.03971399637858994, 0.10004543387911152, 0.49338514058197264]
800434576350789632	[-0.012859010201660158, -0.007712487894742148, 0.21748999770804114, 0.4351383041349483, 0.3662955937184531]	[0.007682708929249021, 0.004979906766760573, 0.0335678032030076, 0.11454453295576604, 0.3815811850581347]
801355099796803584	[-0.00746580915078253, -0.002616003830920641, 0.18338329066258005, 0.36759586193367105, 0.2050818574947803]	[0.009785909977568522, 0.0043685818493696665, 0.042755727945192314, 0.14047966611346147, 0.09330245637930502]
80172249	[-0.016020414381137202, -0.008600986001295769, 0.24253729131339727, 0.4698034201688436, 0.3993298893944359]	[0.007768937268969196, 0.004849459763453109, 0.03276599654008858, 0.11828047105867734, 0.3965531581029104]
802492036268126208	[-0.009478310989709892, -0.001652995408855172, 0.2773827547105624, 0.5382790320532103, 0.3697294388335727]	[0.00946111794528016, 0.0048850102270501065, 0.032933473443566674, 0.07785662131006961, 0.2537717625662347]
809247439383392257	[-0.016020414381137202, -0.008600986001295769, 0.24253729131339727, 0.4698034201688436, 0.3993298893944359]	[0.007768937268969196, 0.004849459763453109, 0.03276599654008857, 0.11828047105867734, 0.3965531581029104]
817189988462800896	[-0.016020414381137202, -0.008600986001295769, 0.24253729131339724, 0.4760072705915894, 0.4179925788720663]	[0.007768937268969196, 0.004849459763453109, 0.032765996540088556, 0.1147538841267924, 0.4278859500320124]
818479808837455873	[-0.016011706929347225, -0.00560741016612329, 0.22572412551092447, 0.6811638779858857, 0.23810423197506128]	[0.009094573758507198, 0.0032932421322195067, 0.04244505258460424, 0.15400393955648875, 0.10594429693864071]
819581851903938562	[-0.016020414381137202, -0.008600986001295769, 0.24253729131339727, 0.4698034201688436, 0.3993298893944359]	[0.007768937268969196, 0.004849459763453109, 0.03276599654008857, 0.11828047105867734, 0.3965531581029104]
826067879879651329	[-0.019684752040461304, -0.011835642099886426, 0.23950098528253244, 0.4712202419405018, 0.28741615289411104]	[0.006733945484490024, 0.0071235406359199584, 0.025638197047712627, 0.1527747357523337, 0.13193932659623278]
827106904245731328	[-0.008314923907557429, 0.002750907222668556, 0.2611632242801442, 0.5753635033628374, 0.17158208223475935]	[0.016233293331733373, 0.008581761940262413, 0.026120230893001587, 0.1961749784788492, 0.057482408544679175]
845781575170244610	[-0.014250385694897467, -0.008385841608849089, 0.22771640650318103, 0.43888049133696694, 0.2521615125295649]	[0.007579642131926984, 0.004757790454082357, 0.07015662846067337, 0.16950570915453264, 0.11350245467466744]
847424832400629760	[-0.01712995162272968, -0.005774107739406056, 0.1752808044917124, 0.6159709967433814, 0.21400841680297933]	[0.006927719303513112, 0.0031818940124388726, 0.08333715297791894, 0.14481908220356718, 0.09102636331721663]
849608792098705408	[-0.015297770971308253, -0.0057898527071125715, 0.2212147168927225, 0.5143250000381487, 0.2957535319831526]	[0.008523190153380756, 0.0032176978341150247, 0.04792550598727556, 0.09017495240625953, 0.14507524257319404]
857912957346471936	[-0.0131536754451403, -0.00800075090010826, 0.20060285857814886, 0.4343612952077913, 0.3662180626310393]	[0.007412131212893509, 0.004954352506599619, 0.025155085826866125, 0.1149865636061817, 0.38617124549885423]
154172528	[-0.013153675445140296, -0.008000750900108258, 0.2006028585407874, 0.43456056498049517, 0.36760695151992817]	[0.007412131212893508, 0.004954352506599619, 0.025155085830123255, 0.11468852174768612, 0.38969094092831225]
860264322311659520	[-0.016020414381137202, -0.008600986001295769, 0.24253729131339724, 0.4705009078143322, 0.4014035215586171]	[0.007768937268969196, 0.004849459763453109, 0.03276599654008856, 0.1178808798027017, 0.40003324650547173]
862688770205863937	[-0.017129963766760212, -0.005774119883436589, 0.20925502798108192, 0.6113101439902928, 0.20778752031043587]	[0.0069277118740796225, 0.003181889994828585, 0.057660426720077845, 0.15039885670420994, 0.08276034516945356]
86711514	[-0.012304599974833817, -0.003751733859301644, 0.26042426555373804, 0.5542420790357802, 0.14540699370086418]	[0.007855948763365862, 0.002797601719876121, 0.02171693754839344, 0.1599485047775995, 0.03875995244881592]
875915736300040192	[-0.016465842030282514, -0.006200445644064823, 0.2343180838849745, 0.5184752236905618, 0.3541042102614372]	[0.011247233346984535, 0.005543238842092122, 0.025469958265427355, 0.08091760647920186, 0.21658868938623999]
876224066759405568	[-0.014501625413185662, -0.003225779682906546, 0.20024972240930755, 0.564230253292184, 0.15718438488571532]	[0.009303407746403236, 0.0033353501764418923, 0.041913300938401434, 0.2038991125717027, 0.04226654432000516]
878977884999876610	[-0.0131536754451403, -0.008000750900108258, 0.20060285857814886, 0.4353182112063057, 0.36968058368410944]	[0.007412131212893509, 0.004954352506599619, 0.025155085826866125, 0.11429585755090267, 0.39318218427946633]
884586449831686145	[-0.01224487911142566, -0.007747823403354347, 0.20822472262884653, 0.433687310812015, 0.36584960754521184]	[0.006938616422375039, 0.004927029522015504, 0.02085906865986823, 0.11610027033846816, 0.3816886632607022]
886794351459827713	[-0.0109625398241168, -0.007232811635931321, 0.18440530366312421, 0.4465069164769896, 0.35865822948135684]	[0.007201500193701427, 0.005033191629693967, 0.02672080035813727, 0.10177415860973234, 0.37628008095144766]
890041069639016448	[-0.020774268750182064, -0.012652593429027331, 0.2375716571629501, 0.4581299866914157, 0.2804351370219287]	[0.0044320254318042035, 0.006796748557927033, 0.03327998309526933, 0.14646070411590095, 0.13432933512937614]
890502281887612928	[-0.019228429794142667, -0.012266164303913748, 0.18531829771648647, 0.44807354455490356, 0.23330883666934793]	[0.005365710402890454, 0.006327865044368814, 0.06635020181944007, 0.14135413094383154, 0.11517562467987581]
892926801860677632	[-0.011558816641334511, -0.00412173501170123, 0.21064533326135126, 0.5329894841779231, 0.413561485554038]	[0.008040417244941369, 0.003631095224421594, 0.04736511491810509, 0.10825345760521782, 0.4379182105842521]
905719296134971392	[-0.0094782992666728, -0.0016529922149187185, 0.24071269450596916, 0.5356637759459819, 0.36558217450521036]	[0.009461125672728143, 0.004885012578051606, 0.01399628985254481, 0.07859456569598315, 0.24772425878379042]
909435307304607744	[-0.012095832287841536, -0.007598598117446676, 0.211735081344207, 0.43711021431369196, 0.3687780859500255]	[0.007061077827804437, 0.00497094608195226, 0.027653749315855552, 0.11541107327739827, 0.3848340220256922]
1631211283	[-0.007870243670586124, -0.0030138801452168173, 0.16493572128990477, 0.39419028110983834, 0.20934752045486252]	[0.009351864109100206, 0.0038384901258375625, 0.07584484015059055, 0.11183022547400265, 0.1167600963880045]
1653321740	[-0.016020414381137202, -0.008600986001295769, 0.24253729131339724, 0.473270297027398, 0.40969805021534167]	[0.007768937268969196, 0.004849459763453109, 0.032765996540088556, 0.11630205806432264, 0.4139570445151074]
1664655710	[-0.016588299947640772, -0.009662436231187121, 0.2324314350186298, 0.4699482177091315, 0.41667509285867005]	[0.007116282481113133, 0.004068091747593316, 0.039549076739332466, 0.10285937378061406, 0.4860332704471499]
1707513156	[-0.013153675445140296, -0.008000750900108258, 0.20060285857814886, 0.43456056498049517, 0.36760695151992817]	[0.007412131212893507, 0.004954352506599619, 0.025155085826866125, 0.11468852174768612, 0.38969094092831225]
179181381	[-0.015755299455528955, -0.003941738333997781, 0.27923932237318755, 0.5087621812013138, 0.16282667826602398]	[0.00934018618324692, 0.0026226737538108296, 0.050186331917597964, 0.19775244862942157, 0.0459800099727874]
