696945215	[-3.990685585253167e-94, 0.0, 0.021538667462663294, 0.5361901164959537, 0.36542911328072053]	[3.2278445646781556e-94, 0.0, 0.014040711848031084, 0.07832333665639506, 0.24781275939782893]
33238453	[-1.788204710342342e-94, 0.0, 0.015253759270568651, 0.60014969164111, 0.17170904326683292]	[1.2598502035404985e-94, 0.0, 0.0107178117251643, 0.1689390258410224, 0.05158320644937787]
93671327	[-9.316843701327239e-95, 0.0, 0.007962092401040033, 0.4330384616503449, 0.36345968719156596]	[9.604512257134203e-95, 0.0, 0.008193890695924187, 0.11547963236739717, 0.38270896232443957]
993894510	[-1.2987645159206096e-94, 0.0, 0.015378265175149038, 0.5792952712596445, 0.17114435507520961]	[1.0870582883639768e-94, 0.0, 0.010742882412893066, 0.15873161142908054, 0.04792147252628336]
93100245	[1.852405687012087e-21, 0.0, 0.03400375965485227, 0.7289213572569777, 0.33477813691238917]	[1.2144159491884456e-21, 0.0, 0.027455291902342617, 0.10152221574328958, 0.259467505273337]
6245377672	[-1.2987645159697533e-94, 0.0, 0.015223214597715987, 0.40772526717382207, 0.18224878767944952]	[1.087058288336124e-94, 0.0, 0.010725265344928809, 0.19321209982779025, 0.05554463785067372]
386677349	[-1.788204710374901e-94, 0.0, 0.015253759270568651, 0.4705009078143322, 0.4014035215586171]	[1.2598502035433098e-94, 0.0, 0.0107178117251643, 0.1178808798027017, 0.40003324650547173]
910602215	[-1.2987645159507998e-94, 0.0, 0.01522321444191255, 0.47477939558714793, 0.4267658390146491]	[1.0870582883587687e-94, 0.0, 0.010725265133728628, 0.10124629944117645, 0.49065795201274215]
939241693	[-1.2987645159507998e-94, 0.0, 0.01522321444191255, 0.4733661396389231, 0.42261633957188344]	[1.0870582883587687e-94, 0.0, 0.010725265133728628, 0.10201295606910993, 0.48366145963350227]
53426159	[-9.316843701327236e-95, 0.0, 0.007997000652004259, 0.45341399075169597, 0.3698903674835651]	[9.604512257134202e-95, 0.0, 0.00822130577215429, 0.11706685353475842, 0.38056633198770357]
5159256643	[-2.5223650019784936e-94, 0.0, 0.021503759398663193, 0.727766485395465, 0.24885290807713173]	[1.6536336017291876e-94, 0.0, 0.014058342882231428, 0.09953384986292164, 0.12221979074163644]
8099975129	[-1.2987645159206096e-94, 0.0, 0.01537826517514904, 0.5883309490172987, 0.17536688159656647]	[1.0870582883639768e-94, 0.0, 0.010742882412893064, 0.14108118018708038, 0.05944922523040893]
952953160	[-1.788204710354368e-94, 0.0, 0.021473214992902136, 0.7319744781464969, 0.16974146290041475]	[1.2598502035417735e-94, 0.0, 0.014077593192208023, 0.11655492883627747, 0.06481161677378436]
4847344269	[-9.316843701327236e-95, 0.0, 0.007997000598585937, 0.4496932525521688, 0.3628413566335436]	[9.604512257134202e-95, 0.0, 0.008221305694164235, 0.10188986218496413, 0.3832077534241626]
64130880	[-1.2987645159206096e-94, 0.0, 0.011122000716051529, 0.5502612306921252, 0.12577561320380182]	[1.0870582883639768e-94, 0.0, 0.009271892541543328, 0.1650152262333439, 0.027367981250728493]
45397142	[-9.316843701327236e-95, 0.0, 0.007997000598585937, 0.44807901397317523, 0.3586940923051814]	[9.604512257134202e-95, 0.0, 0.008221305694164235, 0.1027092443346837, 0.37622759852606147]
2781802405	[-1.7882047103505774e-94, 0.0, 0.022137342961544987, 0.5005963922933175, 0.2852282580369483]	[1.2598502035400852e-94, 0.0, 0.013990037154737437, 0.09096226837171754, 0.13780460301857145]
910823627	[-1.7882047103938548e-94, 0.0, 0.015253759270568651, 0.4712202419405018, 0.28741615289411104]	[1.2598502035164078e-94, 0.0, 0.0107178117251643, 0.1527747357523337, 0.13193932659623278]
9316583662	[-1.2987645159206096e-94, 0.0, 0.01116272694652175, 0.5659238853247414, 0.14158156835096852]	[1.0870582883639768e-94, 0.0, 0.009296839699460147, 0.15948385732802023, 0.04094318470488449]
52733606	[-1.7882047103474185e-94, 0.0, 0.015223214508685452, 0.7010184782257509, 0.13756786694182044]	[1.25985020353966e-94, 0.0, 0.010725265194596526, 0.06217713961161134, 0.037447037925023054]
721881344	[-9.316843701327239e-95, 0.0, 0.007962092401040033, 0.43348395110065774, 0.3637527740701778]	[9.604512257134203e-95, 0.0, 0.008193890695924187, 0.1157818503096325, 0.3825586510272543]
7854642962	[-1.298764515926476e-94, 0.0, 0.015223214597715987, 0.5130134004164261, 0.29559465210452707]	[1.0870582883668366e-94, 0.0, 0.010725265344928809, 0.090104899148832, 0.14497760194794926]
4963092375	[-1.788204710374901e-94, 0.0, 0.015253759270568651, 0.4705009078143322, 0.4014035215586171]	[1.2598502035433098e-94, 0.0, 0.0107178117251643, 0.1178808798027017, 0.40003324650547173]
840015896	[-9.316843701327239e-95, 0.0, 0.007962092401040033, 0.4360736019894568, 0.37175421584829055]	[9.604512257134203e-95, 0.0, 0.008193890695924187, 0.11390510370293878, 0.39667359103426886]
617954341	[-3.990685585283357e-94, 0.0, 0.015288667468114553, 0.5124436605851724, 0.3610278958740591]	[3.2278445646761315e-94, 0.0, 0.010715056362948951, 0.07323392750879157, 0.25434562962812657]
2078272999	[-9.316843701327239e-95, 0.0, 0.007962092401040033, 0.43456056498049517, 0.36760695151992817]	[9.604512257134203e-95, 0.0, 0.008193890695924187, 0.11468852174768612, 0.38969094092831225]
9672510597	[-1.788204710374901e-94, 0.0, 0.015253759270568651, 0.4698034201688436, 0.3993298893944359]	[1.2598502035433098e-94, 0.0, 0.0107178117251643, 0.11828047105867734, 0.3965531581029104]
4819514838	[-1.788204710354368e-94, 0.0, 0.021538667596209093, 0.589059715651695, 0.18822136907512266]	[1.2598502035417735e-94, 0.0, 0.01404071211873613, 0.13546663725786645, 0.07230915814443875]
9409597325	[-9.316843701327239e-95, 0.0, 0.007962092401040033, 0.4360736019894568, 0.37175421584829055]	[9.604512257134203e-95, 0.0, 0.008193890695924187, 0.11390510370293878, 0.39667359103426886]
7913817864	[-1.788204710374901e-94, 0.0, 0.021503759665754803, 0.6485323366580836, 0.255539260281379]	[1.2598502035433098e-94, 0.0, 0.014058342473685871, 0.12808925629531584, 0.1439915357930039]
6661703688	[-3.990685585259034e-94, 0.0, 0.021538667596209097, 0.7079779097468986, 0.3111675272265558]	[3.227844564674226e-94, 0.0, 0.014040712118736129, 0.08954145880790468, 0.2265242673759764]
1923583275	[-9.316843701327239e-95, 0.0, 0.007962092401040033, 0.4383263516929223, 0.3779751123408341]	[9.604512257134203e-95, 0.0, 0.008193890695924187, 0.11274417824039873, 0.4071487496827178]
106240660	[-1.788204710344711e-94, 0.0, 0.021473214592264724, 0.6030808344023675, 0.1974193594895301]	[1.2598502035398968e-94, 0.0, 0.01407759332899864, 0.16059651130485036, 0.07032220021923548]
80616630	[-2.5223650019867295e-94, 0.0, 0.015253759270568651, 0.6916506773665312, 0.1712682326793156]	[1.6536336017252165e-94, 0.0, 0.0107178117251643, 0.10820965596147543, 0.04819367255675781]
2616304789	[-9.316843701327239e-95, 0.0, 0.007962092401040033, 0.43456056498049517, 0.36760695151992817]	[9.604512257134203e-95, 0.0, 0.008193890695924187, 0.11468852174768612, 0.38969094092831225]
32246338	[-1.298764515923317e-94, 0.0, 0.011720676303963758, 0.4847829523603137, 0.24677597926203174]	[1.0870582883649216e-94, 0.0, 0.00890909191084301, 0.11335558195176781, 0.10842979174411412]
367459818	[-9.316843701327236e-95, 0.0, 0.007997000652004259, 0.43324578478420744, 0.2679641405094656]	[9.604512257134202e-95, 0.0, 0.00822130577215429, 0.1341801958918812, 0.16073863696158136]
9696333522	[-6.380202534687861e-95, 0.0, 0.005462092403220539, 0.47955381491583443, 0.1711463276559203]	[8.327806262073334e-95, 0.0, 0.007120414791664394, 0.1039795789010871, 0.05428865791036169]
376249319	[-9.316843701327239e-95, 0.0, 0.007962092401040033, 0.4360736019894568, 0.37175421584829055]	[9.604512257134203e-95, 0.0, 0.008193890695924187, 0.11390510370293878, 0.39667359103426886]
37409411	[-2.522365001980863e-94, 0.0, 0.02150375939866319, 0.7310947259461497, 0.2645965933941197]	[1.6536336017276773e-94, 0.0, 0.014058342882231428, 0.08667057792841895, 0.1417156363218142]
956005402	[-1.788204710374901e-94, 0.0, 0.015223214508685452, 0.48138181478221775, 0.4374617364949402]	[1.2598502035433096e-94, 0.0, 0.010725265194596526, 0.0975026939189803, 0.4921017078591034]
19964332	[-1.7882047103474185e-94, 0.0, 0.015329393698584775, 0.5751607602044682, 0.16078721149617364]	[1.25985020353966e-94, 0.0, 0.010720834141792793, 0.15937121771362742, 0.03940633408046583]
3366686498	[-1.298764515926476e-94, 0.0, 0.01532939360955424, 0.56092361609224, 0.16176036574852892]	[1.0870582883668366e-94, 0.0, 0.010720833992280132, 0.1272752084648613, 0.04071861608271283]
211885592	[-1.788204710354368e-94, 0.0, 0.02150375926511739, 0.5385837915284262, 0.16117810786666553]	[1.2598502035417738e-94, 0.0, 0.014058342611534269, 0.178161677798287, 0.047397219094409936]
900598800	[-9.31684370123247e-95, 0.0, 0.007931547848378592, 0.4678985982492618, 0.17808838787022405]	[9.604512257226132e-95, 0.0, 0.008176443624937545, 0.07873590666541828, 0.05087086671041449]
549501201	[-9.316843701084e-95, 0.0, 0.008086598359038742, 0.3748404408596583, 0.2119086106804264]	[9.604512257277432e-95, 0.0, 0.008336281636898887, 0.13632950288859005, 0.10025402546968464]
522093544	[-1.788204710374901e-94, 0.0, 0.015253759270568651, 0.4705009078143322, 0.4014035215586171]	[1.2598502035433098e-94, 0.0, 0.0107178117251643, 0.1178808798027017, 0.40003324650547173]
48300453	[-1.7882047103938548e-94, 0.0, 0.015253759270568651, 0.4687505781734824, 0.2832688885657487]	[1.2598502035164078e-94, 0.0, 0.0107178117251643, 0.15494812956954615, 0.129320950952151]
65384865	[-1.2987645159697533e-94, 0.0, 0.015329393698584775, 0.43273076339748384, 0.2455623744502851]	[1.0870582883361238e-94, 0.0, 0.010720834141792793, 0.16216835539587995, 0.11092132796988782]
105001028	[-1.7882047103938548e-94, 0.0, 0.015253759270568651, 0.4652079601588651, 0.27943858400540805]	[1.2598502035164078e-94, 0.0, 0.0107178117251643, 0.14958456277353682, 0.12666453471318292]
641671931	[-1.7882047103474185e-94, 0.0, 0.021579393826679314, 0.5105740776192469, 0.30748004014085123]	[1.25985020353966e-94, 0.0, 0.014026987229785641, 0.09660931178323838, 0.15819360912782537]
848294475	[-1.788204710374901e-94, 0.0, 0.015253759270568651, 0.4705009078143322, 0.4014035215586171]	[1.2598502035433098e-94, 0.0, 0.0107178117251643, 0.1178808798027017, 0.40003324650547173]
471949976	[-1.788204710344711e-94, 0.0, 0.015288667379084018, 0.5721253027026556, 0.15039012725840864]	[1.2598502035398968e-94, 0.0, 0.01071505621301728, 0.16830422810405732, 0.03713361722749392]
29379477	[-1.298764515923317e-94, 0.0, 0.015329393609554239, 0.5485709296106573, 0.143333361536683]	[1.0870582883649216e-94, 0.0, 0.010720833992280132, 0.16444286498853322, 0.03591030881836077]
934151182	[-1.788204710342342e-94, 0.0, 0.03400375925421486, 0.5771041827429984, 0.17365571439894054]	[1.2598502035404985e-94, 0.0, 0.027455291182507866, 0.19401099545395023, 0.05897608044148347]
77509062	[-1.298764515926476e-94, 0.0, 0.01588734296699625, 0.5346418268738925, 0.416469994155105]	[1.0870582883668366e-94, 0.0, 0.010423893603243991, 0.10791839352487628, 0.43694441279187896]
725621693765592130	[-1.788204710342342e-94, 0.0, 0.03400375925421486, 0.5718175890520125, 0.16743481790639703]	[1.2598502035404985e-94, 0.0, 0.027455291182507866, 0.20061634913227722, 0.05504404905187602]
984753566740291172	[-1.788204710374901e-94, 0.0, 0.015253759270568651, 0.4711963291436473, 0.4034771537227982]	[1.2598502035433098e-94, 0.0, 0.0107178117251643, 0.11748325602089345, 0.4035136882611226]
593556429	[-1.2987645159206096e-94, 0.0, 0.011056548335320908, 0.6245898438458474, 0.2221581261453923]	[1.0870582883639768e-94, 0.0, 0.00925426516445134, 0.17715102704264832, 0.1214036338167796]
4996832438	[-1.788204710374901e-94, 0.0, 0.015253759270568651, 0.4698034201688436, 0.3993298893944359]	[1.2598502035433098e-94, 0.0, 0.0107178117251643, 0.11828047105867734, 0.3965531581029104]
277477560493535952	[-1.788204710374901e-94, 0.0, 0.015253759270568651, 0.49893399816228357, 0.30410336432663143]	[1.2598502035433096e-94, 0.0, 0.0107178117251643, 0.10262581243659957, 0.15189790412176696]
395637406287146043	[-1.788204710374901e-94, 0.0, 0.015329393698584775, 0.5138732820488122, 0.3322193441803396]	[1.2598502035433098e-94, 0.0, 0.010720834141792793, 0.08448407184956218, 0.18707157414332912]
217491521903157938	[-1.7882047103938548e-94, 0.0, 0.015253759270568651, 0.4740828797366644, 0.29363704938665447]	[1.2598502035164078e-94, 0.0, 0.0107178117251643, 0.14967549385832452, 0.13644744847174659]
289687903079582503	[-2.522365001980863e-94, 0.0, 0.034003759387760665, 0.7142535332820993, 0.2884226248869097]	[1.6536336017276773e-94, 0.0, 0.027455291260315484, 0.11760444498845463, 0.17692345449828742]
307816046345228027	[-1.7882047103505774e-94, 0.0, 0.033973214581362196, 0.550903600509115, 0.1605603236040697]	[1.2598502035400852e-94, 0.0, 0.027479051433598127, 0.1887340065582907, 0.04479515187950762]
134053727976090252	[-1.788204710374901e-94, 0.0, 0.015253759270568651, 0.4698034201688436, 0.3993298893944359]	[1.2598502035433098e-94, 0.0, 0.0107178117251643, 0.11828047105867734, 0.3965531581029104]
226936619725368187	[-9.316843701327239e-95, 0.0, 0.011122000649278627, 0.4689201131130134, 0.4196155217691558]	[9.604512257134203e-95, 0.0, 0.009271892441598867, 0.10004543387911152, 0.49338514058197264]
795276815927965519	[-1.2987645159507998e-94, 0.0, 0.007962092401040033, 0.4351383041349483, 0.3662955937184531]	[1.0870582883587686e-94, 0.0, 0.008193890695924187, 0.11454453295576604, 0.3815811850581347]
505424452466928927	[-9.316843701084e-95, 0.0, 0.008086598359038742, 0.36759586193367105, 0.2050818574947803]	[9.604512257277432e-95, 0.0, 0.008336281636898887, 0.14047966611346147, 0.09330245637930502]
64598708	[-1.788204710374901e-94, 0.0, 0.015253759270568651, 0.4698034201688436, 0.3993298893944359]	[1.2598502035433098e-94, 0.0, 0.0107178117251643, 0.11828047105867734, 0.3965531581029104]
577356577743406329	[-3.990685585253167e-94, 0.0, 0.021538667462663294, 0.5382790320532103, 0.3697294388335727]	[3.2278445646781556e-94, 0.0, 0.014040711848031084, 0.07785662131006961, 0.2537717625662347]
900182261617621677	[-1.788204710374901e-94, 0.0, 0.015253759270568651, 0.4698034201688436, 0.3993298893944359]	[1.2598502035433098e-94, 0.0, 0.0107178117251643, 0.11828047105867734, 0.3965531581029104]
969698538009233763	[-1.788204710374901e-94, 0.0, 0.015253759270568651, 0.4760072705915894, 0.4179925788720663]	[1.2598502035433098e-94, 0.0, 0.0107178117251643, 0.1147538841267924, 0.4278859500320124]
596368303281285909	[-1.7882047103474185e-94, 0.0, 0.034003759387760665, 0.6811638779858857, 0.23810423197506128]	[1.25985020353966e-94, 0.0, 0.027455291260315484, 0.15400393955648875, 0.10594429693864071]
883142726313879846	[-1.788204710374901e-94, 0.0, 0.015253759270568651, 0.4698034201688436, 0.3993298893944359]	[1.2598502035433098e-94, 0.0, 0.0107178117251643, 0.11828047105867734, 0.3965531581029104]
966463307251951629	[-1.7882047103938548e-94, 0.0, 0.015253759270568651, 0.4712202419405018, 0.28741615289411104]	[1.2598502035164078e-94, 0.0, 0.0107178117251643, 0.1527747357523337, 0.13193932659623278]
244651258665497985	[-1.788204710342342e-94, 0.0, 0.03400375925421486, 0.5753635033628374, 0.17158208223475935]	[1.2598502035404985e-94, 0.0, 0.027455291182507866, 0.1961749784788492, 0.057482408544679175]
659694361680749282	[-1.2987645159507998e-94, 0.0, 0.015253759270568651, 0.43888049133696694, 0.2521615125295649]	[1.0870582883587686e-94, 0.0, 0.0107178117251643, 0.16950570915453264, 0.11350245467466744]
562490399183599019	[-1.788204710344711e-94, 0.0, 0.021473214592264724, 0.6159709967433814, 0.21400841680297933]	[1.2598502035398968e-94, 0.0, 0.01407759332899864, 0.14481908220356718, 0.09102636331721663]
950030656346430743	[-1.298764515923317e-94, 0.0, 0.015253759270568651, 0.5143250000381487, 0.2957535319831526]	[1.0870582883649216e-94, 0.0, 0.0107178117251643, 0.09017495240625953, 0.14507524257319404]
861060169746014339	[-9.316843701327239e-95, 0.0, 0.007962092401040033, 0.4343612952077913, 0.3662180626310393]	[9.604512257134203e-95, 0.0, 0.008193890695924187, 0.1149865636061817, 0.38617124549885423]
341537602	[-9.316843701327239e-95, 0.0, 0.007962092401040033, 0.43456056498049517, 0.36760695151992817]	[9.604512257134203e-95, 0.0, 0.008193890695924187, 0.11468852174768612, 0.38969094092831225]
486245584010345222	[-1.788204710374901e-94, 0.0, 0.015253759270568651, 0.4705009078143322, 0.4014035215586171]	[1.2598502035433098e-94, 0.0, 0.0107178117251643, 0.1178808798027017, 0.40003324650547173]
975069055111772303	[-1.788204710344711e-94, 0.0, 0.021473214592264724, 0.6113101439902928, 0.20778752031043587]	[1.2598502035398968e-94, 0.0, 0.01407759332899864, 0.15039885670420994, 0.08276034516945356]
46793442	[-1.298764515923317e-94, 0.0, 0.015329393609554239, 0.5542420790357802, 0.14540699370086418]	[1.0870582883649216e-94, 0.0, 0.010720833992280132, 0.1599485047775995, 0.03875995244881592]
437284688342342980	[-2.522365001995258e-94, 0.0, 0.034128265158795246, 0.5184752236905618, 0.3541042102614372]	[1.653633601726007e-94, 0.0, 0.027379957575930966, 0.08091760647920186, 0.21658868938623999]
583420921730489308	[-1.788204710342342e-94, 0.0, 0.03400375925421486, 0.564230253292184, 0.15718438488571532]	[1.2598502035404985e-94, 0.0, 0.027455291182507866, 0.2038991125717027, 0.04226654432000516]
408521884302140927	[-9.316843701327239e-95, 0.0, 0.007962092401040033, 0.4353182112063057, 0.36968058368410944]	[9.604512257134203e-95, 0.0, 0.008193890695924187, 0.11429585755090267, 0.39318218427946633]
226090748716394921	[-9.316843701327236e-95, 0.0, 0.011087092398314402, 0.433687310812015, 0.36584960754521184]	[9.604512257134202e-95, 0.0, 0.00925938130516342, 0.11610027033846816, 0.3816886632607022]
689498176878498142	[-9.316843701327239e-95, 0.0, 0.00814768765132575, 0.4465069164769896, 0.35865822948135684]	[9.604512257134203e-95, 0.0, 0.008278387739971244, 0.10177415860973234, 0.37628008095144766]
437582337009655869	[-1.2987645159697533e-94, 0.0, 0.015329393698584775, 0.4581299866914157, 0.2804351370219287]	[1.0870582883361238e-94, 0.0, 0.010720834141792793, 0.14646070411590095, 0.13432933512937614]
137761876998746427	[-1.2987645159697533e-94, 0.0, 0.015223214597715987, 0.44807354455490356, 0.23330883666934793]	[1.087058288336124e-94, 0.0, 0.010725265344928809, 0.14135413094383154, 0.11517562467987581]
459543563251684433	[-1.298764515926476e-94, 0.0, 0.01588734296699625, 0.5329894841779231, 0.413561485554038]	[1.0870582883668366e-94, 0.0, 0.01042389360324399, 0.10825345760521782, 0.4379182105842521]
668507988021629657	[-3.990685585253167e-94, 0.0, 0.021538667462663294, 0.5356637759459819, 0.36558217450521036]	[3.2278445646781556e-94, 0.0, 0.014040711848031084, 0.07859456569598315, 0.24772425878379042]
198175473590802180	[-1.2987645159507998e-94, 0.0, 0.007962092401040033, 0.43711021431369196, 0.3687780859500255]	[1.0870582883587686e-94, 0.0, 0.008193890695924187, 0.11541107327739827, 0.3848340220256922]
9664312294	[-9.316843701084e-95, 0.0, 0.008086598359038742, 0.39419028110983834, 0.20934752045486252]	[9.604512257277432e-95, 0.0, 0.008336281636898887, 0.11183022547400265, 0.1167600963880045]
8515863624	[-1.788204710374901e-94, 0.0, 0.015253759270568651, 0.473270297027398, 0.40969805021534167]	[1.2598502035433098e-94, 0.0, 0.0107178117251643, 0.11630205806432264, 0.4139570445151074]
2336638020	[-9.316843701327239e-95, 0.0, 0.01105654777888006, 0.4699482177091315, 0.41667509285867005]	[9.604512257134203e-95, 0.0, 0.00925426564887575, 0.10285937378061406, 0.4860332704471499]
7565007951	[-9.316843701327239e-95, 0.0, 0.007962092401040033, 0.43456056498049517, 0.36760695151992817]	[9.604512257134203e-95, 0.0, 0.008193890695924187, 0.11468852174768612, 0.38969094092831225]
308231913	[-1.788204710342342e-94, 0.0, 0.02157939369313351, 0.5087621812013138, 0.16282667826602398]	[1.2598502035404985e-94, 0.0, 0.01402698695920346, 0.19775244862942157, 0.0459800099727874]
