552278840	[-2.280774357423317e-11, -2.280774356217232e-11, 0.10494053853045267, 0.46520796015886506, 0.27943858400540805]	[1.0436134434607601e-11, 1.0436134434290321e-11, 0.04113880687054237, 0.14958456277353682, 0.12666453471318292]
892926801860677632	[-1.3548865628502612e-11, -1.3548865617034916e-11, 0.07817808532955133, 0.5329894841779231, 0.41356148555403804]	[1.101268363412394e-11, 1.1012683627202055e-11, 0.011804560011203958, 0.10825345760521782, 0.4379182105842521]
905719296134971392	[-3.9260207405108524e-11, -3.926020739292033e-11, 0.10726376210039278, 0.535663775945982, 0.36558217450521036]	[3.1372028397419796e-11, 3.13720284037089e-11, 0.06984896929075908, 0.07859456569598315, 0.24772425878379042]
532655237	[-2.084840476332564e-11, -2.0848404751619774e-11, 0.08410952918775867, 0.4705009078143322, 0.4014035215586171]	[1.2796015754392391e-11, 1.2796015751398246e-11, 0.01372535824210274, 0.1178808798027017, 0.4000332465054718]
890502281887612928	[-1.8022687882725083e-11, -1.8022687872143753e-11, 0.08412551240503634, 0.44807354455490356, 0.23330883666934793]	[8.432784327923634e-12, 8.43278432265579e-12, 0.029218311127774413, 0.14135413094383154, 0.11517562467987581]
377925526	[-1.2474558346460142e-11, -1.2474558337734745e-11, 0.05906060967448305, 0.4332457847842075, 0.2679641405094656]	[8.856661698689012e-12, 8.856661690580945e-12, 0.03228672578798884, 0.1341801958918812, 0.16073863696158136]
3398737828	[-2.0848405641659696e-11, -2.084840557445835e-11, 0.16747647962794163, 0.6485323366580837, 0.2555392602813791]	[1.2796014836638027e-11, 1.2796014819646744e-11, 0.032390663226143195, 0.12808925629531584, 0.1439915357930039]
3545097856	[-1.2474558344049362e-11, -1.2474558336546844e-11, 0.058606538487130024, 0.4383263516929223, 0.37797511234083403]	[8.856661698159836e-12, 8.856661691480163e-12, 0.01819402870937779, 0.11274417824039873, 0.40714874968271786]
211577392	[-1.294240351525011e-11, -1.2942403497059616e-11, 0.11433573037765267, 0.5792952712596446, 0.17114435507520961]	[1.068551995015775e-11, 1.0685519947263636e-11, 0.05151963975797469, 0.15873161142908054, 0.04792147252628336]
743729451708481536	[-2.0848405364552708e-11, -2.084840535059089e-11, 0.12525060470448712, 0.5138732820488122, 0.3322193441803396]	[1.2796014778124376e-11, 1.2796014774346698e-11, 0.02869972572518886, 0.08448407184956218, 0.18707157414332912]
751805919743315969	[-2.2807743492624363e-11, -2.2807743507739576e-11, 0.1065021420142358, 0.4740828797366644, 0.29363704938665447]	[1.0436134485383637e-11, 1.0436134468157734e-11, 0.04123541495560025, 0.14967549385832452, 0.13644744847174659]
1664655710	[-1.2474558951549894e-11, -1.247455894118609e-11, 0.0712176688297809, 0.46994821770913153, 0.41667509285867005]	[8.85666085074394e-12, 8.85666084438456e-12, 0.04494615672187647, 0.10285937378061405, 0.4860332704471499]
876224066759405568	[-1.748254132204796e-11, -1.74825413051476e-11, 0.10633652647908226, 0.564230253292184, 0.15718438488571532]	[1.2317036807585677e-11, 1.231703680102058e-11, 0.04772506143196447, 0.2038991125717027, 0.042266544320005164]
54219545	[-2.2807743492624363e-11, -2.2807743507739576e-11, 0.1065021420142358, 0.4687505781734824, 0.2832688885657487]	[1.0436134485383637e-11, 1.0436134468157735e-11, 0.04123541495560025, 0.15494812956954615, 0.129320950952151]
909435307304607744	[-1.606334966148345e-11, -1.606334965489044e-11, 0.059868025628058145, 0.43711021431369196, 0.36877808595002554]	[1.0353061258956056e-11, 1.0353061256565513e-11, 0.016556648467649003, 0.11541107327739827, 0.38483402202569217]
1028440310	[-8.623855878715798e-12, -8.623855873591546e-12, 0.04753511948801548, 0.47955381491583443, 0.1711463276559203]	[8.249997788414878e-12, 8.24999778215098e-12, 0.0197926731910293, 0.1039795789010871, 0.05428865791036169]
222496251	[-1.60633502650822e-11, -1.606335025681291e-11, 0.07085475248677932, 0.47477939558714793, 0.42676583901464904]	[1.0353060327913745e-11, 1.0353060324502464e-11, 0.045050031818962694, 0.10124629944117645, 0.49065795201274215]
179181381	[-1.748254112654923e-11, -1.748254110849096e-11, 0.1012233666566581, 0.5087621812013137, 0.16282667826602396]	[1.2317036473550439e-11, 1.2317036463889638e-11, 0.04445268391320557, 0.19775244862942157, 0.045980009972787395]
25816024	[-1.294795298214434e-11, -1.2947952971083222e-11, 0.12883097652149356, 0.5502612306921252, 0.12577561320380184]	[1.0682495456131302e-11, 1.0682495449186112e-11, 0.038445867791841414, 0.1650152262333439, 0.027367981250728493]
569257486	[-1.7727458394944365e-11, -1.7727458381561585e-11, 0.0715653675537109, 0.5721253027026556, 0.15039012725840864]	[1.2271812500470326e-11, 1.2271812496807352e-11, 0.05077272216997939, 0.16830422810405732, 0.03713361722749393]
3356627800	[-1.8725788289403724e-11, -1.8725788300262725e-11, 0.09390985774289584, 0.589059715651695, 0.18822136907512266]	[1.2513966860909265e-11, 1.2513966850675032e-11, 0.021320111588980572, 0.13546663725786645, 0.07230915814443875]
58429842	[-1.3222308760764322e-11, -1.3222308748245324e-11, 0.08343554557343291, 0.5485709296106573, 0.143333361536683]	[1.0801281261348382e-11, 1.0801281254885893e-11, 0.049435885603966306, 0.16444286498853322, 0.03591030881836077]
19590930	[-1.748254133139802e-11, -1.74825413128736e-11, 0.10704781642827163, 0.6001496916411099, 0.17170904326683292]	[1.2317036802628618e-11, 1.23170367958275e-11, 0.050782930210058086, 0.1689390258410224, 0.05158320644937787]
245957521	[-1.8725788068054044e-11, -1.8725788055711084e-11, 0.13032063515683387, 0.7319744781464969, 0.16974146290041475]	[1.2513967295824859e-11, 1.2513967289549781e-11, 0.03587866680838788, 0.11655492883627747, 0.06481161677378436]
20447568	[-1.2474558344049362e-11, -1.2474558336546844e-11, 0.058606538487130024, 0.4330384616503449, 0.36345968719156596]	[8.856661698159836e-12, 8.856661691480163e-12, 0.01819402870937779, 0.11547963236739717, 0.38270896232443957]
826067879879651329	[-2.280774349262436e-11, -2.2807743507739576e-11, 0.1065021420142358, 0.4712202419405019, 0.28741615289411104]	[1.0436134485383636e-11, 1.0436134468157735e-11, 0.04123541495560025, 0.15277473575233375, 0.13193932659623278]
1631211283	[-9.96007404422601e-12, -9.96007403674809e-12, 0.058386172264522654, 0.39419028110983834, 0.2093475204548625]	[1.0129782411560961e-11, 1.0129782404554019e-11, 0.037762312836630146, 0.11183022547400265, 0.1167600963880045]
117754884	[-2.280774349262436e-11, -2.2807743507739573e-11, 0.10650214201423579, 0.4712202419405018, 0.28741615289411104]	[1.0436134485383636e-11, 1.0436134468157734e-11, 0.04123541495560026, 0.15277473575233372, 0.13193932659623278]
3289816264	[-1.2474589734951378e-11, -1.2474589727448757e-11, 0.0925804881478773, 0.43456056498049517, 0.36760695151992817]	[8.85664381248025e-12, 8.856643805800477e-12, 0.04053063476561463, 0.11468852174768611, 0.38969094092831225]
714602578529665024	[-2.084840476332564e-11, -2.0848404751619777e-11, 0.08410952918775867, 0.47119632914364723, 0.4034771537227982]	[1.2796015754392391e-11, 1.2796015751398246e-11, 0.013725358242102737, 0.11748325602089345, 0.4035136882611226]
42401449	[-1.8007364054375552e-11, -1.8007364041057922e-11, 0.09286166384069335, 0.5751607602044682, 0.16078721149617367]	[1.226401235485598e-11, 1.2264012349985068e-11, 0.05708265419816494, 0.15937121771362742, 0.03940633408046583]
223782598	[-1.60633502650822e-11, -1.606335025681291e-11, 0.07085475248677933, 0.4733661396389232, 0.42261633957188344]	[1.0353060327913744e-11, 1.0353060324502462e-11, 0.045050031818962694, 0.10201295606910993, 0.48366145963350227]
786863976030220289	[-2.0848404763325643e-11, -2.0848404751619777e-11, 0.08410952918775867, 0.46980342016884363, 0.3993298893944359]	[1.279601575439239e-11, 1.2796015751398246e-11, 0.01372535824210274, 0.11828047105867734, 0.3965531581029105]
1707513156	[-1.2474558344049362e-11, -1.2474558336546844e-11, 0.058606538487130024, 0.43456056498049517, 0.36760695151992817]	[8.856661698159836e-12, 8.856661691480165e-12, 0.018194028709377794, 0.11468852174768612, 0.38969094092831225]
359850032	[-1.7727458607470332e-11, -1.7727458589826583e-11, 0.07600724772749287, 0.6030808344023676, 0.1974193594895301]	[1.2271812835401456e-11, 1.2271812832136204e-11, 0.04466235691435657, 0.16059651130485036, 0.07032220021923548]
2906686402	[-1.35488662361778e-11, -1.3548866222253626e-11, 0.08995123226321139, 0.5130134004164261, 0.29559465210452707]	[1.1012682892243103e-11, 1.1012682886281221e-11, 0.03898268984738629, 0.090104899148832, 0.14497760194794926]
2920256952	[-2.0848404763325643e-11, -2.0848404751619777e-11, 0.08410952918775867, 0.4705009078143322, 0.4014035215586171]	[1.279601575439239e-11, 1.2796015751398245e-11, 0.013725358242102744, 0.1178808798027017, 0.40003324650547173]
845781575170244610	[-1.606334966780104e-11, -1.6063349658607833e-11, 0.06709883881961884, 0.43888049133696694, 0.2521615125295649]	[1.035306126351015e-11, 1.0353061258705161e-11, 0.019465037012347603, 0.16950570915453264, 0.11350245467466744]
1274709210	[-3.986666926190551e-11, -3.986666924456868e-11, 0.14512837143080207, 0.7079779097468986, 0.3111675272265558]	[3.097388498008766e-11, 3.0973884988253607e-11, 0.049151942110202754, 0.08954145880790468, 0.2265242673759764]
857912957346471936	[-1.2474558344049366e-11, -1.2474558336546844e-11, 0.058606538487130024, 0.43436129520779126, 0.3662180626310393]	[8.856661698159837e-12, 8.856661691480163e-12, 0.018194028709377794, 0.1149865636061817, 0.38617124549885423]
791162759228624896	[-1.2474558950330016e-11, -1.2474558939646293e-11, 0.07987978303670086, 0.4689201131130135, 0.41961552176915573]	[8.856660850303804e-12, 8.856660843730144e-12, 0.044084017603957415, 0.10004543387911154, 0.4933851405819726]
142334501	[-1.2942403802533135e-11, -1.2942403791242116e-11, 0.12861033076021475, 0.6245898438458474, 0.2221581261453923]	[1.0685519599106807e-11, 1.0685519591081163e-11, 0.041945862644471275, 0.1771510270426483, 0.1214036338167796]
878977884999876610	[-1.2474558344049362e-11, -1.2474558336546844e-11, 0.058606538487130024, 0.4353182112063057, 0.36968058368410944]	[8.856661698159836e-12, 8.856661691480163e-12, 0.01819402870937779, 0.11429585755090267, 0.39318218427946633]
741963075985760256	[-2.084840536677443e-11, -2.0848405353525896e-11, 0.10430743425890203, 0.49893399816228357, 0.30410336432663143]	[1.2796014777311005e-11, 1.2796014773455926e-11, 0.032836644560489694, 0.10262581243659959, 0.15189790412176696]
26203837	[-1.2474558343609118e-11, -1.2474558336453179e-11, 0.05844095801575995, 0.44807901397317523, 0.3586940923051814]	[8.85666169748239e-12, 8.856661691336032e-12, 0.018203992191662115, 0.1027092443346837, 0.37622759852606147]
36327895	[-2.5511503061518772e-11, -2.5511503048657267e-11, 0.06968633145946124, 0.6916506773665313, 0.1712682326793156]	[1.579017877223496e-11, 1.5790178774549495e-11, 0.03388206468849094, 0.10820965596147543, 0.04819367255675781]
222036996	[-2.0848404763325643e-11, -2.0848404751619777e-11, 0.08410952918775869, 0.4705009078143322, 0.4014035215586171]	[1.279601575439239e-11, 1.2796015751398246e-11, 0.013725358242102739, 0.1178808798027017, 0.40003324650547173]
809247439383392257	[-2.0848404763325643e-11, -2.0848404751619774e-11, 0.08410952918775867, 0.46980342016884363, 0.3993298893944359]	[1.279601575439239e-11, 1.2796015751398245e-11, 0.013725358242102739, 0.11828047105867734, 0.3965531581029104]
422684232	[-2.0848405357750828e-11, -2.0848405349013726e-11, 0.07488669517808826, 0.48138181478221775, 0.4374617364949402]	[1.2796014770734969e-11, 1.2796014770298895e-11, 0.043881008782967516, 0.0975026939189803, 0.4921017078591034]
388187529	[-1.2474558344049362e-11, -1.2474558336546844e-11, 0.058606538487130024, 0.4360736019894569, 0.37175421584829055]	[8.856661698159837e-12, 8.856661691480163e-12, 0.018194028709377794, 0.1139051037029388, 0.39667359103426886]
827106904245731328	[-1.7482540581054013e-11, -1.7482540570343937e-11, 0.1439754286311502, 0.5753635033628374, 0.17158208223475935]	[1.2317037161496636e-11, 1.2317037148379382e-11, 0.04101781854091668, 0.1961749784788492, 0.057482408544679175]
86711514	[-1.322230876081097e-11, -1.3222308748336464e-11, 0.08200583279372567, 0.5542420790357802, 0.14540699370086416]	[1.0801281261373942e-11, 1.0801281254935826e-11, 0.048578188868223224, 0.1599485047775995, 0.03875995244881592]
800434576350789632	[-1.6063349662569934e-11, -1.6063349655064543e-11, 0.07472368671150628, 0.4351383041349483, 0.3662955937184531]	[1.0353061259259471e-11, 1.0353061256617702e-11, 0.02290524320022277, 0.11454453295576603, 0.3815811850581347]
2368436134	[-2.4660124271341797e-11, -2.4660124251720214e-11, 0.07284237372147198, 0.727766485395465, 0.24885290807713173]	[1.616689498217194e-11, 1.6166894975866885e-11, 0.03589825551698833, 0.09953384986292164, 0.12221979074163644]
2862964321	[-1.2942403300082942e-11, -1.2942403288781827e-11, 0.07028191847525565, 0.5659238853247414, 0.14158156835096852]	[1.0685520203007304e-11, 1.068552019570702e-11, 0.05544026745595412, 0.15948385732802023, 0.04094318470488449]
54851559	[-1.8022687705777427e-11, -1.8022687752750813e-11, 0.09601621453614971, 0.4327307633974839, 0.2455623744502851]	[8.432784333143773e-12, 8.432784325988255e-12, 0.019850463462101276, 0.16216835539587998, 0.11092132796988782]
819581851903938562	[-2.0848404763325643e-11, -2.084840475161978e-11, 0.08410952918775869, 0.46980342016884363, 0.3993298893944359]	[1.2796015754392391e-11, 1.2796015751398246e-11, 0.013725358242102737, 0.11828047105867734, 0.3965531581029104]
777573276692451328	[-1.8333920430189218e-11, -1.8333920411988963e-11, 0.11020747925572433, 0.550903600509115, 0.1605603236040697]	[1.2324461693319353e-11, 1.2324461686684447e-11, 0.047723940831702484, 0.1887340065582907, 0.04479515187950762]
293013635	[-1.2474558344049366e-11, -1.2474558336546844e-11, 0.058606538487130024, 0.4360736019894569, 0.37175421584829055]	[8.856661698159837e-12, 8.856661691480163e-12, 0.018194028709377794, 0.1139051037029388, 0.39667359103426886]
140101267	[-1.748254143140944e-11, -1.748254142355478e-11, 0.14420672255738404, 0.5771041827429984, 0.1736557143989405]	[1.231703676395544e-11, 1.2317036749362408e-11, 0.0410129939278441, 0.19401099545395023, 0.058976080441483475]
560467206	[-1.8007364959575873e-11, -1.8007364943669138e-11, 0.09552941419523843, 0.5105740776192469, 0.3074800401408513]	[1.2264011037561154e-11, 1.2264011031119992e-11, 0.0382314161374688, 0.09660931178323837, 0.15819360912782535]
862688770205863937	[-1.7727458607470332e-11, -1.7727458589826583e-11, 0.07600724772749287, 0.6113101439902928, 0.20778752031043587]	[1.2271812835401456e-11, 1.2271812832136204e-11, 0.04466235691435657, 0.15039885670420994, 0.08276034516945355]
474013625	[-1.1494888935614056e-11, -1.149488892902735e-11, 0.05719480953845893, 0.46789859824926183, 0.17808838787022405]	[9.707964430852075e-12, 9.707964425352103e-12, 0.026641375600609613, 0.07873590666541828, 0.05087086671041449]
801355099796803584	[-9.960074328772799e-12, -9.960074321294878e-12, 0.08333841120794887, 0.36759586193367105, 0.2050818574947803]	[1.0129782131781326e-11, 1.0129782124774386e-11, 0.02089942366329837, 0.1404796661134615, 0.09330245637930502]
39475170	[-2.4905041547997276e-11, -2.4905041528375693e-11, 0.07316426843921958, 0.7310947259461495, 0.2645965933941197]	[1.6023128907890227e-11, 1.6023128901526035e-11, 0.03628776178632245, 0.08667057792841895, 0.1417156363218142]
21422783	[0.000497059001607738, 0.000497059001607738, 0.13677297356124318, 0.7289213572569777, 0.3347781369123891]	[0.00032586619814962357, 0.00032586619814962357, 0.019105313326568205, 0.10152221574328958, 0.259467505273337]
875915736300040192	[-2.6393206159223555e-11, -2.6393206143765443e-11, 0.11644030222866718, 0.5184752236905616, 0.3541042102614372]	[1.590097128105798e-11, 1.5900971281390268e-11, 0.023522572115894192, 0.08091760647920186, 0.21658868938623999]
192463771	[-3.9260207405635374e-11, -3.9260207393013993e-11, 0.10746507297939376, 0.5361901164959537, 0.3654291132807206]	[3.13720283971462e-11, 3.1372028403660266e-11, 0.06973248482876639, 0.07832333665639506, 0.24781275939782899]
802492036268126208	[-3.9260207405108524e-11, -3.926020739292033e-11, 0.10726376210039278, 0.5382790320532101, 0.3697294388335727]	[3.1372028397419796e-11, 3.13720284037089e-11, 0.06984896929075908, 0.07785662131006961, 0.2537717625662347]
884586449831686145	[-1.2474558342478608e-11, -1.2474558335885594e-11, 0.05705145229248031, 0.43368731081201495, 0.3658496075452118]	[8.856661696990728e-12, 8.85666169156803e-12, 0.01873453792041679, 0.11610027033846816, 0.3816886632607021]
704221216912105473	[-1.748254132673759e-11, -1.748254130746127e-11, 0.11003350153150057, 0.5718175890520125, 0.16743481790639703]	[1.23170368123452e-11, 1.2317036803655293e-11, 0.04999383606535201, 0.20061634913227722, 0.05504404905187602]
465965880	[-1.8725788067817635e-11, -1.872578805249621e-11, 0.09107231656773163, 0.5385837915284262, 0.1611781078666655]	[1.2513967293731522e-11, 1.251396728740181e-11, 0.05761137576512902, 0.178161677798287, 0.047397219094409936]
154172528	[-1.2474558344049362e-11, -1.2474558336546844e-11, 0.058606538487130024, 0.4345605649804952, 0.36760695151992817]	[8.856661698159836e-12, 8.856661691480163e-12, 0.01819402870937779, 0.11468852174768611, 0.38969094092831225]
1156991923	[-1.8333921323194317e-11, -1.8333921310815924e-11, 0.07975450569152001, 0.5005963922933175, 0.28522825803694835]	[1.2324460346277389e-11, 1.2324460342431107e-11, 0.014465785977449552, 0.09096226837171754, 0.13780460301857142]
288567673	[-1.2474558344049366e-11, -1.2474558336546844e-11, 0.058606538487130024, 0.43348395110065774, 0.3637527740701778]	[8.856661698159837e-12, 8.856661691480163e-12, 0.018194028709377794, 0.1157818503096325, 0.3825586510272542]
2173684107	[-1.8022687598120074e-11, -1.8022687680902943e-11, 0.11791702061104156, 0.4077252671738221, 0.1822487876794495]	[8.432784284772388e-12, 8.432784293324378e-12, 0.049778590600354715, 0.19321209982779028, 0.05554463785067371]
2413215217	[-1.2942403515250083e-11, -1.2942403497059593e-11, 0.11433701865197075, 0.5883309490172987, 0.17536688159656647]	[1.0685519950157713e-11, 1.0685519947263599e-11, 0.051520639817956584, 0.14108118018708038, 0.05944922523040893]
3292722958	[-2.084840476332564e-11, -2.084840475161978e-11, 0.08410952918775869, 0.46980342016884363, 0.3993298893944359]	[1.2796015754392391e-11, 1.2796015751398246e-11, 0.01372535824210274, 0.11828047105867734, 0.3965531581029105]
22900494	[-1.2474558349146265e-11, -1.247455833907569e-11, 0.06712898461237142, 0.45341399075169597, 0.3698903674835651]	[8.856661696537129e-12, 8.856661689716744e-12, 0.018255392956120584, 0.11706685353475842, 0.38056633198770357]
474708096	[-9.960074343057705e-12, -9.960074335579786e-12, 0.08389829495196528, 0.3748404408596583, 0.2119086106804264]	[1.0129782117735741e-11, 1.01297821107288e-11, 0.02039308195092298, 0.13632950288859005, 0.10025402546968464]
311380778	[-4.23811532732428e-11, -4.238115326069989e-11, 0.13202171584459643, 0.5124436605851724, 0.36102789587405903]	[3.123213434541313e-11, 3.1232134353139775e-11, 0.058388533976167105, 0.07323392750879157, 0.25434562962812657]
860264322311659520	[-2.084840476332564e-11, -2.0848404751619777e-11, 0.08410952918775869, 0.4705009078143322, 0.4014035215586171]	[1.2796015754392391e-11, 1.2796015751398246e-11, 0.013725358242102739, 0.1178808798027017, 0.40003324650547173]
890041069639016448	[-1.80226883093523e-11, -1.8022688355149366e-11, 0.10931855262594382, 0.4581299866914157, 0.2804351370219287]	[8.43278417049088e-12, 8.432784161297869e-12, 0.0421239862920459, 0.14646070411590095, 0.13432933512937612]
4376048613	[-1.3548865056502792e-11, -1.3548865038375384e-11, 0.13372002770846836, 0.56092361609224, 0.16176036574852892]	[1.1012684214287874e-11, 1.1012684210816937e-11, 0.05545457139451778, 0.1272752084648613, 0.04071861608271283]
1653321740	[-2.0848404763325643e-11, -2.0848404751619777e-11, 0.08410952918775869, 0.473270297027398, 0.40969805021534167]	[1.279601575439239e-11, 1.2796015751398246e-11, 0.013725358242102737, 0.11630205806432264, 0.4139570445151074]
1143130812	[-1.2474558343609118e-11, -1.2474558336453179e-11, 0.05844095801575995, 0.4496932525521688, 0.3628413566335436]	[8.85666169748239e-12, 8.856661691336032e-12, 0.018203992191662115, 0.10188986218496413, 0.3832077534241626]
37105136	[-1.3222309259184255e-11, -1.3222309248625724e-11, 0.06521179267915975, 0.4847829523603137, 0.24677597926203174]	[1.0801280652593148e-11, 1.0801280644639946e-11, 0.02748383973772408, 0.11335558195176781, 0.10842979174411412]
756914316566224896	[-2.490504156694537e-11, -2.4905041537605173e-11, 0.16665623684213549, 0.7142535332820993, 0.2884226248869097]	[1.602312889836786e-11, 1.6023128892502823e-11, 0.06461978508541125, 0.11760444498845463, 0.17692345449828742]
818479808837455873	[-1.800736496269977e-11, -1.8007364946542007e-11, 0.08108043106978359, 0.6811638779858857, 0.23810423197506128]	[1.226401104280057e-11, 1.2264011034557286e-11, 0.030796073819593154, 0.15400393955648875, 0.10594429693864071]
1005305156	[-2.0848404763325643e-11, -2.0848404751619774e-11, 0.08410952918775869, 0.4698034201688436, 0.3993298893944359]	[1.279601575439239e-11, 1.2796015751398245e-11, 0.013725358242102739, 0.11828047105867734, 0.3965531581029104]
11985982	[-1.800736407357557e-11, -1.8007364061646822e-11, 0.07455446488444946, 0.7010184782257509, 0.13756786694182044]	[1.226401235343285e-11, 1.2264012350327994e-11, 0.03242913151450223, 0.06217713961161134, 0.037447037925023054]
849608792098705408	[-1.3222309873211027e-11, -1.3222309857601718e-11, 0.0991313562829332, 0.5143250000381487, 0.2957535319831526]	[1.0801279918067406e-11, 1.0801279910465626e-11, 0.03429299944161644, 0.09017495240625953, 0.14507524257319404]
847424832400629760	[-1.7727458607470336e-11, -1.7727458589826583e-11, 0.07600724772749289, 0.6159709967433814, 0.2140084168029793]	[1.2271812835401456e-11, 1.2271812832136204e-11, 0.04466235691435658, 0.14481908220356718, 0.09102636331721663]
3372055939	[-1.2474558344049362e-11, -1.2474558336546844e-11, 0.058606538487130024, 0.4360736019894568, 0.37175421584829055]	[8.856661698159836e-12, 8.856661691480163e-12, 0.01819402870937779, 0.1139051037029388, 0.39667359103426886]
562662319	[-2.084840476332564e-11, -2.0848404751619774e-11, 0.08410952918775869, 0.4705009078143322, 0.4014035215586171]	[1.279601575439239e-11, 1.2796015751398245e-11, 0.01372535824210274, 0.1178808798027017, 0.40003324650547173]
886794351459827713	[-1.2474558340082159e-11, -1.2474558334564224e-11, 0.056305244354751406, 0.4465069164769896, 0.35865822948135684]	[8.856661692228562e-12, 8.856661688460196e-12, 0.019084417103610387, 0.10177415860973234, 0.37628008095144766]
817189988462800896	[-2.0848404763325643e-11, -2.0848404751619777e-11, 0.08410952918775869, 0.47600727059158937, 0.4179925788720663]	[1.279601575439239e-11, 1.2796015751398246e-11, 0.013725358242102739, 0.1147538841267924, 0.4278859500320124]
65375944	[-1.3548865630037029e-11, -1.3548865617373485e-11, 0.07874534304960523, 0.5346418268738925, 0.416469994155105]	[1.1012683635958031e-11, 1.1012683627619335e-11, 0.012207303110754254, 0.10791839352487628, 0.43694441279187896]
3664826895	[-1.2474558344049362e-11, -1.2474558336546844e-11, 0.058606538487130024, 0.43456056498049517, 0.36760695151992817]	[8.856661698159836e-12, 8.856661691480163e-12, 0.018194028709377794, 0.11468852174768612, 0.38969094092831225]
80172249	[-2.0848404763325643e-11, -2.0848404751619777e-11, 0.08410952918775869, 0.4698034201688436, 0.3993298893944359]	[1.279601575439239e-11, 1.2796015751398246e-11, 0.013725358242102739, 0.11828047105867734, 0.3965531581029104]
