192463771	[-2.2100963629288187e-10, 0.0, 0.02147321922552033, 0.5361901164959537, 0.36542911328072053]	[6.88991830445456e-11, 0.0, 0.014077581987934483, 0.07832333665639506, 0.24781275939782893]
19590930	[-2.5087232493144653e-10, 0.0, 0.015223214688440564, 0.60014969164111, 0.17170904326683292]	[1.399701727248348e-10, 0.0, 0.010725261088736306, 0.1689390258410224, 0.05158320644937787]
20447568	[-1.6452594132704997e-10, 0.0, 0.007931551374380499, 0.4330384616503449, 0.36345968719156596]	[1.1786764702325887e-10, 0.0, 0.008176442495816913, 0.11547963236739717, 0.38270896232443957]
211577392	[-2.430830102968932e-10, 0.0, 0.015223235174153969, 0.5792952712596445, 0.17114435507520961]	[1.2835073757066796e-10, 0.0, 0.010725264722399685, 0.15873161142908054, 0.04792147252628336]
21422783	[1.8875117165552304e-09, 0.0, 0.03397321423595162, 0.7289213572569777, 0.33477813691238917]	[1.346270368248319e-09, 0.0, 0.02747904138736045, 0.10152221574328958, 0.259467505273337]
2173684107	[-2.167604567942704e-10, 0.0, 0.015223210928365871, 0.40772526717382207, 0.18224878767944952]	[4.90580063555217e-11, 0.0, 0.010725262226356615, 0.19321209982779025, 0.05554463785067372]
222036996	[-2.2024755999571746e-10, 0.0, 0.015223216306734302, 0.4705009078143322, 0.4014035215586171]	[1.2910009054944473e-10, 0.0, 0.010725260046803202, 0.1178808798027017, 0.40003324650547173]
222496251	[-1.939191312222809e-10, 0.0, 0.01522321065001624, 0.47477939558714793, 0.4267658390146491]	[8.943216651821211e-11, 0.0, 0.010725260200825378, 0.10124629944117645, 0.49065795201274215]
223782598	[-1.941290279324781e-10, 0.0, 0.015223210645365557, 0.4733661396389231, 0.42261633957188344]	[9.057959337824019e-11, 0.0, 0.010725260201486134, 0.10201295606910993, 0.48366145963350227]
22900494	[-1.9461367323285988e-10, 0.0, 0.00793155712770536, 0.45341399075169597, 0.3698903674835651]	[1.2384206648367398e-10, 0.0, 0.008176447253364399, 0.11706685353475842, 0.38056633198770357]
2368436134	[-2.8957612148257844e-10, 0.0, 0.02147321296016469, 0.727766485395465, 0.24885290807713173]	[1.5289107167039344e-10, 0.0, 0.014077586352470186, 0.09953384986292164, 0.12221979074163644]
2413215217	[-2.4163789997399485e-10, 0.0, 0.015223234852074014, 0.5883309490172987, 0.17536688159656647]	[1.2758202117558535e-10, 0.0, 0.01072526515429049, 0.14108118018708038, 0.05944922523040893]
245957521	[-2.442975507282186e-10, 0.0, 0.021473209962244808, 0.7319744781464969, 0.16974146290041475]	[1.1895318536340744e-10, 0.0, 0.014077587395287444, 0.11655492883627747, 0.06481161677378436]
1143130812	[-1.6120141320681255e-10, 0.0, 0.007931556920716114, 0.4496932525521688, 0.3628413566335436]	[1.1347117713331808e-10, 0.0, 0.008176446808608745, 0.10188986218496413, 0.3832077534241626]
25816024	[-2.089352469029347e-10, 0.0, 0.011056555442073693, 0.5502612306921252, 0.12577561320380182]	[9.065783569735933e-11, 0.0, 0.009254265700008264, 0.1650152262333439, 0.027367981250728493]
26203837	[-1.6127151848495297e-10, 0.0, 0.007931556920651141, 0.44807901397317523, 0.3586940923051814]	[1.1342167161782618e-10, 0.0, 0.008176446808640957, 0.1027092443346837, 0.37622759852606147]
1156991923	[-1.916697357801685e-10, 0.0, 0.02147331388288018, 0.5005963922933175, 0.2852282580369483]	[1.117241225556702e-10, 0.0, 0.014077571959151157, 0.09096226837171754, 0.13780460301857145]
117754884	[-2.3179580671936055e-10, 0.0, 0.01522321567940988, 0.4712202419405018, 0.28741615289411104]	[8.304337593598089e-11, 0.0, 0.010725260893103656, 0.1527747357523337, 0.13193932659623278]
2862964321	[-1.416783394134824e-10, 0.0, 0.011056561948787716, 0.5659238853247414, 0.14158156835096852]	[1.3687194341169253e-10, 0.0, 0.009254269512183638, 0.15948385732802023, 0.04094318470488449]
11985982	[-2.0842162479753606e-10, 0.0, 0.015223210217124207, 0.7010184782257509, 0.13756786694182044]	[1.2302371853601267e-10, 0.0, 0.010725261322815668, 0.06217713961161134, 0.037447037925023054]
288567673	[-1.6452833750918978e-10, 0.0, 0.007931551374377871, 0.43348395110065774, 0.3637527740701778]	[1.1786566616626167e-10, 0.0, 0.00817644249581873, 0.1157818503096325, 0.3825586510272543]
2906686402	[-2.192524322814677e-10, 0.0, 0.015223211222869001, 0.5130134004164261, 0.29559465210452707]	[9.879932122095214e-11, 0.0, 0.010725261275501349, 0.090104899148832, 0.14497760194794926]
2920256952	[-2.2025215919460952e-10, 0.0, 0.01522321630672741, 0.4705009078143322, 0.4014035215586171]	[1.290965959842274e-10, 0.0, 0.010725260046806424, 0.1178808798027017, 0.40003324650547173]
293013635	[-1.645696403523792e-10, 0.0, 0.007931551374314956, 0.4360736019894568, 0.37175421584829055]	[1.1783677310049355e-10, 0.0, 0.008176442495849874, 0.11390510370293878, 0.39667359103426886]
311380778	[-2.441109377565944e-10, 0.0, 0.01522322168869068, 0.5124436605851724, 0.3610278958740591]	[7.98065412586831e-11, 0.0, 0.010725259689889579, 0.07323392750879157, 0.25434562962812657]
3289816264	[-2.1859019225012264e-10, 0.0, 0.007931551293284331, 0.43456056498049517, 0.36760695151992817]	[8.246375559517861e-11, 0.0, 0.008176442536600447, 0.11468852174768612, 0.38969094092831225]
3292722958	[-2.2025149225309005e-10, 0.0, 0.015223216306728408, 0.4698034201688436, 0.3993298893944359]	[1.2909710271048564e-10, 0.0, 0.010725260046805959, 0.11828047105867734, 0.3965531581029104]
3356627800	[-2.7100154599596346e-10, 0.0, 0.02147321889296202, 0.589059715651695, 0.18822136907512266]	[1.133132803717742e-10, 0.0, 0.014077583424708452, 0.13546663725786645, 0.07230915814443875]
3372055939	[-1.6997542465755222e-10, 0.0, 0.007931551366206274, 0.4360736019894568, 0.37175421584829055]	[1.1403753943287947e-10, 0.0, 0.008176442499927758, 0.11390510370293878, 0.39667359103426886]
3398737828	[-3.68776094723574e-10, 0.0, 0.021473215712325536, 0.6485323366580836, 0.255539260281379]	[1.3403718047713823e-10, 0.0, 0.014077584004252264, 0.12808925629531584, 0.1439915357930039]
1274709210	[-3.170035951676927e-10, 0.0, 0.021473219834580237, 0.7079779097468986, 0.3111675272265558]	[5.623999857010623e-11, 0.0, 0.01407758334739119, 0.08954145880790468, 0.2265242673759764]
3545097856	[-1.6428665926074695e-10, 0.0, 0.007931551374739412, 0.4383263516929223, 0.3779751123408341]	[1.1803674771516777e-10, 0.0, 0.008176442495636415, 0.11274417824039873, 0.4071487496827178]
359850032	[-2.5793490713833286e-10, 0.0, 0.021473207597898888, 0.6030808344023675, 0.1974193594895301]	[1.1189905330619287e-10, 0.0, 0.014077587994268621, 0.16059651130485036, 0.07032220021923548]
36327895	[-2.3157277706537715e-10, 0.0, 0.015223216125136552, 0.6916506773665312, 0.1712682326793156]	[9.586309596026896e-11, 0.0, 0.010725260048290889, 0.10820965596147543, 0.04819367255675781]
3664826895	[-1.645286083897982e-10, 0.0, 0.007931551374376499, 0.43456056498049517, 0.36760695151992817]	[1.1786576263315798e-10, 0.0, 0.008176442495818925, 0.11468852174768612, 0.38969094092831225]
37105136	[-1.5323980694272705e-10, 0.0, 0.011056651238704075, 0.4847829523603137, 0.24677597926203174]	[1.0798150312934475e-10, 0.0, 0.009254205647952164, 0.11335558195176781, 0.10842979174411412]
377925526	[-1.7770719306251542e-10, 0.0, 0.007931557173829479, 0.43324578478420744, 0.2679641405094656]	[1.0262113447574672e-10, 0.0, 0.008176447212348198, 0.1341801958918812, 0.16073863696158136]
1028440310	[-1.0036321466071709e-10, 0.0, 0.0054315518115667805, 0.47955381491583443, 0.1711463276559203]	[9.455222036541704e-11, 0.0, 0.007089569902392221, 0.1039795789010871, 0.05428865791036169]
388187529	[-1.6496115768306782e-10, 0.0, 0.007931551373727674, 0.4360736019894568, 0.37175421584829055]	[1.1756027279835343e-10, 0.0, 0.008176442496145221, 0.11390510370293878, 0.39667359103426886]
39475170	[-2.9512053515881756e-10, 0.0, 0.021473212969935835, 0.7310947259461497, 0.2645965933941197]	[1.5395170246685126e-10, 0.0, 0.014077586360413306, 0.08667057792841895, 0.1417156363218142]
422684232	[-2.1882485344602155e-10, 0.0, 0.015223210973778933, 0.48138181478221775, 0.4374617364949402]	[8.383990474420956e-11, 0.0, 0.010725260500385626, 0.0975026939189803, 0.4921017078591034]
42401449	[-1.958177071397947e-10, 0.0, 0.015223227415328522, 0.5751607602044682, 0.16078721149617364]	[1.3204944155071098e-10, 0.0, 0.010725261311546483, 0.15937121771362742, 0.03940633408046583]
4376048613	[-2.1807812065929284e-10, 0.0, 0.015223226589001158, 0.56092361609224, 0.16176036574852892]	[1.1871523054033372e-10, 0.0, 0.010725261046315618, 0.1272752084648613, 0.04071861608271283]
465965880	[-2.092388642112091e-10, 0.0, 0.021473213199844684, 0.5385837915284262, 0.16117810786666553]	[1.548772327076332e-10, 0.0, 0.014077585702192516, 0.178161677798287, 0.047397219094409936]
474013625	[-1.23127702651615e-10, 0.0, 0.007931546666412423, 0.4678985982492618, 0.17808838787022405]	[1.0069109900972948e-10, 0.0, 0.008176440529405879, 0.07873590666541828, 0.05087086671041449]
474708096	[-1.0291839893629482e-10, 0.0, 0.00793157069525236, 0.3748404408596583, 0.2119086106804264]	[1.2503448530153805e-10, 0.0, 0.008176466349180806, 0.13632950288859005, 0.10025402546968464]
532655237	[-2.20249525247411e-10, 0.0, 0.015223216306731357, 0.4705009078143322, 0.4014035215586171]	[1.2909859729517179e-10, 0.0, 0.010725260046804581, 0.1178808798027017, 0.40003324650547173]
54219545	[-2.3174883572324651e-10, 0.0, 0.015223215679480113, 0.4687505781734824, 0.2832688885657487]	[8.304697916035247e-11, 0.0, 0.01072526089307081, 0.15494812956954615, 0.129320950952151]
54851559	[-2.155116196081312e-10, 0.0, 0.015223227695201647, 0.43273076339748384, 0.2455623744502851]	[7.083259076995805e-11, 0.0, 0.010725261328342388, 0.16216835539587995, 0.11092132796988782]
552278840	[-2.343805503137367e-10, -2.6766149298052967e-13, 0.01522321565851139, 0.4652079601588651, 0.27943858400540805]	[8.087087625145991e-11, 2.164965585072625e-13, 0.010725260915675881, 0.14958456277353682, 0.12666453471318292]
560467206	[-2.3908215316322244e-10, 0.0, 0.021473226402380946, 0.5105740776192469, 0.30748004014085123]	[7.945683494907729e-11, 0.0, 0.014077581041990006, 0.09660931178323838, 0.15819360912782537]
562662319	[-2.202521458603178e-10, 0.0, 0.015223216306727424, 0.4705009078143322, 0.4014035215586171]	[1.29096606082348e-10, 0.0, 0.010725260046806417, 0.1178808798027017, 0.40003324650547173]
569257486	[-1.6946353571072993e-10, 0.0, 0.015223220385523942, 0.5721253027026556, 0.15039012725840864]	[1.4602892809891817e-10, 0.0, 0.010725259985219846, 0.16830422810405732, 0.03713361722749392]
58429842	[-1.7445138827931188e-10, 0.0, 0.015223226909266904, 0.5485709296106573, 0.143333361536683]	[1.25016941890815e-10, 0.0, 0.010725260909032225, 0.16444286498853322, 0.03591030881836077]
140101267	[-3.808709523939777e-10, 0.0, 0.03397320748608354, 0.5771041827429984, 0.17365571439894054]	[1.0502448260798857e-10, 0.0, 0.0274790363273393, 0.19401099545395023, 0.05897608044148347]
65375944	[-1.7391697598078965e-10, 0.0, 0.015223316308459106, 0.5346418268738925, 0.416469994155105]	[1.2711487778530186e-10, 0.0, 0.010725211045199643, 0.10791839352487628, 0.43694441279187896]
704221216912105473	[-2.304650709449545e-10, 0.0, 0.03397320769227451, 0.5718175890520125, 0.16743481790639703]	[1.5963040311821515e-10, 0.0, 0.02747903647497518, 0.20061634913227722, 0.05504404905187602]
714602578529665024	[-2.2025280426131406e-10, 0.0, 0.015223216306726434, 0.4711963291436473, 0.4034771537227982]	[1.2909610581206378e-10, 0.0, 0.01072526004680688, 0.11748325602089345, 0.4035136882611226]
142334501	[-1.8919894663081107e-10, 0.0, 0.011056547712140378, 0.6245898438458474, 0.2221581261453923]	[9.343448382356855e-11, 0.0, 0.009254259565566067, 0.17715102704264832, 0.1214036338167796]
1005305156	[-2.202514909762509e-10, 0.0, 0.01522321630672841, 0.4698034201688436, 0.3993298893944359]	[1.2909710368065688e-10, 0.0, 0.010725260046805959, 0.11828047105867734, 0.3965531581029104]
741963075985760256	[-2.4227835520592923e-10, 0.0, 0.015223216246740695, 0.49893399816228357, 0.30410336432663143]	[9.009176855169113e-11, 0.0, 0.010725260075833732, 0.10262581243659957, 0.15189790412176696]
743729451708481536	[-2.460362541024754e-10, 0.0, 0.015223228249517072, 0.5138732820488122, 0.3322193441803396]	[9.443101640871093e-11, 0.0, 0.010725260434402497, 0.08448407184956218, 0.18707157414332912]
751805919743315969	[-2.3175625248589814e-10, 0.0, 0.015223215679469212, 0.4740828797366644, 0.29363704938665447]	[8.304640906282363e-11, 0.0, 0.010725260893075909, 0.14967549385832452, 0.13644744847174659]
756914316566224896	[-4.222314922144561e-10, 0.0, 0.03397320844363908, 0.7142535332820993, 0.2884226248869097]	[1.7272016467005072e-10, 0.0, 0.02747903627507139, 0.11760444498845463, 0.17692345449828742]
777573276692451328	[-2.4454790348514053e-10, 0.0, 0.03397320311949078, 0.550903600509115, 0.1605603236040697]	[1.496838874305129e-10, 0.0, 0.027479040254648666, 0.1887340065582907, 0.04479515187950762]
786863976030220289	[-2.2024755846273956e-10, 0.0, 0.015223216306734306, 0.4698034201688436, 0.3993298893944359]	[1.2910009171423828e-10, 0.0, 0.0107252600468032, 0.11828047105867734, 0.3965531581029104]
791162759228624896	[-2.1809742337398275e-10, 0.0, 0.011056555890130486, 0.4689201131130134, 0.4196155217691558]	[8.986715030424025e-11, 0.0, 0.009254264050676243, 0.10004543387911152, 0.49338514058197264]
800434576350789632	[-1.6975139670636164e-10, 0.0, 0.007931551352587543, 0.4351383041349483, 0.3662955937184531]	[1.1550084870107229e-10, 0.0, 0.008176442507517666, 0.11454453295576604, 0.3815811850581347]
801355099796803584	[-1.0280709105536042e-10, 0.0, 0.007931570756711357, 0.36759586193367105, 0.2050818574947803]	[1.2509522485044325e-10, 0.0, 0.0081764662895626, 0.14047966611346147, 0.09330245637930502]
80172249	[-2.2025149291090512e-10, 0.0, 0.015223216306728406, 0.4698034201688436, 0.3993298893944359]	[1.2909710221066886e-10, 0.0, 0.01072526004680596, 0.11828047105867734, 0.3965531581029104]
802492036268126208	[-2.1970419545567855e-10, 0.0, 0.021473219222184214, 0.5382790320532103, 0.3697294388335727]	[6.70019489349216e-11, 0.0, 0.014077581988354923, 0.07785662131006961, 0.2537717625662347]
809247439383392257	[-2.2025149436760334e-10, 0.0, 0.015223216306728404, 0.4698034201688436, 0.3993298893944359]	[1.2909710110449767e-10, 0.0, 0.01072526004680596, 0.11828047105867734, 0.3965531581029104]
817189988462800896	[-2.202508380996725e-10, 0.0, 0.015223216306729381, 0.4760072705915894, 0.4179925788720663]	[1.2909759975404584e-10, 0.0, 0.010725260046805504, 0.1147538841267924, 0.4278859500320124]
818479808837455873	[-2.522802480938394e-10, 0.0, 0.033973209580541036, 0.6811638779858857, 0.23810423197506128]	[1.191330968932688e-10, 0.0, 0.02747903857398579, 0.15400393955648875, 0.10594429693864071]
819581851903938562	[-2.202514947814238e-10, 0.0, 0.015223216306728404, 0.4698034201688436, 0.3993298893944359]	[1.2909710078969719e-10, 0.0, 0.010725260046805962, 0.11828047105867734, 0.3965531581029104]
826067879879651329	[-2.317538002851917e-10, 0.0, 0.01522321567947289, 0.4712202419405018, 0.28741615289411104]	[8.304659750637846e-11, 0.0, 0.010725260893074188, 0.1527747357523337, 0.13193932659623278]
827106904245731328	[-1.1222405120912388e-10, 0.0, 0.03397320788244808, 0.5753635033628374, 0.17158208223475935]	[2.400514436834591e-10, 0.0, 0.02747903665081608, 0.1961749784788492, 0.057482408544679175]
845781575170244610	[-1.9615667462551238e-10, 0.0, 0.015223216293788597, 0.43888049133696694, 0.2521615125295649]	[1.2293936591174247e-10, 0.0, 0.010725260070572992, 0.16950570915453264, 0.11350245467466744]
847424832400629760	[-2.579019962214195e-10, 0.0, 0.021473207597941846, 0.6159709967433814, 0.21400841680297933]	[1.1191637397097997e-10, 0.0, 0.014077587994262312, 0.14481908220356718, 0.09102636331721663]
849608792098705408	[-2.3141421986216685e-10, 0.0, 0.015223216048302743, 0.5143250000381487, 0.2957535319831526]	[1.0648785325631103e-10, 0.0, 0.010725260042743654, 0.09017495240625953, 0.14507524257319404]
857912957346471936	[-1.6453226066957203e-10, 0.0, 0.007931551374371348, 0.4343612952077913, 0.3662180626310393]	[1.178641103731307e-10, 0.0, 0.008176442495820906, 0.1149865636061817, 0.38617124549885423]
154172528	[-1.6470155302601126e-10, 0.0, 0.007931551374117081, 0.43456056498049517, 0.36760695151992817]	[1.1774359009163059e-10, 0.0, 0.008176442495949387, 0.11468852174768612, 0.38969094092831225]
860264322311659520	[-2.202507580437501e-10, 0.0, 0.015223216306729466, 0.4705009078143322, 0.4014035215586171]	[1.2909766061483491e-10, 0.0, 0.010725260046805464, 0.1178808798027017, 0.40003324650547173]
862688770205863937	[-2.624101136239885e-10, 0.0, 0.02147320759122666, 0.6113101439902928, 0.20778752031043587]	[1.0957853344194481e-10, 0.0, 0.014077587995248494, 0.15039885670420994, 0.08276034516945356]
86711514	[-1.7700981861111222e-10, 2.1648793732404415e-13, 0.01522322690470116, 0.5542420790357802, 0.14540699370086418]	[1.2585204355343192e-10, 1.7510510334185746e-13, 0.01072526090866616, 0.1599485047775995, 0.03875995244881592]
875915736300040192	[-2.464969022462632e-10, 0.0, 0.033973228696047124, 0.5184752236905618, 0.3541042102614372]	[1.1944992378312526e-10, 0.0, 0.027479026218293446, 0.08091760647920186, 0.21658868938623999]
876224066759405568	[-2.087222291562216e-10, 0.0, 0.03397320797965621, 0.564230253292184, 0.15718438488571532]	[1.5131673423172905e-10, 0.0, 0.027479036480734385, 0.2038991125717027, 0.04226654432000516]
878977884999876610	[-1.645345887423923e-10, 0.0, 0.007931551374367529, 0.4353182112063057, 0.36968058368410944]	[1.1786153730080632e-10, 0.0, 0.008176442495823437, 0.11429585755090267, 0.39318218427946633]
884586449831686145	[-1.566177832155216e-10, 0.0, 0.011056550190694608, 0.433687310812015, 0.36584960754521184]	[1.1464491021803272e-10, 0.0, 0.009254261896322382, 0.11610027033846816, 0.3816886632607022]
886794351459827713	[-1.405756242927686e-10, 0.0, 0.007931580875187434, 0.4465069164769896, 0.35865822948135684]	[1.0381783365818056e-10, 0.0, 0.008176455819314674, 0.10177415860973234, 0.37628008095144766]
890041069639016448	[-2.438626484441886e-10, 0.0, 0.015223227643305338, 0.4581299866914157, 0.2804351370219287]	[7.368360630122481e-11, 0.0, 0.010725261318923965, 0.14646070411590095, 0.13432933512937614]
890502281887612928	[-2.1938376798517765e-10, 0.0, 0.015223210845373935, 0.44807354455490356, 0.23330883666934793]	[8.360494463704264e-11, 0.0, 0.010725262103869022, 0.14135413094383154, 0.11517562467987581]
892926801860677632	[-1.7025652925749377e-10, 0.0, 0.015223316313789438, 0.5329894841779231, 0.413561485554038]	[1.2402197748336033e-10, 0.0, 0.0107252110483894, 0.10825345760521782, 0.4379182105842521]
905719296134971392	[-2.1886362160503066e-10, 0.0, 0.021473219223445073, 0.5356637759459819, 0.36558217450521036]	[6.712917292833142e-11, 0.0, 0.014077581988169751, 0.07859456569598315, 0.24772425878379042]
909435307304607744	[-1.6404304238011704e-10, 0.0, 0.007931551359852705, 0.43711021431369196, 0.3687780859500255]	[1.1066577656545507e-10, 0.0, 0.008176442513753811, 0.11541107327739827, 0.3848340220256922]
1631211283	[-1.0637321792460197e-10, 0.0, 0.007931570744143206, 0.39419028110983834, 0.20934752045486252]	[1.1919138459594163e-10, 0.0, 0.008176466301754308, 0.11183022547400265, 0.1167600963880045]
1653321740	[-2.202547705521217e-10, 0.0, 0.015223216306723485, 0.473270297027398, 0.40969805021534167]	[1.2909461177438113e-10, 0.0, 0.010725260046808262, 0.11630205806432264, 0.4139570445151074]
1664655710	[-2.1951590369182626e-10, 0.0, 0.011056545492751323, 0.4699482177091315, 0.41667509285867005]	[9.016708238487714e-11, 0.0, 0.009254261357667841, 0.10285937378061406, 0.4860332704471499]
1707513156	[-1.6459024994469806e-10, 0.0, 0.007931551374284036, 0.43456056498049517, 0.36760695151992817]	[1.1782221293400757e-10, 0.0, 0.008176442495865424, 0.11468852174768612, 0.38969094092831225]
179181381	[-2.0678474695744698e-10, 8.528053534641412e-12, 0.021473224649599866, 0.5087621812013138, 0.16282667826602398]	[1.44687711724527e-10, 6.89787021829795e-12, 0.014077579855334855, 0.19775244862942157, 0.0459800099727874]
