532655237	[0.008982631961235308, 2.8047998523465837e-05, 0.008384369595676485, 0.8748196826414489, 0.000366034027349408]	[0.0, 0.0, 0.0, 0.0, 0.0]
552278840	[0.0, 0.0, 3.329584894878878e-48, 1.0, 0.5]	[0.0, 0.0, 0.0, 0.0, 0.0]
892926801860677632	[0.008982631961235308, 2.8047998523465837e-05, 0.008384369595676485, 0.8747996152613017, 0.00036596696358477817]	[0.0, 0.0, 0.0, 0.0, 0.0]
905719296134971392	[0.008982631961235308, 2.8047998523465837e-05, 0.008384369595676485, 0.8747996152613017, 0.00036596696358477817]	[0.0, 0.0, 0.0, 0.0, 0.0]
377925526	[0.008982631961235308, 2.8047998523465837e-05, 0.008384369595676485, 0.8747996152613017, 0.00036596696358477817]	[0.0, 0.0, 0.0, 0.0, 0.0]
3545097856	[0.008389791057335411, 2.8047998523465837e-05, 0.007806929174202472, 0.8745073309159703, 0.0003720027024014595]	[0.0, 0.0, 0.0, 0.0, 0.0]
890502281887612928	[0.008982631961235308, 2.8047998523465837e-05, 0.008384369595676485, 0.8747996152613017, 0.00036596696358477817]	[0.0, 0.0, 0.0, 0.0, 0.0]
3398737828	[0.008982631961235308, 2.8047998523465837e-05, 0.008384369595676485, 0.8747996152613017, 0.00036596696358477817]	[0.0, 0.0, 0.0, 0.0, 0.0]
1664655710	[-0.0021250731491543294, 3.821875592801066e-08, 0.0036434717901298844, 0.7009507346585998, 0.0030518551968089108]	[0.0, 0.0, 0.0, 0.0, 0.0]
743729451708481536	[0.009619072894407131, 2.8047998523465837e-05, 0.009003537372910892, 0.8722452890450335, 0.00036630228240792717]	[0.0, 0.0, 0.0, 0.0, 0.0]
211577392	[-0.0003825486399012238, 0.0, 0.001805878219115661, 0.8082706766917294, 0.0017030242542337975]	[0.0, 0.0, 0.0, 0.0, 0.0]
751805919743315969	[0.009483544972316345, 2.8047998523465834e-05, 0.00891795657983374, 0.8673875019875974, 0.0003658328360555186]	[0.0, 0.0, 0.0, 0.0, 0.0]
909435307304607744	[0.008982631961235308, 2.8047998523465837e-05, 0.008384369595676485, 0.8747996152613017, 0.00036596696358477817]	[0.0, 0.0, 0.0, 0.0, 0.0]
222496251	[0.0022122505367673027, 5.647620974850108e-05, 0.002100025418519802, 0.7792125984251969, 0.0006728666130331598]	[0.0, 0.0, 0.0, 0.0, 0.0]
876224066759405568	[0.008982631961235308, 2.8047998523465837e-05, 0.008384369595676485, 0.8748196826414489, 0.000366034027349408]	[0.0, 0.0, 0.0, 0.0, 0.0]
54219545	[0.009483544972316344, 2.8047998523465834e-05, 0.00891795657983374, 0.8673664122137404, 0.0003657657722908888]	[0.0, 0.0, 0.0, 0.0, 0.0]
1028440310	[-0.0008593934110811506, 4.596941272460023e-08, 0.005718335337235694, 0.6429856115107914, 0.003894080996884735]	[0.0, 0.0, 0.0, 0.0, 0.0]
179181381	[-0.0008873341871300744, 3.2066468388379675e-08, 0.0034411830175295308, 0.7103448275862069, 0.0024549137999523318]	[0.0, 0.0, 0.0, 0.0, 0.0]
25816024	[0.011266638354382215, 2.8047998523465837e-05, 0.010847393566901514, 0.8749202297383536, 0.0003677776852297826]	[0.0, 0.0, 0.0, 0.0, 0.0]
569257486	[0.008982631961235308, 2.8047998523465837e-05, 0.008384369595676485, 0.8747996152613017, 0.00036596696358477817]	[0.0, 0.0, 0.0, 0.0, 0.0]
20447568	[-0.000803993052210544, -1.971581940814449e-302, 0.0012419161756140372, 0.699215965787598, 0.0018233455137522257]	[0.0, 0.0, 0.0, 0.0, 0.0]
3356627800	[0.008982631961235308, 2.8047998523465837e-05, 0.008384369595676485, 0.8747996152613017, 0.00036596696358477817]	[0.0, 0.0, 0.0, 0.0, 0.0]
58429842	[0.008982631961235308, 2.8047998523465837e-05, 0.008384369595676485, 0.8747996152613017, 0.00036596696358477817]	[0.0, 0.0, 0.0, 0.0, 0.0]
19590930	[-4.7292783361800906e-297, 0.0, 5.593295573611545e-34, 1.0, 0.5]	[0.0, 0.0, 0.0, 0.0, 0.0]
245957521	[0.011358533961719146, 2.8047998523465837e-05, 0.01087578466611956, 0.8740069907848745, 0.0003689177692284891]	[0.0, 0.0, 0.0, 0.0, 0.0]
3289816264	[0.008389791057335411, 2.8047998523465837e-05, 0.007806929174202472, 0.8743686868686869, 0.00037153325604905095]	[0.0, 0.0, 0.0, 0.0, 0.0]
714602578529665024	[0.008982631961235308, 2.8047998523465837e-05, 0.008384369595676485, 0.8748196826414489, 0.000366034027349408]	[0.0, 0.0, 0.0, 0.0, 0.0]
826067879879651329	[0.009483544972316345, 2.8047998523465834e-05, 0.00891795657983374, 0.8674296614210777, 0.00036596696358477817]	[0.0, 0.0, 0.0, 0.0, 0.0]
1631211283	[-0.0021756701288960993, 3.9128726307249004e-08, 0.0037869797381854375, 0.6975524475524476, 0.0031477799867461894]	[0.0, 0.0, 0.0, 0.0, 0.0]
117754884	[-0.001580875058618686, 4.775031006986319e-08, 0.005675966580620381, 0.6337402885682575, 0.0033557441406709136]	[0.0, 0.0, 0.0, 0.0, 0.0]
42401449	[0.008982631961235308, 2.8047998523465837e-05, 0.008384369595676485, 0.8747996152613017, 0.00036596696358477817]	[0.0, 0.0, 0.0, 0.0, 0.0]
223782598	[0.0015324667182394377, 3.9663628816413425e-05, 0.0011486632778145121, 0.83658810325477, 0.0004998906866354688]	[0.0, 0.0, 0.0, 0.0, 0.0]
786863976030220289	[0.008982631961235308, 2.8047998523465837e-05, 0.008384369595676485, 0.8748196826414489, 0.000366034027349408]	[0.0, 0.0, 0.0, 0.0, 0.0]
1707513156	[-0.0015475590291686727, 3.6251614078774814e-08, 0.004045719499871857, 0.7079124579124579, 0.002847064240060665]	[0.0, 0.0, 0.0, 0.0, 0.0]
2920256952	[0.008991839601390718, 2.8047998523465837e-05, 0.00839366842402015, 0.8748196826414489, 0.000366034027349408]	[0.0, 0.0, 0.0, 0.0, 0.0]
2906686402	[0.008982631961235308, 2.8047998523465837e-05, 0.008384369595676485, 0.8747996152613017, 0.00036596696358477817]	[0.0, 0.0, 0.0, 0.0, 0.0]
359850032	[0.008982631961235308, 2.8047998523465837e-05, 0.008384369595676485, 0.8747996152613017, 0.00036596696358477817]	[0.0, 0.0, 0.0, 0.0, 0.0]
845781575170244610	[0.008982631961235308, 2.8047998523465837e-05, 0.008384369595676485, 0.8747996152613017, 0.00036596696358477817]	[0.0, 0.0, 0.0, 0.0, 0.0]
857912957346471936	[0.00871256986822223, 2.8047998523465837e-05, 0.008122937927673938, 0.8787090853472009, 0.0003852813277981585]	[0.0, 0.0, 0.0, 0.0, 0.0]
791162759228624896	[0.008982631961235308, 2.8047998523465837e-05, 0.008384369595676485, 0.8747996152613017, 0.00036596696358477817]	[0.0, 0.0, 0.0, 0.0, 0.0]
878977884999876610	[0.008389791057335411, 2.8047998523465837e-05, 0.007806929174202472, 0.8777265745007681, 0.0003832023510946349]	[0.0, 0.0, 0.0, 0.0, 0.0]
1274709210	[-0.0009600840077860725, 4.717913411208971e-08, 0.006608277533670498, 0.6709233791748527, 0.003918396383371771]	[0.0, 0.0, 0.0, 0.0, 0.0]
26203837	[0.009705301566611365, 2.8047998523465837e-05, 0.009111386277733996, 0.8749401818471846, 0.0003678447489944124]	[0.0, 0.0, 0.0, 0.0, 0.0]
142334501	[0.0, 0.0, -1.696504038765948e-75, 1.0, 0.3333333333333333]	[0.0, 0.0, 0.0, 0.0, 0.0]
741963075985760256	[0.008982631961235308, 2.8047998523465837e-05, 0.008384369595676485, 0.8747996152613017, 0.00036596696358477817]	[0.0, 0.0, 0.0, 0.0, 0.0]
222036996	[0.0025769257143440152, 8.442819197008968e-05, 0.0025077603067400257, 0.8328912466843501, 0.0009545198643487439]	[0.0, 0.0, 0.0, 0.0, 0.0]
36327895	[0.008982631961235308, 2.8047998523465837e-05, 0.008384369595676485, 0.8747996152613017, 0.00036596696358477817]	[0.0, 0.0, 0.0, 0.0, 0.0]
809247439383392257	[0.008982631961235308, 2.8047998523465837e-05, 0.008384369595676485, 0.8748196826414489, 0.000366034027349408]	[0.0, 0.0, 0.0, 0.0, 0.0]
422684232	[0.008982631961235308, 2.8047998523465837e-05, 0.008384369595676485, 0.8747996152613017, 0.00036596696358477817]	[0.0, 0.0, 0.0, 0.0, 0.0]
388187529	[0.008389791057335411, 2.8047998523465837e-05, 0.007806929174202472, 0.8745271122320303, 0.00037206976616608933]	[0.0, 0.0, 0.0, 0.0, 0.0]
800434576350789632	[0.008982631961235308, 2.8047998523465837e-05, 0.008384369595676485, 0.8747996152613017, 0.00036596696358477817]	[0.0, 0.0, 0.0, 0.0, 0.0]
827106904245731328	[0.008982631961235308, 2.8047998523465837e-05, 0.008384369595676485, 0.8747996152613017, 0.00036596696358477817]	[0.0, 0.0, 0.0, 0.0, 0.0]
86711514	[0.008982631961235308, 2.8047998523465837e-05, 0.008384369595676485, 0.8747996152613017, 0.00036596696358477817]	[0.0, 0.0, 0.0, 0.0, 0.0]
819581851903938562	[0.008982631961235308, 2.8047998523465837e-05, 0.008384369595676485, 0.8748196826414489, 0.000366034027349408]	[0.0, 0.0, 0.0, 0.0, 0.0]
293013635	[-0.0005506470502176215, 2.8047998523465837e-05, -0.0007717325347593807, 0.8932722213128171, 0.00036596696358477817]	[0.0, 0.0, 0.0, 0.0, 0.0]
2368436134	[0.010707482550912218, 2.8047998523465837e-05, 0.010330339964155381, 0.8733290897517505, 0.00036804594028830176]	[0.0, 0.0, 0.0, 0.0, 0.0]
2862964321	[0.008982631961235308, 2.8047998523465837e-05, 0.008384369595676485, 0.8747996152613017, 0.00036596696358477817]	[0.0, 0.0, 0.0, 0.0, 0.0]
54851559	[0.0017876202849697023, 0.0, 0.0017876202849697023, 0.7285714285714285, 0.2802197802197802]	[0.0, 0.0, 0.0, 0.0, 0.0]
777573276692451328	[0.008982631961235308, 2.8047998523465837e-05, 0.008384369595676485, 0.8747996152613017, 0.00036596696358477817]	[0.0, 0.0, 0.0, 0.0, 0.0]
560467206	[0.008982631961235308, 2.8047998523465837e-05, 0.008384369595676485, 0.8747996152613017, 0.00036596696358477817]	[0.0, 0.0, 0.0, 0.0, 0.0]
140101267	[0.0019159088232810694, 3.9206517015613315e-08, 0.0029611369111518476, 0.6835016835016835, 0.003215765169936556]	[0.0, 0.0, 0.0, 0.0, 0.0]
862688770205863937	[0.008982631961235308, 2.8047998523465837e-05, 0.008384369595676485, 0.8747996152613017, 0.00036596696358477817]	[0.0, 0.0, 0.0, 0.0, 0.0]
474013625	[0.008982631961235308, 2.8047998523465837e-05, 0.008384369595676485, 0.8747996152613017, 0.00036596696358477817]	[0.0, 0.0, 0.0, 0.0, 0.0]
801355099796803584	[0.008982631961235308, 2.8047998523465837e-05, 0.008384369595676485, 0.8747996152613017, 0.00036596696358477817]	[0.0, 0.0, 0.0, 0.0, 0.0]
21422783	[-0.00010596705962953163, 0.0, 0.0012252516596230488, 0.811070110701107, 0.0015631178155606316]	[0.0, 0.0, 0.0, 0.0, 0.0]
39475170	[0.008982631961235308, 2.8047998523465837e-05, 0.008384369595676485, 0.8747996152613017, 0.00036596696358477817]	[0.0, 0.0, 0.0, 0.0, 0.0]
875915736300040192	[0.008982631961235308, 2.8047998523465837e-05, 0.008384369595676485, 0.8747996152613017, 0.00036596696358477817]	[0.0, 0.0, 0.0, 0.0, 0.0]
192463771	[-0.0006375072145577255, -4.187402154974342e-60, 0.0016878522919491555, 0.7115009746588694, 0.0019808535579386097]	[0.0, 0.0, 0.0, 0.0, 0.0]
884586449831686145	[0.008982631961235308, 2.8047998523465837e-05, 0.008384369595676485, 0.8747996152613017, 0.00036596696358477817]	[0.0, 0.0, 0.0, 0.0, 0.0]
802492036268126208	[0.008982631961235308, 2.8047998523465837e-05, 0.008384369595676485, 0.8747996152613017, 0.00036596696358477817]	[0.0, 0.0, 0.0, 0.0, 0.0]
154172528	[-0.002415741288144332, 4.2048780509282514e-08, 0.0042540246879068985, 0.6888888888888889, 0.0033896451806899566]	[0.0, 0.0, 0.0, 0.0, 0.0]
288567673	[0.008982631961235308, 2.8047998523465837e-05, 0.008384369595676485, 0.8747996152613017, 0.00036596696358477817]	[0.0, 0.0, 0.0, 0.0, 0.0]
704221216912105473	[0.008982631961235308, 2.8047998523465837e-05, 0.008384369595676485, 0.8747996152613017, 0.00036596696358477817]	[0.0, 0.0, 0.0, 0.0, 0.0]
465965880	[0.008982631961235308, 2.8047998523465837e-05, 0.008384369595676485, 0.8748196826414489, 0.000366034027349408]	[0.0, 0.0, 0.0, 0.0, 0.0]
1156991923	[-0.0009764358035391198, 4.7982671676042576e-08, 0.006651248042582039, 0.6683168316831684, 0.004005696991276482]	[0.0, 0.0, 0.0, 0.0, 0.0]
3292722958	[0.008982631961235308, 2.8047998523465837e-05, 0.008384369595676485, 0.8747996152613017, 0.00036596696358477817]	[0.0, 0.0, 0.0, 0.0, 0.0]
2173684107	[-4.662349142437395e-05, 0.0, 0.0010980320163784224, 0.824847250509165, 0.0013912904075393054]	[0.0, 0.0, 0.0, 0.0, 0.0]
2413215217	[0.01086099987367944, 2.8047998523465837e-05, 0.01049267577652127, 0.8736089030206677, 0.0003685153866407103]	[0.0, 0.0, 0.0, 0.0, 0.0]
22900494	[0.010433614023194406, 2.8047998523465837e-05, 0.009973464567144603, 0.8655972589939261, 0.0003727404038123872]	[0.0, 0.0, 0.0, 0.0, 0.0]
860264322311659520	[0.008982631961235308, 2.8047998523465837e-05, 0.008384369595676485, 0.8748196826414489, 0.000366034027349408]	[0.0, 0.0, 0.0, 0.0, 0.0]
311380778	[0.008982631961235308, 2.8047998523465837e-05, 0.008384369595676485, 0.8747996152613017, 0.00036596696358477817]	[0.0, 0.0, 0.0, 0.0, 0.0]
474708096	[0.008982631961235308, 2.8047998523465837e-05, 0.008384369595676485, 0.8747996152613017, 0.00036596696358477817]	[0.0, 0.0, 0.0, 0.0, 0.0]
1653321740	[-0.0011828886137687533, 2.1273870613649943e-08, 0.0020280813847972172, 0.7126805778491172, 0.0015517205225523707]	[0.0, 0.0, 0.0, 0.0, 0.0]
890041069639016448	[0.009483544972331842, 2.8047998523465834e-05, 0.008917956579856988, 0.8677240285487708, 0.00036690585628959527]	[0.0, 0.0, 0.0, 0.0, 0.0]
1143130812	[-0.0012018193712384335, 4.482017740648522e-08, 0.005430992503386194, 0.6445623342175066, 0.0037740733071029197]	[0.0, 0.0, 0.0, 0.0, 0.0]
4376048613	[0.008982631961235308, 2.8047998523465837e-05, 0.008384369595676485, 0.8747996152613017, 0.00036596696358477817]	[0.0, 0.0, 0.0, 0.0, 0.0]
1005305156	[-0.0005022885196089273, 2.686768127909196e-08, 0.0033559136186037727, 0.6731493099121706, 0.0019943422387932092]	[0.0, 0.0, 0.0, 0.0, 0.0]
37105136	[0.008982631961235308, 2.8047998523465837e-05, 0.008384369595676485, 0.8747996152613017, 0.00036596696358477817]	[0.0, 0.0, 0.0, 0.0, 0.0]
818479808837455873	[0.008982631961235308, 2.8047998523465837e-05, 0.008384369595676485, 0.8747996152613017, 0.00036596696358477817]	[0.0, 0.0, 0.0, 0.0, 0.0]
756914316566224896	[0.008982631961235308, 2.8047998523465837e-05, 0.008384369595676485, 0.8747996152613017, 0.00036596696358477817]	[0.0, 0.0, 0.0, 0.0, 0.0]
849608792098705408	[0.008982631961235308, 2.8047998523465837e-05, 0.008384369595676485, 0.8747996152613017, 0.00036596696358477817]	[0.0, 0.0, 0.0, 0.0, 0.0]
11985982	[-0.0018207212793758948, 4.5756097584346865e-08, 0.005237893400645493, 0.6766409266409267, 0.0037824421302541412]	[0.0, 0.0, 0.0, 0.0, 0.0]
3372055939	[0.008389791057335411, 2.8047998523465837e-05, 0.007806929174202472, 0.8745864187805262, 0.0003722709574599787]	[0.0, 0.0, 0.0, 0.0, 0.0]
562662319	[0.008982631961235308, 2.8047998523465837e-05, 0.008384369595676485, 0.8748196826414489, 0.000366034027349408]	[0.0, 0.0, 0.0, 0.0, 0.0]
847424832400629760	[0.008982631961235308, 2.8047998523465837e-05, 0.008384369595676485, 0.8747996152613017, 0.00036596696358477817]	[0.0, 0.0, 0.0, 0.0, 0.0]
886794351459827713	[0.008982631961235308, 2.8047998523465837e-05, 0.008384369595676485, 0.8747996152613017, 0.00036596696358477817]	[0.0, 0.0, 0.0, 0.0, 0.0]
817189988462800896	[0.008982631961235308, 2.8047998523465837e-05, 0.008384369595676485, 0.8748196826414489, 0.000366034027349408]	[0.0, 0.0, 0.0, 0.0, 0.0]
3664826895	[0.008389791057335411, 2.8047998523465837e-05, 0.007806929174202472, 0.8745073309159703, 0.0003720027024014595]	[0.0, 0.0, 0.0, 0.0, 0.0]
80172249	[0.008982631961235308, 2.8047998523465837e-05, 0.008384369595676485, 0.8748196826414489, 0.000366034027349408]	[0.0, 0.0, 0.0, 0.0, 0.0]
65375944	[0.008982631961235308, 2.8047998523465837e-05, 0.008384369595676485, 0.8747996152613017, 0.00036596696358477817]	[0.0, 0.0, 0.0, 0.0, 0.0]
