532655237	[-0.0005195774598008557, 1.2095746958612498e-130, -0.0005195774598008557, 0.8748196826414489, 0.000366034027349408]	[0.0, 0.0, 0.0, 0.0, 0.0]
552278840	[0.0, 0.0, 0.0, 1.0, 0.5]	[0.0, 0.0, 0.0, 0.0, 0.0]
892926801860677632	[-0.0005195774598008557, 1.2095746958612498e-130, -0.0005195774598008557, 0.8747996152613017, 0.00036596696358477817]	[0.0, 0.0, 0.0, 0.0, 0.0]
905719296134971392	[-0.0005195774598008557, 1.2095746958612498e-130, -0.0005195774598008557, 0.8747996152613017, 0.00036596696358477817]	[0.0, 0.0, 0.0, 0.0, 0.0]
377925526	[-0.0005195774598008557, 1.2095746958612498e-130, -0.0005195774598008557, 0.8747996152613017, 0.00036596696358477817]	[0.0, 0.0, 0.0, 0.0, 0.0]
3545097856	[-0.0005195774598008557, 1.2095746958612498e-130, -0.0005195774598008557, 0.8745073309159703, 0.0003720027024014595]	[0.0, 0.0, 0.0, 0.0, 0.0]
890502281887612928	[-0.0005195774598008557, 1.2095746958612498e-130, -0.0005195774598008557, 0.8747996152613017, 0.00036596696358477817]	[0.0, 0.0, 0.0, 0.0, 0.0]
3398737828	[-0.0005195774598008557, 1.2095746958612498e-130, -0.0005195774598008557, 0.8747996152613017, 0.00036596696358477817]	[0.0, 0.0, 0.0, 0.0, 0.0]
1664655710	[-3.4358104369914286e-26, 0.0, 4.140955161652946e-11, 0.7009507346585998, 0.0030518551968089108]	[0.0, 0.0, 0.0, 0.0, 0.0]
743729451708481536	[-0.0005195774598008557, 1.2095746958612498e-130, -0.0005195774598008557, 0.8722452890450335, 0.00036630228240792717]	[0.0, 0.0, 0.0, 0.0, 0.0]
211577392	[1.0210863965391806e-130, 0.0, 2.688195910003431e-26, 0.8082706766917294, 0.0017030242542337975]	[0.0, 0.0, 0.0, 0.0, 0.0]
751805919743315969	[-0.0005195774598008557, 1.2095746958612498e-130, -0.0005195774598008557, 0.8673875019875974, 0.0003658328360555186]	[0.0, 0.0, 0.0, 0.0, 0.0]
909435307304607744	[-0.0005195774598008557, 1.2095746958612498e-130, -0.0005195774598008557, 0.8747996152613017, 0.00036596696358477817]	[0.0, 0.0, 0.0, 0.0, 0.0]
222496251	[-3.4453349152821196e-06, 2.4355461289969483e-130, -3.4453349152821196e-06, 0.7792125984251969, 0.0006728666130331598]	[0.0, 0.0, 0.0, 0.0, 0.0]
876224066759405568	[-0.0005195774598008557, 1.2095746958612498e-130, -0.0005195774598008557, 0.8748196826414489, 0.000366034027349408]	[0.0, 0.0, 0.0, 0.0, 0.0]
54219545	[-0.0005195774598008557, 1.2095746958612498e-130, -0.0005195774598008557, 0.8673664122137404, 0.0003657657722908888]	[0.0, 0.0, 0.0, 0.0, 0.0]
1028440310	[-4.1325831829547253e-26, 0.0, 4.9807292853448025e-11, 0.6429856115107914, 0.003894080996884735]	[0.0, 0.0, 0.0, 0.0, 0.0]
179181381	[-2.882728756890369e-26, 0.0, 3.474362379533204e-11, 0.7103448275862069, 0.0024549137999523318]	[0.0, 0.0, 0.0, 0.0, 0.0]
25816024	[-0.0005195774598008557, 1.2095746958612498e-130, -0.0005195774598008557, 0.8749202297383536, 0.0003677776852297826]	[0.0, 0.0, 0.0, 0.0, 0.0]
569257486	[-0.0005195774598008557, 1.2095746958612498e-130, -0.0005195774598008557, 0.8747996152613017, 0.00036596696358477817]	[0.0, 0.0, 0.0, 0.0, 0.0]
20447568	[-7.694935706675365e-99, 0.0, 2.911601830820107e-26, 0.699215965787598, 0.0018233455137522257]	[0.0, 0.0, 0.0, 0.0, 0.0]
3356627800	[-0.0005195774598008557, 1.2095746958612498e-130, -0.0005195774598008557, 0.8747996152613017, 0.00036596696358477817]	[0.0, 0.0, 0.0, 0.0, 0.0]
58429842	[-0.0005195774598008557, 1.2095746958612498e-130, -0.0005195774598008557, 0.8747996152613017, 0.00036596696358477817]	[0.0, 0.0, 0.0, 0.0, 0.0]
19590930	[0.0, 0.0, 0.0, 1.0, 0.5]	[0.0, 0.0, 0.0, 0.0, 0.0]
245957521	[-0.0005195774598008557, 1.2095746958612498e-130, -0.0005195774598008557, 0.8740069907848745, 0.0003689177692284891]	[0.0, 0.0, 0.0, 0.0, 0.0]
3289816264	[-0.0005195774598008557, 1.2095746958612498e-130, -0.0005195774598008557, 0.8743686868686869, 0.00037153325604905095]	[0.0, 0.0, 0.0, 0.0, 0.0]
714602578529665024	[-0.0005195774598008557, 1.2095746958612498e-130, -0.0005195774598008557, 0.8748196826414489, 0.000366034027349408]	[0.0, 0.0, 0.0, 0.0, 0.0]
826067879879651329	[-0.0005195774598008557, 1.2095746958612498e-130, -0.0005195774598008557, 0.8674296614210777, 0.00036596696358477817]	[0.0, 0.0, 0.0, 0.0, 0.0]
1631211283	[-3.517615447395986e-26, 0.0, 4.2395493321684924e-11, 0.6975524475524476, 0.0031477799867461894]	[0.0, 0.0, 0.0, 0.0, 0.0]
117754884	[-4.29268325783917e-26, 0.0, 5.173687320612397e-11, 0.6337402885682575, 0.0033557441406709136]	[0.0, 0.0, 0.0, 0.0, 0.0]
42401449	[-0.0005195774598008557, 1.2095746958612498e-130, -0.0005195774598008557, 0.8747996152613017, 0.00036596696358477817]	[0.0, 0.0, 0.0, 0.0, 0.0]
223782598	[-2.419682302274297e-06, 1.710500723330702e-130, -2.419682302274297e-06, 0.83658810325477, 0.0004998906866354688]	[0.0, 0.0, 0.0, 0.0, 0.0]
786863976030220289	[-0.0005195774598008557, 1.2095746958612498e-130, -0.0005195774598008557, 0.8748196826414489, 0.000366034027349408]	[0.0, 0.0, 0.0, 0.0, 0.0]
1707513156	[-3.258967252734517e-26, 0.0, 3.9278177636266914e-11, 0.7079124579124579, 0.002847064240060665]	[0.0, 0.0, 0.0, 0.0, 0.0]
2920256952	[-0.0005195774598008557, 1.2095746958612498e-130, -0.0005195774598008557, 0.8748196826414489, 0.000366034027349408]	[0.0, 0.0, 0.0, 0.0, 0.0]
2906686402	[-0.0005195774598008557, 1.2095746958612498e-130, -0.0005195774598008557, 0.8747996152613017, 0.00036596696358477817]	[0.0, 0.0, 0.0, 0.0, 0.0]
359850032	[-0.0005195774598008557, 1.2095746958612498e-130, -0.0005195774598008557, 0.8747996152613017, 0.00036596696358477817]	[0.0, 0.0, 0.0, 0.0, 0.0]
845781575170244610	[-0.0005195774598008557, 1.2095746958612498e-130, -0.0005195774598008557, 0.8747996152613017, 0.00036596696358477817]	[0.0, 0.0, 0.0, 0.0, 0.0]
857912957346471936	[-0.0005195774598008557, 1.2095746958612498e-130, -0.0005195774598008557, 0.8787090853472009, 0.0003852813277981585]	[0.0, 0.0, 0.0, 0.0, 0.0]
791162759228624896	[-0.0005195774598008557, 1.2095746958612498e-130, -0.0005195774598008557, 0.8747996152613017, 0.00036596696358477817]	[0.0, 0.0, 0.0, 0.0, 0.0]
878977884999876610	[-0.0005195774598008557, 1.2095746958612498e-130, -0.0005195774598008557, 0.8777265745007681, 0.0003832023510946349]	[0.0, 0.0, 0.0, 0.0, 0.0]
1274709210	[-4.2413353719798494e-26, 0.0, 5.1118011086433494e-11, 0.6709233791748527, 0.003918396383371771]	[0.0, 0.0, 0.0, 0.0, 0.0]
26203837	[-0.0005195774598008557, 1.2095746958612498e-130, -0.0005195774598008557, 0.8749401818471846, 0.0003678447489944124]	[0.0, 0.0, 0.0, 0.0, 0.0]
142334501	[0.0, 0.0, 0.0, 1.0, 0.3333333333333333]	[0.0, 0.0, 0.0, 0.0, 0.0]
741963075985760256	[-0.0005195774598008557, 1.2095746958612498e-130, -0.0005195774598008557, 0.8747996152613017, 0.00036596696358477817]	[0.0, 0.0, 0.0, 0.0, 0.0]
222036996	[-5.150547441551914e-06, 3.6409801055464905e-130, -5.150547441551914e-06, 0.8328912466843501, 0.0009545198643487439]	[0.0, 0.0, 0.0, 0.0, 0.0]
36327895	[-0.0005195774598008557, 1.2095746958612498e-130, -0.0005195774598008557, 0.8747996152613017, 0.00036596696358477817]	[0.0, 0.0, 0.0, 0.0, 0.0]
809247439383392257	[-0.0005195774598008557, 1.2095746958612498e-130, -0.0005195774598008557, 0.8748196826414489, 0.000366034027349408]	[0.0, 0.0, 0.0, 0.0, 0.0]
422684232	[-0.0005195774598008557, 1.2095746958612498e-130, -0.0005195774598008557, 0.8747996152613017, 0.00036596696358477817]	[0.0, 0.0, 0.0, 0.0, 0.0]
388187529	[-0.0005195774598008557, 1.2095746958612498e-130, -0.0005195774598008557, 0.8745271122320303, 0.00037206976616608933]	[0.0, 0.0, 0.0, 0.0, 0.0]
800434576350789632	[-0.0005195774598008557, 1.2095746958612498e-130, -0.0005195774598008557, 0.8747996152613017, 0.00036596696358477817]	[0.0, 0.0, 0.0, 0.0, 0.0]
827106904245731328	[-0.0005195774598008557, 1.2095746958612498e-130, -0.0005195774598008557, 0.8747996152613017, 0.00036596696358477817]	[0.0, 0.0, 0.0, 0.0, 0.0]
86711514	[-0.0005195774598008557, 1.2095746958612498e-130, -0.0005195774598008557, 0.8747996152613017, 0.00036596696358477817]	[0.0, 0.0, 0.0, 0.0, 0.0]
819581851903938562	[-0.0005195774598008557, 1.2095746958612498e-130, -0.0005195774598008557, 0.8748196826414489, 0.000366034027349408]	[0.0, 0.0, 0.0, 0.0, 0.0]
293013635	[-1.7110700071235384e-06, 1.2095746958612498e-130, -1.7110700071235384e-06, 0.8932722213128171, 0.00036596696358477817]	[0.0, 0.0, 0.0, 0.0, 0.0]
2368436134	[-0.0005195774598008557, 1.2095746958612498e-130, -0.0005195774598008557, 0.8733290897517505, 0.00036804594028830176]	[0.0, 0.0, 0.0, 0.0, 0.0]
2862964321	[-0.0005195774598008557, 1.2095746958612498e-130, -0.0005195774598008557, 0.8747996152613017, 0.00036596696358477817]	[0.0, 0.0, 0.0, 0.0, 0.0]
54851559	[1.197729529454039e-192, 0.0, 1.197729529454039e-192, 0.7285714285714285, 0.2802197802197802]	[0.0, 0.0, 0.0, 0.0, 0.0]
777573276692451328	[-0.0005195774598008557, 1.2095746958612498e-130, -0.0005195774598008557, 0.8747996152613017, 0.00036596696358477817]	[0.0, 0.0, 0.0, 0.0, 0.0]
560467206	[-0.0005195774598008557, 1.2095746958612498e-130, -0.0005195774598008557, 0.8747996152613017, 0.00036596696358477817]	[0.0, 0.0, 0.0, 0.0, 0.0]
140101267	[-3.524608718662524e-26, 0.0, 0.0019880716113223193, 0.6835016835016835, 0.003215765169936556]	[0.0, 0.0, 0.0, 0.0, 0.0]
862688770205863937	[-0.0005195774598008557, 1.2095746958612498e-130, -0.0005195774598008557, 0.8747996152613017, 0.00036596696358477817]	[0.0, 0.0, 0.0, 0.0, 0.0]
474013625	[-0.0005195774598008557, 1.2095746958612498e-130, -0.0005195774598008557, 0.8747996152613017, 0.00036596696358477817]	[0.0, 0.0, 0.0, 0.0, 0.0]
801355099796803584	[-0.0005195774598008557, 1.2095746958612498e-130, -0.0005195774598008557, 0.8747996152613017, 0.00036596696358477817]	[0.0, 0.0, 0.0, 0.0, 0.0]
21422783	[9.67537169545469e-131, 0.0, 2.5472178169877564e-26, 0.811070110701107, 0.0015631178155606316]	[0.0, 0.0, 0.0, 0.0, 0.0]
39475170	[-0.0005195774598008557, 1.2095746958612498e-130, -0.0005195774598008557, 0.8747996152613017, 0.00036596696358477817]	[0.0, 0.0, 0.0, 0.0, 0.0]
875915736300040192	[-0.0005195774598008557, 1.2095746958612498e-130, -0.0005195774598008557, 0.8747996152613017, 0.00036596696358477817]	[0.0, 0.0, 0.0, 0.0, 0.0]
192463771	[7.431062606864642e-83, 0.0, 2.872467403834311e-26, 0.7115009746588694, 0.0019808535579386097]	[0.0, 0.0, 0.0, 0.0, 0.0]
884586449831686145	[-0.0005195774598008557, 1.2095746958612498e-130, -0.0005195774598008557, 0.8747996152613017, 0.00036596696358477817]	[0.0, 0.0, 0.0, 0.0, 0.0]
802492036268126208	[-0.0005195774598008557, 1.2095746958612498e-130, -0.0005195774598008557, 0.8747996152613017, 0.00036596696358477817]	[0.0, 0.0, 0.0, 0.0, 0.0]
154172528	[-3.780124062873299e-26, 0.0, 4.5559336106885293e-11, 0.6888888888888889, 0.0033896451806899566]	[0.0, 0.0, 0.0, 0.0, 0.0]
288567673	[-0.0005195774598008557, 1.2095746958612498e-130, -0.0005195774598008557, 0.8747996152613017, 0.00036596696358477817]	[0.0, 0.0, 0.0, 0.0, 0.0]
704221216912105473	[-0.0005195774598008557, 1.2095746958612498e-130, -0.0005195774598008557, 0.8747996152613017, 0.00036596696358477817]	[0.0, 0.0, 0.0, 0.0, 0.0]
465965880	[-0.0005195774598008557, 1.2095746958612498e-130, -0.0005195774598008557, 0.8748196826414489, 0.000366034027349408]	[0.0, 0.0, 0.0, 0.0, 0.0]
1156991923	[-4.313572227463691e-26, 0.0, 5.1988634146299764e-11, 0.6683168316831684, 0.004005696991276482]	[0.0, 0.0, 0.0, 0.0, 0.0]
3292722958	[-0.0005195774598008557, 1.2095746958612498e-130, -0.0005195774598008557, 0.8747996152613017, 0.00036596696358477817]	[0.0, 0.0, 0.0, 0.0, 0.0]
2173684107	[8.681964548113888e-131, 0.0, 2.2856852924628103e-26, 0.824847250509165, 0.0013912904075393054]	[0.0, 0.0, 0.0, 0.0, 0.0]
2413215217	[-0.0005195774598008557, 1.2095746958612498e-130, -0.0005195774598008557, 0.8736089030206677, 0.0003685153866407103]	[0.0, 0.0, 0.0, 0.0, 0.0]
22900494	[-0.0005195774598008557, 1.2095746958612498e-130, -0.0005195774598008557, 0.8655972589939261, 0.0003727404038123872]	[0.0, 0.0, 0.0, 0.0, 0.0]
860264322311659520	[-0.0005195774598008557, 1.2095746958612498e-130, -0.0005195774598008557, 0.8748196826414489, 0.000366034027349408]	[0.0, 0.0, 0.0, 0.0, 0.0]
311380778	[-0.0005195774598008557, 1.2095746958612498e-130, -0.0005195774598008557, 0.8747996152613017, 0.00036596696358477817]	[0.0, 0.0, 0.0, 0.0, 0.0]
474708096	[-0.0005195774598008557, 1.2095746958612498e-130, -0.0005195774598008557, 0.8747996152613017, 0.00036596696358477817]	[0.0, 0.0, 0.0, 0.0, 0.0]
1653321740	[-1.9124899519822837e-26, 0.0, 2.3049976951595688e-11, 0.7126805778491172, 0.0015517205225523707]	[0.0, 0.0, 0.0, 0.0, 0.0]
890041069639016448	[-0.0005195774598008557, 1.2095746958612498e-130, -0.0005195774598008557, 0.8677240285487708, 0.00036690585628959527]	[0.0, 0.0, 0.0, 0.0, 0.0]
1143130812	[-4.029268603380857e-26, 0.0, 4.856211053211182e-11, 0.6445623342175066, 0.0037740733071029197]	[0.0, 0.0, 0.0, 0.0, 0.0]
4376048613	[-0.0005195774598008557, 1.2095746958612498e-130, -0.0005195774598008557, 0.8747996152613017, 0.00036596696358477817]	[0.0, 0.0, 0.0, 0.0, 0.0]
1005305156	[-2.4153653753236743e-26, 0.0, 2.9110801953854496e-11, 0.6731493099121706, 0.0019943422387932092]	[0.0, 0.0, 0.0, 0.0, 0.0]
37105136	[-0.0005195774598008557, 1.2095746958612498e-130, -0.0005195774598008557, 0.8747996152613017, 0.00036596696358477817]	[0.0, 0.0, 0.0, 0.0, 0.0]
818479808837455873	[-0.0005195774598008557, 1.2095746958612498e-130, -0.0005195774598008557, 0.8747996152613017, 0.00036596696358477817]	[0.0, 0.0, 0.0, 0.0, 0.0]
756914316566224896	[-0.0005195774598008557, 1.2095746958612498e-130, -0.0005195774598008557, 0.8747996152613017, 0.00036596696358477817]	[0.0, 0.0, 0.0, 0.0, 0.0]
849608792098705408	[-0.0005195774598008557, 1.2095746958612498e-130, -0.0005195774598008557, 0.8747996152613017, 0.00036596696358477817]	[0.0, 0.0, 0.0, 0.0, 0.0]
11985982	[-4.1134064628482065e-26, 0.0, 4.957616852466172e-11, 0.6766409266409267, 0.0037824421302541412]	[0.0, 0.0, 0.0, 0.0, 0.0]
3372055939	[-0.0005195774598008557, 1.2095746958612498e-130, -0.0005195774598008557, 0.8745864187805262, 0.0003722709574599787]	[0.0, 0.0, 0.0, 0.0, 0.0]
562662319	[-0.0005195774598008557, 1.2095746958612498e-130, -0.0005195774598008557, 0.8748196826414489, 0.000366034027349408]	[0.0, 0.0, 0.0, 0.0, 0.0]
847424832400629760	[-0.0005195774598008557, 1.2095746958612498e-130, -0.0005195774598008557, 0.8747996152613017, 0.00036596696358477817]	[0.0, 0.0, 0.0, 0.0, 0.0]
886794351459827713	[-0.0005195774598008557, 1.2095746958612498e-130, -0.0005195774598008557, 0.8747996152613017, 0.00036596696358477817]	[0.0, 0.0, 0.0, 0.0, 0.0]
817189988462800896	[-0.0005195774598008557, 1.2095746958612498e-130, -0.0005195774598008557, 0.8748196826414489, 0.000366034027349408]	[0.0, 0.0, 0.0, 0.0, 0.0]
3664826895	[-0.0005195774598008557, 1.2095746958612498e-130, -0.0005195774598008557, 0.8745073309159703, 0.0003720027024014595]	[0.0, 0.0, 0.0, 0.0, 0.0]
80172249	[-0.0005195774598008557, 1.2095746958612498e-130, -0.0005195774598008557, 0.8748196826414489, 0.000366034027349408]	[0.0, 0.0, 0.0, 0.0, 0.0]
65375944	[-0.0005195774598008557, 1.2095746958612498e-130, -0.0005195774598008557, 0.8747996152613017, 0.00036596696358477817]	[0.0, 0.0, 0.0, 0.0, 0.0]
