532655237	[-0.0005178723788390087, 1.0653439259813246e-10, -0.0005178750624436133, 0.8748196826414489, 0.000366034027349408]	[0.0, 0.0, 0.0, 0.0, 0.0]
552278840	[-5.643318341422021e-12, 0.0, 2.1450697024589286e-09, 1.0, 0.5]	[0.0, 0.0, 0.0, 0.0, 0.0]
892926801860677632	[-0.0005178723788004618, 1.0653439259813246e-10, -0.0005178750624218075, 0.8747996152613017, 0.00036596696358477817]	[0.0, 0.0, 0.0, 0.0, 0.0]
905719296134971392	[-0.0005178723788004618, 1.0653439259813246e-10, -0.0005178750624218075, 0.8747996152613017, 0.00036596696358477817]	[0.0, 0.0, 0.0, 0.0, 0.0]
377925526	[-0.0005178723787638885, 1.0653439259813246e-10, -0.0005178750623772553, 0.8747996152613017, 0.00036596696358477817]	[0.0, 0.0, 0.0, 0.0, 0.0]
3545097856	[-0.0005178745504251466, 1.0653439259813245e-10, -0.0005178769540920733, 0.8745073309159703, 0.0003720027024014595]	[0.0, 0.0, 0.0, 0.0, 0.0]
890502281887612928	[-0.0005178723788004618, 1.0653439259813246e-10, -0.0005178750624218075, 0.8747996152613017, 0.00036596696358477817]	[0.0, 0.0, 0.0, 0.0, 0.0]
3398737828	[-0.0005178723788004618, 1.0653439259813246e-10, -0.0005178750624218075, 0.8747996152613017, 0.00036596696358477817]	[0.0, 0.0, 0.0, 0.0, 0.0]
1664655710	[-8.488959491447968e-09, 1.5731246616037924e-10, -6.922566942098701e-10, 0.7009507346585998, 0.0030518551968089108]	[0.0, 0.0, 0.0, 0.0, 0.0]
743729451708481536	[-0.0005178720016459015, 1.0653439259813245e-10, -0.000517874661683287, 0.8722452890450335, 0.00036630228240792717]	[0.0, 0.0, 0.0, 0.0, 0.0]
211577392	[-2.138959065388097e-09, 0.0, 5.8235344389455966e-09, 0.8082706766917294, 0.0017030242542337975]	[0.0, 0.0, 0.0, 0.0, 0.0]
751805919743315969	[-0.0005178723591609636, 1.0420069369456788e-10, -0.0005178749011955442, 0.8673875019875974, 0.0003658328360555186]	[0.0, 0.0, 0.0, 0.0, 0.0]
909435307304607744	[-0.0005178723788004618, 1.0653439259813246e-10, -0.0005178750624218075, 0.8747996152613017, 0.00036596696358477817]	[0.0, 0.0, 0.0, 0.0, 0.0]
222496251	[-4.2179976820931233e-08, 2.115011162204557e-10, -4.243984626534453e-08, 0.7792125984251969, 0.0006728666130331598]	[0.0, 0.0, 0.0, 0.0, 0.0]
876224066759405568	[-0.0005178723787921723, 1.0653439259813246e-10, -0.0005178750623990768, 0.8748196826414489, 0.000366034027349408]	[0.0, 0.0, 0.0, 0.0, 0.0]
54219545	[-0.0005178723578489846, 1.0420069369456788e-10, -0.0005178748997831054, 0.8673664122137404, 0.0003657657722908888]	[0.0, 0.0, 0.0, 0.0, 0.0]
1028440310	[-7.517740250829966e-09, 1.8921499426283376e-10, 3.210040159574893e-09, 0.6429856115107914, 0.003894080996884735]	[0.0, 0.0, 0.0, 0.0, 0.0]
179181381	[-5.871215308863281e-09, 1.33052221893855e-10, -1.5120266615011922e-09, 0.7103448275862069, 0.0024549137999523318]	[0.0, 0.0, 0.0, 0.0, 0.0]
25816024	[-0.0005178699166394772, 1.0668808002742438e-10, -0.0005178717962922219, 0.8749202297383536, 0.0003677776852297826]	[0.0, 0.0, 0.0, 0.0, 0.0]
569257486	[-0.0005178723787638885, 1.0653439259813246e-10, -0.0005178750623772553, 0.8747996152613017, 0.00036596696358477817]	[0.0, 0.0, 0.0, 0.0, 0.0]
20447568	[-2.9703627693082878e-09, -1.5072921720063667e-13, 3.3594273037175195e-09, 0.699215965787598, 0.0018233455137522257]	[0.0, 0.0, 0.0, 0.0, 0.0]
3356627800	[-0.0005178723787638885, 1.0653439259813246e-10, -0.0005178750623772553, 0.8747996152613017, 0.00036596696358477817]	[0.0, 0.0, 0.0, 0.0, 0.0]
58429842	[-0.0005178723788004618, 1.0653439259813246e-10, -0.0005178750624218075, 0.8747996152613017, 0.00036596696358477817]	[0.0, 0.0, 0.0, 0.0, 0.0]
19590930	[-5.610783109275304e-11, 0.0, 1.4765167733417245e-09, 1.0, 0.5]	[0.0, 0.0, 0.0, 0.0, 0.0]
245957521	[-0.0005178704155449277, 1.0668810079829421e-10, -0.0005178724765696293, 0.8740069907848745, 0.0003689177692284891]	[0.0, 0.0, 0.0, 0.0, 0.0]
3289816264	[-0.0005178745508417261, 1.0653439259813245e-10, -0.0005178769546882328, 0.8743686868686869, 0.00037153325604905095]	[0.0, 0.0, 0.0, 0.0, 0.0]
714602578529665024	[-0.0005178723788390087, 1.0653439259813246e-10, -0.0005178750624436133, 0.8748196826414489, 0.000366034027349408]	[0.0, 0.0, 0.0, 0.0, 0.0]
826067879879651329	[-0.0005178723591607005, 1.0420069369456788e-10, -0.000517874901169371, 0.8674296614210777, 0.00036596696358477817]	[0.0, 0.0, 0.0, 0.0, 0.0]
1631211283	[-8.67585060854653e-09, 1.610580010689597e-10, -6.860583240496397e-10, 0.6975524475524476, 0.0031477799867461894]	[0.0, 0.0, 0.0, 0.0, 0.0]
117754884	[-8.994032789305893e-09, 1.9654535723669655e-10, 2.14614598816969e-09, 0.6337402885682575, 0.0033557441406709136]	[0.0, 0.0, 0.0, 0.0, 0.0]
42401449	[-0.0005178723787638885, 1.0653439259813246e-10, -0.0005178750623772553, 0.8747996152613017, 0.00036596696358477817]	[0.0, 0.0, 0.0, 0.0, 0.0]
223782598	[-2.9327802317630158e-08, 1.487955132444307e-10, -3.1038975003934044e-08, 0.83658810325477, 0.0004998906866354688]	[0.0, 0.0, 0.0, 0.0, 0.0]
786863976030220289	[-0.0005178723788390087, 1.0653439259813246e-10, -0.0005178750624436133, 0.8748196826414489, 0.000366034027349408]	[0.0, 0.0, 0.0, 0.0, 0.0]
1707513156	[-7.496565151047694e-09, 1.5054840527209493e-10, 1.745543888021481e-10, 0.7079124579124579, 0.002847064240060665]	[0.0, 0.0, 0.0, 0.0, 0.0]
2920256952	[-0.000517872344176911, 1.0653439259813246e-10, -0.0005178750162159203, 0.8748196826414489, 0.000366034027349408]	[0.0, 0.0, 0.0, 0.0, 0.0]
2906686402	[-0.0005178723787638885, 1.0653439259813246e-10, -0.0005178750623772553, 0.8747996152613017, 0.00036596696358477817]	[0.0, 0.0, 0.0, 0.0, 0.0]
359850032	[-0.0005178723788004618, 1.0653439259813246e-10, -0.0005178750624218075, 0.8747996152613017, 0.00036596696358477817]	[0.0, 0.0, 0.0, 0.0, 0.0]
845781575170244610	[-0.0005178723788004618, 1.0653439259813246e-10, -0.0005178750624218075, 0.8747996152613017, 0.00036596696358477817]	[0.0, 0.0, 0.0, 0.0, 0.0]
857912957346471936	[-0.0005178744210648628, 1.0653439259813245e-10, -0.0005178768134552273, 0.8787090853472009, 0.0003852813277981585]	[0.0, 0.0, 0.0, 0.0, 0.0]
791162759228624896	[-0.0005178723787638885, 1.0653439259813246e-10, -0.0005178750623772553, 0.8747996152613017, 0.00036596696358477817]	[0.0, 0.0, 0.0, 0.0, 0.0]
878977884999876610	[-0.0005178745500285483, 1.0653439259813245e-10, -0.000517876953746483, 0.8777265745007681, 0.0003832023510946349]	[0.0, 0.0, 0.0, 0.0, 0.0]
1274709210	[-6.909450678227789e-09, 1.9419433621711886e-10, 4.394663881650224e-09, 0.6709233791748527, 0.003918396383371771]	[0.0, 0.0, 0.0, 0.0, 0.0]
26203837	[-0.0005178721129262915, 1.0668808002742438e-10, -0.0005178747239721387, 0.8749401818471846, 0.0003678447489944124]	[0.0, 0.0, 0.0, 0.0, 0.0]
142334501	[1.0200131172911898e-12, 0.0, -1.695902597666898e-10, 1.0, 0.3333333333333333]	[0.0, 0.0, 0.0, 0.0, 0.0]
741963075985760256	[-0.0005178723788004618, 1.0653439259813246e-10, -0.0005178750624218075, 0.8747996152613017, 0.00036596696358477817]	[0.0, 0.0, 0.0, 0.0, 0.0]
222036996	[-6.57667302068138e-08, 3.14827550237478e-10, -6.61315628379585e-08, 0.8328912466843501, 0.0009545198643487439]	[0.0, 0.0, 0.0, 0.0, 0.0]
36327895	[-0.0005178723787638885, 1.0653439259813246e-10, -0.0005178750623772553, 0.8747996152613017, 0.00036596696358477817]	[0.0, 0.0, 0.0, 0.0, 0.0]
809247439383392257	[-0.0005178723788390087, 1.0653439259813246e-10, -0.0005178750624436133, 0.8748196826414489, 0.000366034027349408]	[0.0, 0.0, 0.0, 0.0, 0.0]
422684232	[-0.0005178723787638885, 1.0653439259813246e-10, -0.0005178750623772553, 0.8747996152613017, 0.00036596696358477817]	[0.0, 0.0, 0.0, 0.0, 0.0]
388187529	[-0.0005178745501045469, 1.0653439259813245e-10, -0.0005178769537591747, 0.8745271122320303, 0.00037206976616608933]	[0.0, 0.0, 0.0, 0.0, 0.0]
800434576350789632	[-0.0005178723788004618, 1.0653439259813246e-10, -0.0005178750624218075, 0.8747996152613017, 0.00036596696358477817]	[0.0, 0.0, 0.0, 0.0, 0.0]
827106904245731328	[-0.0005178723788004618, 1.0653439259813246e-10, -0.0005178750624218075, 0.8747996152613017, 0.00036596696358477817]	[0.0, 0.0, 0.0, 0.0, 0.0]
86711514	[-0.000517872378808191, 1.0653439259813246e-10, -0.000517875062423814, 0.8747996152613017, 0.00036596696358477817]	[0.0, 0.0, 0.0, 0.0, 0.0]
819581851903938562	[-0.0005178723788390087, 1.0653439259813246e-10, -0.0005178750624436133, 0.8748196826414489, 0.000366034027349408]	[0.0, 0.0, 0.0, 0.0, 0.0]
293013635	[-2.4659729299580562e-08, 1.0653439259813245e-10, -2.5233120490461908e-08, 0.8932722213128171, 0.00036596696358477817]	[0.0, 0.0, 0.0, 0.0, 0.0]
2368436134	[-0.0005178697739093929, 1.0668810079829421e-10, -0.0005178714696633853, 0.8733290897517505, 0.00036804594028830176]	[0.0, 0.0, 0.0, 0.0, 0.0]
2862964321	[-0.0005178723787638885, 1.0653439259813246e-10, -0.0005178750623772553, 0.8747996152613017, 0.00036596696358477817]	[0.0, 0.0, 0.0, 0.0, 0.0]
54851559	[1.689701961087266e-08, 0.0, 1.696329307173645e-08, 0.7285714285714285, 0.2802197802197802]	[0.0, 0.0, 0.0, 0.0, 0.0]
777573276692451328	[-0.0005178723787638885, 1.0653439259813246e-10, -0.0005178750623772553, 0.8747996152613017, 0.00036596696358477817]	[0.0, 0.0, 0.0, 0.0, 0.0]
560467206	[-0.0005178723787638885, 1.0653439259813246e-10, -0.0005178750623772553, 0.8747996152613017, 0.00036596696358477817]	[0.0, 0.0, 0.0, 0.0, 0.0]
140101267	[-3.191578558877351e-10, 1.613781959020988e-10, 0.001988036217416171, 0.6835016835016835, 0.003215765169936556]	[0.0, 0.0, 0.0, 0.0, 0.0]
862688770205863937	[-0.0005178723788004618, 1.0653439259813246e-10, -0.0005178750624218075, 0.8747996152613017, 0.00036596696358477817]	[0.0, 0.0, 0.0, 0.0, 0.0]
474013625	[-0.0005178723787638885, 1.0653439259813246e-10, -0.0005178750623772553, 0.8747996152613017, 0.00036596696358477817]	[0.0, 0.0, 0.0, 0.0, 0.0]
801355099796803584	[-0.0005178723787638885, 1.0653439259813246e-10, -0.0005178750623772553, 0.8747996152613017, 0.00036596696358477817]	[0.0, 0.0, 0.0, 0.0, 0.0]
21422783	[-7.338166795192066e-10, 0.0, 5.859884389188443e-09, 0.811070110701107, 0.0015631178155606316]	[0.0, 0.0, 0.0, 0.0, 0.0]
39475170	[-0.0005178723787638885, 1.0653439259813246e-10, -0.0005178750623772553, 0.8747996152613017, 0.00036596696358477817]	[0.0, 0.0, 0.0, 0.0, 0.0]
875915736300040192	[-0.0005178723788004618, 1.0653439259813246e-10, -0.0005178750624218075, 0.8747996152613017, 0.00036596696358477817]	[0.0, 0.0, 0.0, 0.0, 0.0]
192463771	[-2.25512210590411e-09, -9.787544649360617e-12, 6.259618602561891e-09, 0.7115009746588694, 0.0019808535579386097]	[0.0, 0.0, 0.0, 0.0, 0.0]
884586449831686145	[-0.0005178723788004618, 1.0653439259813246e-10, -0.0005178750624218075, 0.8747996152613017, 0.00036596696358477817]	[0.0, 0.0, 0.0, 0.0, 0.0]
802492036268126208	[-0.0005178723788004618, 1.0653439259813246e-10, -0.0005178750624218075, 0.8747996152613017, 0.00036596696358477817]	[0.0, 0.0, 0.0, 0.0, 0.0]
154172528	[-8.540362058852321e-09, 1.7307725488007611e-10, 9.601392112694528e-11, 0.6888888888888889, 0.0033896451806899566]	[0.0, 0.0, 0.0, 0.0, 0.0]
288567673	[-0.0005178723787638885, 1.0653439259813246e-10, -0.0005178750623772553, 0.8747996152613017, 0.00036596696358477817]	[0.0, 0.0, 0.0, 0.0, 0.0]
704221216912105473	[-0.0005178723788004618, 1.0653439259813246e-10, -0.0005178750624218075, 0.8747996152613017, 0.00036596696358477817]	[0.0, 0.0, 0.0, 0.0, 0.0]
465965880	[-0.0005178723787921723, 1.0653439259813246e-10, -0.0005178750623990768, 0.8748196826414489, 0.000366034027349408]	[0.0, 0.0, 0.0, 0.0, 0.0]
1156991923	[-7.0268855692196314e-09, 1.9750178233273888e-10, 4.469865744981167e-09, 0.6683168316831684, 0.004005696991276482]	[0.0, 0.0, 0.0, 0.0, 0.0]
3292722958	[-0.0005178723787740918, 1.0653439259813246e-10, -0.0005178750623453591, 0.8747996152613017, 0.00036596696358477817]	[0.0, 0.0, 0.0, 0.0, 0.0]
2173684107	[-3.372384906239285e-10, 0.0, 5.294841014926159e-09, 0.824847250509165, 0.0013912904075393054]	[0.0, 0.0, 0.0, 0.0, 0.0]
2413215217	[-0.0005178697977107812, 1.0668810079829421e-10, -0.0005178714377231254, 0.8736089030206677, 0.0003685153866407103]	[0.0, 0.0, 0.0, 0.0, 0.0]
22900494	[-0.0005178710532640613, 1.0668810079829421e-10, -0.0005178731867005668, 0.8655972589939261, 0.0003727404038123872]	[0.0, 0.0, 0.0, 0.0, 0.0]
860264322311659520	[-0.0005178723788390087, 1.0653439259813246e-10, -0.0005178750624436133, 0.8748196826414489, 0.000366034027349408]	[0.0, 0.0, 0.0, 0.0, 0.0]
311380778	[-0.0005178723787638885, 1.0653439259813246e-10, -0.0005178750623772553, 0.8747996152613017, 0.00036596696358477817]	[0.0, 0.0, 0.0, 0.0, 0.0]
474708096	[-0.0005178723788004618, 1.0653439259813246e-10, -0.0005178750624218075, 0.8747996152613017, 0.00036596696358477817]	[0.0, 0.0, 0.0, 0.0, 0.0]
1653321740	[-4.7495205573866366e-09, 8.756551514428876e-11, -3.5766473704375695e-10, 0.7126805778491172, 0.0015517205225523707]	[0.0, 0.0, 0.0, 0.0, 0.0]
890041069639016448	[-0.0005178723552612097, 1.0420069369456788e-10, -0.0005178748952190762, 0.8677240285487708, 0.00036690585628959527]	[0.0, 0.0, 0.0, 0.0, 0.0]
1143130812	[-7.049570118352924e-09, 1.844846194062629e-10, 3.063912190314863e-09, 0.6445623342175066, 0.0037740733071029197]	[0.0, 0.0, 0.0, 0.0, 0.0]
4376048613	[-0.0005178723787638885, 1.0653439259813246e-10, -0.0005178750623772553, 0.8747996152613017, 0.00036596696358477817]	[0.0, 0.0, 0.0, 0.0, 0.0]
1005305156	[-4.4127953629527315e-09, 1.1059023506642464e-10, 2.2534830597587755e-09, 0.6731493099121706, 0.0019943422387932092]	[0.0, 0.0, 0.0, 0.0, 0.0]
37105136	[-0.0005178723787638885, 1.0653439259813246e-10, -0.0005178750623772553, 0.8747996152613017, 0.00036596696358477817]	[0.0, 0.0, 0.0, 0.0, 0.0]
818479808837455873	[-0.0005178723787638885, 1.0653439259813246e-10, -0.0005178750623772553, 0.8747996152613017, 0.00036596696358477817]	[0.0, 0.0, 0.0, 0.0, 0.0]
756914316566224896	[-0.0005178723787638885, 1.0653439259813246e-10, -0.0005178750623772553, 0.8747996152613017, 0.00036596696358477817]	[0.0, 0.0, 0.0, 0.0, 0.0]
849608792098705408	[-0.0005178723788004618, 1.0653439259813246e-10, -0.0005178750624218075, 0.8747996152613017, 0.00036596696358477817]	[0.0, 0.0, 0.0, 0.0, 0.0]
11985982	[-9.26459071647875e-09, 1.8833696644722894e-10, 1.7228018920950064e-09, 0.6766409266409267, 0.0037824421302541412]	[0.0, 0.0, 0.0, 0.0, 0.0]
3372055939	[-0.0005178745507853685, 1.0653439259813245e-10, -0.0005178769545640123, 0.8745864187805262, 0.0003722709574599787]	[0.0, 0.0, 0.0, 0.0, 0.0]
562662319	[-0.0005178723788390087, 1.0653439259813246e-10, -0.0005178750624436133, 0.8748196826414489, 0.000366034027349408]	[0.0, 0.0, 0.0, 0.0, 0.0]
847424832400629760	[-0.000517872378808191, 1.0653439259813246e-10, -0.000517875062423814, 0.8747996152613017, 0.00036596696358477817]	[0.0, 0.0, 0.0, 0.0, 0.0]
886794351459827713	[-0.0005178723788004618, 1.0653439259813246e-10, -0.0005178750624218075, 0.8747996152613017, 0.00036596696358477817]	[0.0, 0.0, 0.0, 0.0, 0.0]
817189988462800896	[-0.0005178723788390087, 1.0653439259813246e-10, -0.0005178750624436133, 0.8748196826414489, 0.000366034027349408]	[0.0, 0.0, 0.0, 0.0, 0.0]
3664826895	[-0.0005178745503437486, 1.0653439259813245e-10, -0.0005178769540382538, 0.8745073309159703, 0.0003720027024014595]	[0.0, 0.0, 0.0, 0.0, 0.0]
80172249	[-0.0005178723788390087, 1.0653439259813246e-10, -0.0005178750624436133, 0.8748196826414489, 0.000366034027349408]	[0.0, 0.0, 0.0, 0.0, 0.0]
65375944	[-0.000517872378808191, 1.0653439259813246e-10, -0.000517875062423814, 0.8747996152613017, 0.00036596696358477817]	[0.0, 0.0, 0.0, 0.0, 0.0]
