532655237	[-0.005371129454890755, -0.0006062802874851184, 0.012302176150606236, 0.8884345794392523, 0.001423994637316711]	[0.0, 0.0, 0.0, 0.0, 0.0]
552278840	[-0.00017803751199292327, -0.00017803751199292327, 0.002506330849767043, 1.0, 0.5]	[0.0, 0.0, 0.0, 0.0, 0.0]
892926801860677632	[0.00034383778836316196, 0.00023360403292261558, 0.001395427597191215, 0.8496134926212228, 0.0016872231572424997]	[0.0, 0.0, 0.0, 0.0, 0.0]
905719296134971392	[0.00041026707792069905, 0.0002899395770546892, 0.0015595421500132875, 0.8486238532110092, 0.001836210062431142]	[0.0, 0.0, 0.0, 0.0, 0.0]
377925526	[0.00017565985671796252, 0.00017443884440455107, -3.8064877068621174e-05, 1.0, 0.25]	[0.0, 0.0, 0.0, 0.0, 0.0]
3545097856	[-0.00247138887258419, -0.00028440889582921473, 0.002523441757340583, 0.825, 0.00040142301853427425]	[0.0, 0.0, 0.0, 0.0, 0.0]
890502281887612928	[0.0004102670779206993, 0.0002899395770546891, 0.0015595421500132873, 0.8486238532110092, 0.001836210062431142]	[0.0, 0.0, 0.0, 0.0, 0.0]
3398737828	[-0.0023986500626699786, -0.00027954658274863573, 0.002592785062723289, 0.8227137089696331, 0.00039850460869262093]	[0.0, 0.0, 0.0, 0.0, 0.0]
1664655710	[-0.0025752411587371188, -0.00025993267770748745, 0.0029742606242803677, 0.8560149594847288, 0.00043163914967087513]	[0.0, 0.0, 0.0, 0.0, 0.0]
743729451708481536	[0.00035241042491800085, 0.00023778939787903419, 0.001437147380860725, 0.8586647727272727, 0.0017278043593833069]	[0.0, 0.0, 0.0, 0.0, 0.0]
211577392	[-0.002448659602753189, -0.000259468460564178, 0.0027750251378967556, 0.8213689482470785, 0.0004114599207558671]	[0.0, 0.0, 0.0, 0.0, 0.0]
751805919743315969	[0.0002557011767652666, 0.0001381010879490215, 0.0014207146372193788, 0.834054834054834, 0.0018039950062421972]	[0.0, 0.0, 0.0, 0.0, 0.0]
909435307304607744	[0.00041026707792069905, 0.0002899395770546892, 0.0015595421500132873, 0.8486238532110092, 0.001836210062431142]	[0.0, 0.0, 0.0, 0.0, 0.0]
222496251	[-0.002369964359735822, -0.00026048071184832296, 0.0027876211590015065, 0.8199213161659513, 0.00040624689887863453]	[0.0, 0.0, 0.0, 0.0, 0.0]
876224066759405568	[0.0003996735845242856, 0.00026149878295214364, 0.0016408866143921505, 0.867587327376117, 0.001963574588256059]	[0.0, 0.0, 0.0, 0.0, 0.0]
54219545	[0.00022781080765266545, 0.00012864036473888638, 0.0012787062804408165, 0.8327759197324415, 0.0016317126298489389]	[0.0, 0.0, 0.0, 0.0, 0.0]
1028440310	[-0.00233228304046427, -0.00024082148429060068, 0.0029193777022788734, 0.8188366648658383, 0.0004101728643633119]	[0.0, 0.0, 0.0, 0.0, 0.0]
179181381	[-0.002571738304505074, -0.0002665687876711148, 0.002961081761061748, 0.8563432835820896, 0.0004302810356992645]	[0.0, 0.0, 0.0, 0.0, 0.0]
25816024	[-0.0024016310416730678, -0.00027813360152594734, 0.002624022501680801, 0.8218694885361552, 0.00040040101966501727]	[0.0, 0.0, 0.0, 0.0, 0.0]
569257486	[-0.001818619324045254, -0.0020756815975629533, -0.0016269550147437752, 0.8482758620689655, 0.0016194609170098696]	[0.0, 0.0, 0.0, 0.0, 0.0]
20447568	[-0.002344585555961349, -0.00024414770838073813, 0.0028674121729397742, 0.8192597915918074, 0.0004081520860599414]	[0.0, 0.0, 0.0, 0.0, 0.0]
3356627800	[-0.002390444310238348, -0.0002791514644738043, 0.002613229062064467, 0.8226203020723568, 0.0003987144438478293]	[0.0, 0.0, 0.0, 0.0, 0.0]
58429842	[0.0003815061998601212, 0.0002706863981631696, 0.0014600945980493805, 0.8550619082301529, 0.001702115320487727]	[0.0, 0.0, 0.0, 0.0, 0.0]
19590930	[-0.0023350004243211913, -0.00024539038313226653, 0.0029032219195917943, 0.819047619047619, 0.00040968724270958046]	[0.0, 0.0, 0.0, 0.0, 0.0]
245957521	[-0.002286461835140263, -0.00028984976065196504, 0.0024903308704777205, 0.8303763886585972, 0.00038566948310123853]	[0.0, 0.0, 0.0, 0.0, 0.0]
3289816264	[-0.002480044629750266, -0.0002694975860783062, 0.002595014794987554, 0.8239166209544706, 0.00040525628007831714]	[0.0, 0.0, 0.0, 0.0, 0.0]
714602578529665024	[-0.0050780238759944914, -0.0006200296034436652, 0.01480228879376966, 0.8820987654320988, 0.0015717770870317942]	[0.0, 0.0, 0.0, 0.0, 0.0]
826067879879651329	[0.00027226189892180336, 0.0001494945925911272, 0.001451817384954496, 0.8336948662328272, 0.0018128759791574294]	[0.0, 0.0, 0.0, 0.0, 0.0]
1631211283	[-0.0023363693050830786, -0.00024215370842063395, 0.0029163566948385866, 0.8189344852411807, 0.0004109370303576796]	[0.0, 0.0, 0.0, 0.0, 0.0]
117754884	[-0.0025210183430810352, -0.00025354022733947864, 0.0029289908126622593, 0.8579290664492458, 0.00042540202968010453]	[0.0, 0.0, 0.0, 0.0, 0.0]
42401449	[-0.002416017020080691, -0.00028024695437624107, 0.002496984186325284, 0.8243478260869566, 0.00039605151677704305]	[0.0, 0.0, 0.0, 0.0, 0.0]
223782598	[-0.002374197144971924, -0.0002607807263938411, 0.0027749050547416494, 0.8199856989631749, 0.0004059406273557079]	[0.0, 0.0, 0.0, 0.0, 0.0]
786863976030220289	[-0.00509075678531293, -0.0006246517644510371, 0.014961328619742337, 0.8814400993171942, 0.0015850655569719443]	[0.0, 0.0, 0.0, 0.0, 0.0]
1707513156	[-0.0025210183430810357, -0.000253540227339478, 0.0029289908126622593, 0.8579290664492458, 0.00042540202968010453]	[0.0, 0.0, 0.0, 0.0, 0.0]
2920256952	[-0.0025500528211805647, -0.00027207896763994726, 0.0026803236320909795, 0.860919313474058, 0.00041738709937198733]	[0.0, 0.0, 0.0, 0.0, 0.0]
2906686402	[-0.002400560055310795, -0.0002787747800673189, 0.0026200825297513475, 0.8219950652097285, 0.00040004082749440123]	[0.0, 0.0, 0.0, 0.0, 0.0]
359850032	[-0.0023997108970749085, -0.00027927532361253054, 0.00258419192522796, 0.8228070175438597, 0.0003980629526799058]	[0.0, 0.0, 0.0, 0.0, 0.0]
845781575170244610	[0.0004076303320855061, 0.00029564216512488017, 0.001482751415996169, 0.8475398475398476, 0.0017353425279527782]	[0.0, 0.0, 0.0, 0.0, 0.0]
857912957346471936	[-7.466508738384437e-05, -9.468247922485782e-05, 0.0012517511222493365, 0.9013816102906146, 0.0011647736017483916]	[0.0, 0.0, 0.0, 0.0, 0.0]
791162759228624896	[0.0004086398236790848, 0.00028860453974601094, 0.0015558204005146938, 0.8487394957983193, 0.0018331457837646972]	[0.0, 0.0, 0.0, 0.0, 0.0]
878977884999876610	[-8.317599935053738e-05, -0.00010287263428278558, 0.0012377634510350362, 0.9014285714285715, 0.0011635626037248756]	[0.0, 0.0, 0.0, 0.0, 0.0]
1274709210	[-0.0023354840221615613, -0.0002414361723210205, 0.002917768379198215, 0.8187713925418844, 0.00041048545120344037]	[0.0, 0.0, 0.0, 0.0, 0.0]
26203837	[-0.0024016310416730673, -0.0002781336015259475, 0.0026240225016808004, 0.8218694885361552, 0.00040040101966501727]	[0.0, 0.0, 0.0, 0.0, 0.0]
142334501	[-0.0023361860011282464, -0.00024150874105330821, 0.0029186453760059092, 0.8187387387387387, 0.00041064191536980995]	[0.0, 0.0, 0.0, 0.0, 0.0]
741963075985760256	[0.0004117611049773449, 0.0002892689123427224, 0.0015593060180441839, 0.8490853658536586, 0.0018240107934283216]	[0.0, 0.0, 0.0, 0.0, 0.0]
222036996	[-0.002530993676399395, -0.0002585053534567898, 0.0028521340096528667, 0.8589639821934439, 0.0004225675983726419]	[0.0, 0.0, 0.0, 0.0, 0.0]
36327895	[-0.0023983136854900046, -0.0002791127178928144, 0.0025826873011084678, 0.8228691687127324, 0.0003977690345453759]	[0.0, 0.0, 0.0, 0.0, 0.0]
809247439383392257	[-0.005073762448072079, -0.0006244889150921338, 0.015047787226810497, 0.8809968847352025, 0.0015850596359070935]	[0.0, 0.0, 0.0, 0.0, 0.0]
422684232	[-0.0024120645739474367, -0.00027993074112992594, 0.0025068092878834385, 0.8242867084203201, 0.0003961133737004463]	[0.0, 0.0, 0.0, 0.0, 0.0]
388187529	[-0.002486813504131295, -0.0002854753500699158, 0.002469321841289704, 0.8254674977738201, 0.00040012735013309956]	[0.0, 0.0, 0.0, 0.0, 0.0]
800434576350789632	[0.0004086398236790848, 0.00028860453974601094, 0.0015558204005146938, 0.8487394957983193, 0.0018331457837646972]	[0.0, 0.0, 0.0, 0.0, 0.0]
827106904245731328	[0.0004086398236790848, 0.00028860453974601094, 0.0015558204005146938, 0.8487394957983193, 0.0018331457837646972]	[0.0, 0.0, 0.0, 0.0, 0.0]
86711514	[0.0005008464472794928, 0.0003664066595719628, 0.001632514039277467, 0.8371747211895911, 0.001853131891642803]	[0.0, 0.0, 0.0, 0.0, 0.0]
819581851903938562	[-0.005075548230625801, -0.0006258146684169488, 0.015071237720214412, 0.8809226932668329, 0.0015872980211010658]	[0.0, 0.0, 0.0, 0.0, 0.0]
293013635	[-0.002476286842318512, -0.0002694237926559331, 0.002611529920231962, 0.8237554904831625, 0.00040577954117431754]	[0.0, 0.0, 0.0, 0.0, 0.0]
2368436134	[-0.0023875643191555375, -0.0002689368916046879, 0.0027112917557755695, 0.8206357662937311, 0.00040412637427891736]	[0.0, 0.0, 0.0, 0.0, 0.0]
2862964321	[-0.0024005600553107928, -0.000278774780067319, 0.0026200825297513475, 0.8219950652097285, 0.00040004082749440123]	[0.0, 0.0, 0.0, 0.0, 0.0]
54851559	[0.00032792945582491137, 0.00032460334400158603, 0.0022021321891230834, 0.32142857142857145, 0.21428571428571427]	[0.0, 0.0, 0.0, 0.0, 0.0]
777573276692451328	[0.00040811592646924016, 0.0002882345339258236, 0.0015547903329652982, 0.8488549618320611, 0.0018300911754056811]	[0.0, 0.0, 0.0, 0.0, 0.0]
560467206	[-0.0016984499833097718, -0.0019445382578069936, -0.0014999135421124908, 0.8574156588160408, 0.0014878191024043687]	[0.0, 0.0, 0.0, 0.0, 0.0]
140101267	[-0.0026501058021102157, -0.0007439641744825251, 0.002184315347864652, 0.8239448461409113, 0.0003860880346905615]	[0.0, 0.0, 0.0, 0.0, 0.0]
862688770205863937	[0.0003297551936329572, 0.000218865279370732, 0.0014039346335464383, 0.8565340909090909, 0.0017030963591019627]	[0.0, 0.0, 0.0, 0.0, 0.0]
474013625	[-0.0016667203909744835, -0.0002589247295340999, 0.0058345503943675525, 0.7905447070914697, 0.0005091172494642752]	[0.0, 0.0, 0.0, 0.0, 0.0]
801355099796803584	[0.0004086398236790848, 0.00028860453974601094, 0.0015558204005146938, 0.8487394957983193, 0.0018331457837646972]	[0.0, 0.0, 0.0, 0.0, 0.0]
21422783	[-0.002346012027367514, -0.0002460945088618537, 0.0028548463764475696, 0.8194693438508426, 0.0004079153606414418]	[0.0, 0.0, 0.0, 0.0, 0.0]
39475170	[-0.002410249323518329, -0.00028042533197880724, 0.002544104629235092, 0.823549965059399, 0.00039777885149752684]	[0.0, 0.0, 0.0, 0.0, 0.0]
875915736300040192	[0.0004102670779206993, 0.0002899395770546891, 0.0015595421500132873, 0.8486238532110092, 0.001836210062431142]	[0.0, 0.0, 0.0, 0.0, 0.0]
192463771	[-0.0023327309520511335, -0.00024216949095388674, 0.002912856563476264, 0.8189500179791442, 0.00041015506112435974]	[0.0, 0.0, 0.0, 0.0, 0.0]
884586449831686145	[0.0004102670779206993, 0.0002899395770546891, 0.0015595421500132873, 0.8486238532110092, 0.001836210062431142]	[0.0, 0.0, 0.0, 0.0, 0.0]
802492036268126208	[0.0004086398236790848, 0.00028860453974601094, 0.0015558204005146938, 0.8487394957983193, 0.0018331457837646972]	[0.0, 0.0, 0.0, 0.0, 0.0]
154172528	[-0.0025210183430810357, -0.000253540227339478, 0.0029289908126622593, 0.8579290664492458, 0.00042540202968010453]	[0.0, 0.0, 0.0, 0.0, 0.0]
288567673	[-0.002400560055310793, -0.0002787747800673189, 0.0026200825297513475, 0.8219950652097285, 0.00040004082749440123]	[0.0, 0.0, 0.0, 0.0, 0.0]
704221216912105473	[0.0004077678728141375, 0.0002873513822596422, 0.0015433626907667942, 0.85, 0.0018000673822014728]	[0.0, 0.0, 0.0, 0.0, 0.0]
465965880	[0.00018656268594493625, 0.00020417498490346242, 0.0005583313116246134, 0.6884057971014492, 0.0022679062280456445]	[0.0, 0.0, 0.0, 0.0, 0.0]
1156991923	[-0.002333344301124964, -0.00024117530608451932, 0.0029196740663335863, 0.8188040345821326, 0.0004103291009081036]	[0.0, 0.0, 0.0, 0.0, 0.0]
3292722958	[-0.0025014066015290417, -0.0002788610273972556, 0.0025958469986977956, 0.823615964686408, 0.00040687615245989256]	[0.0, 0.0, 0.0, 0.0, 0.0]
2173684107	[-0.0023458998665946266, -0.00024660853051864333, 0.0028531109804918638, 0.8195017028141244, 0.0004077609429231001]	[0.0, 0.0, 0.0, 0.0, 0.0]
2413215217	[-0.0024652313611319187, -0.00028250564164979434, 0.0025955097022202574, 0.8237410071942446, 0.0004045986434461204]	[0.0, 0.0, 0.0, 0.0, 0.0]
22900494	[-0.002384570468036889, -0.0002683588978304368, 0.002749743439808315, 0.8200926255789098, 0.00040623570035334744]	[0.0, 0.0, 0.0, 0.0, 0.0]
860264322311659520	[-0.005044283081722196, -0.0006249245046941847, 0.0152393204972124, 0.8804007514088916, 0.001592912333174722]	[0.0, 0.0, 0.0, 0.0, 0.0]
311380778	[-0.0024000570488381004, -0.0002791057355598801, 0.0026148627256201333, 0.8222143988734377, 0.0003999381470097624]	[0.0, 0.0, 0.0, 0.0, 0.0]
474708096	[-0.0016427006563815227, -0.00025272046012349855, 0.005959093120215938, 0.7890269151138717, 0.0005134112004742082]	[0.0, 0.0, 0.0, 0.0, 0.0]
1653321740	[-0.0025677032383360954, -0.0002574900622234796, 0.0029702779478962046, 0.8564325668116842, 0.00043114992503372857]	[0.0, 0.0, 0.0, 0.0, 0.0]
890041069639016448	[0.00027226189892180336, 0.0001494945925911272, 0.001451817384954496, 0.8336948662328272, 0.0018128759791574294]	[0.0, 0.0, 0.0, 0.0, 0.0]
1143130812	[-0.0024322011398443875, -0.00027269474814194377, 0.0027704132381648084, 0.8214936247723132, 0.00041077367354258685]	[0.0, 0.0, 0.0, 0.0, 0.0]
4376048613	[-0.0024162240873916983, -0.00028086907338556216, 0.00246174483654676, 0.8249263303865488, 0.00039375968264905695]	[0.0, 0.0, 0.0, 0.0, 0.0]
1005305156	[-0.0025622434838109566, -0.00025640229497196144, 0.002965314000884911, 0.8562861869313482, 0.0004302111494190539]	[0.0, 0.0, 0.0, 0.0, 0.0]
37105136	[-0.0023981639880342113, -0.0002793958588910763, 0.002581021235578221, 0.8229002279502017, 0.00039762223092082633]	[0.0, 0.0, 0.0, 0.0, 0.0]
818479808837455873	[0.0004086398236790848, 0.00028860453974601094, 0.0015558204005146938, 0.8487394957983193, 0.0018331457837646972]	[0.0, 0.0, 0.0, 0.0, 0.0]
756914316566224896	[0.00039583727487729574, 0.00027637400518546574, 0.0015350331075357224, 0.8489702517162472, 0.0018270461932433763]	[0.0, 0.0, 0.0, 0.0, 0.0]
849608792098705408	[0.0004076303320855061, 0.00029564216512488017, 0.001482751415996169, 0.8475398475398476, 0.0017353425279527782]	[0.0, 0.0, 0.0, 0.0, 0.0]
11985982	[-0.002517260014980514, -0.0002497211510847807, 0.0029395879163499196, 0.8578711256117455, 0.0004257411153992191]	[0.0, 0.0, 0.0, 0.0, 0.0]
3372055939	[-0.0024753717494174904, -0.0002692976242241023, 0.002593303698105508, 0.8241738177834581, 0.00040476100808266665]	[0.0, 0.0, 0.0, 0.0, 0.0]
562662319	[-0.0052625557075987725, -0.000617371073282227, 0.013559609453911844, 0.8851473241130488, 0.0015064494868656435]	[0.0, 0.0, 0.0, 0.0, 0.0]
847424832400629760	[0.00031677035829627196, 0.0001959102266195495, 0.001449951417632504, 0.875945537065053, 0.0018026095809166223]	[0.0, 0.0, 0.0, 0.0, 0.0]
886794351459827713	[0.00034383778836316196, 0.00023360403292261558, 0.001395427597191215, 0.8496134926212228, 0.0016872231572424997]	[0.0, 0.0, 0.0, 0.0, 0.0]
817189988462800896	[-0.005075548230625801, -0.0006258146684169488, 0.015071237720214412, 0.8809226932668329, 0.0015872980211010658]	[0.0, 0.0, 0.0, 0.0, 0.0]
3664826895	[-0.002476303340608365, -0.0002850174839942586, 0.0025096025262409723, 0.8251249107780158, 0.00040129727327875667]	[0.0, 0.0, 0.0, 0.0, 0.0]
80172249	[-0.005087979496052265, -0.0006252175084368595, 0.014993413973330724, 0.881144990665837, 0.0015839457699922815]	[0.0, 0.0, 0.0, 0.0, 0.0]
65375944	[0.00030855319032790083, 0.00018975476438542788, 0.001412159433918497, 0.8668639053254438, 0.001770975940717638]	[0.0, 0.0, 0.0, 0.0, 0.0]
