532655237	[-0.00048381067765703735, 2.5027946015425148e-67, -0.00048381067771146745, 0.8748196826414489, 0.000366034027349408]	[0.0, 0.0, 0.0, 0.0, 0.0]
552278840	[0.0, 0.0, 0.0, 1.0, 0.5]	[0.0, 0.0, 0.0, 0.0, 0.0]
892926801860677632	[-0.00048381067765703735, 2.5027946015425148e-67, -0.00048381067771146745, 0.8747996152613017, 0.00036596696358477817]	[0.0, 0.0, 0.0, 0.0, 0.0]
905719296134971392	[-0.00048381067765703735, 2.5027946015425148e-67, -0.00048381067771146745, 0.8747996152613017, 0.00036596696358477817]	[0.0, 0.0, 0.0, 0.0, 0.0]
377925526	[-0.00048381067765703735, 2.5027946015425148e-67, -0.00048381067771146745, 0.8747996152613017, 0.00036596696358477817]	[0.0, 0.0, 0.0, 0.0, 0.0]
3545097856	[-0.0004838106776594314, 2.5027946015425148e-67, -0.00048381067771386153, 0.8745073309159703, 0.0003720027024014595]	[0.0, 0.0, 0.0, 0.0, 0.0]
890502281887612928	[-0.00048381067765703735, 2.5027946015425148e-67, -0.00048381067771146745, 0.8747996152613017, 0.00036596696358477817]	[0.0, 0.0, 0.0, 0.0, 0.0]
3398737828	[-0.00048381067765703735, 2.5027946015425148e-67, -0.00048381067771146745, 0.8747996152613017, 0.00036596696358477817]	[0.0, 0.0, 0.0, 0.0, 0.0]
1664655710	[-1.1539971640039024e-14, 8.183576409552369e-277, 2.7287071239085586e-07, 0.7009507346585998, 0.0030518551968089108]	[0.0, 0.0, 0.0, 0.0, 0.0]
743729451708481536	[-0.00048381067765703735, 2.5027946015425148e-67, -0.00048381067771146745, 0.8722452890450335, 0.00036630228240792717]	[0.0, 0.0, 0.0, 0.0, 0.0]
211577392	[5.068304261687137e-67, 0.0, 5.814962169394544e-15, 0.8082706766917294, 0.0017030242542337975]	[0.0, 0.0, 0.0, 0.0, 0.0]
751805919743315969	[-0.00048381067765703735, 2.5027946015425148e-67, -0.00048381067771146745, 0.8673875019875974, 0.0003658328360555186]	[0.0, 0.0, 0.0, 0.0, 0.0]
909435307304607744	[-0.00048381067765703735, 2.5027946015425148e-67, -0.00048381067771146745, 0.8747996152613017, 0.00036596696358477817]	[0.0, 0.0, 0.0, 0.0, 0.0]
222496251	[6.85268840538683e-05, 5.0395165543051055e-67, 6.85268840538683e-05, 0.7792125984251969, 0.0006728666130331598]	[0.0, 0.0, 0.0, 0.0, 0.0]
876224066759405568	[-0.00048381067765703735, 2.5027946015425148e-67, -0.00048381067771146745, 0.8748196826414489, 0.000366034027349408]	[0.0, 0.0, 0.0, 0.0, 0.0]
54219545	[-0.00048381067765703735, 2.5027946015425148e-67, -0.00048381067771146745, 0.8673664122137404, 0.0003657657722908888]	[0.0, 0.0, 0.0, 0.0, 0.0]
1028440310	[-1.3880245608997987e-14, 9.843182814286767e-277, 3.2820812958900145e-07, 0.6429856115107914, 0.003894080996884735]	[0.0, 0.0, 0.0, 0.0, 0.0]
179181381	[-9.682317668715669e-15, 6.866220207039061e-277, 2.289451830788072e-07, 0.7103448275862069, 0.0024549137999523318]	[0.0, 0.0, 0.0, 0.0, 0.0]
25816024	[-0.0004838106776531163, 2.5027946015425148e-67, -0.00048381067770689277, 0.8749202297383536, 0.0003677776852297826]	[0.0, 0.0, 0.0, 0.0, 0.0]
569257486	[-0.00048381067765703735, 2.5027946015425148e-67, -0.00048381067771146745, 0.8747996152613017, 0.00036596696358477817]	[0.0, 0.0, 0.0, 0.0, 0.0]
20447568	[-4.580048480598566e-51, 0.0, 6.297928790802381e-15, 0.699215965787598, 0.0018233455137522257]	[0.0, 0.0, 0.0, 0.0, 0.0]
3356627800	[-0.00048381067765703735, 2.5027946015425148e-67, -0.00048381067771146745, 0.8747996152613017, 0.00036596696358477817]	[0.0, 0.0, 0.0, 0.0, 0.0]
58429842	[-0.00048381067765703735, 2.5027946015425148e-67, -0.00048381067771146745, 0.8747996152613017, 0.00036596696358477817]	[0.0, 0.0, 0.0, 0.0, 0.0]
19590930	[0.0, 0.0, 0.0, 1.0, 0.5]	[0.0, 0.0, 0.0, 0.0, 0.0]
245957521	[-0.0004838106776531163, 2.5027946015425148e-67, -0.00048381067770689277, 0.8740069907848745, 0.0003689177692284891]	[0.0, 0.0, 0.0, 0.0, 0.0]
3289816264	[-0.0004838106776594314, 2.5027946015425148e-67, -0.00048381067771386153, 0.8743686868686869, 0.00037153325604905095]	[0.0, 0.0, 0.0, 0.0, 0.0]
714602578529665024	[-0.00048381067765703735, 2.5027946015425148e-67, -0.00048381067771146745, 0.8748196826414489, 0.000366034027349408]	[0.0, 0.0, 0.0, 0.0, 0.0]
826067879879651329	[-0.00048381067765703735, 2.5027946015425148e-67, -0.00048381067771146745, 0.8674296614210777, 0.00036596696358477817]	[0.0, 0.0, 0.0, 0.0, 0.0]
1631211283	[-1.1814732869563762e-14, 8.378423466922664e-277, 2.7936763411444764e-07, 0.6975524475524476, 0.0031477799867461894]	[0.0, 0.0, 0.0, 0.0, 0.0]
117754884	[-1.4417979095060864e-14, 1.022451677319376e-276, 3.409232145125463e-07, 0.6337402885682575, 0.0033557441406709136]	[0.0, 0.0, 0.0, 0.0, 0.0]
42401449	[-0.00048381067765703735, 2.5027946015425148e-67, -0.00048381067771146745, 0.8747996152613017, 0.00036596696358477817]	[0.0, 0.0, 0.0, 0.0, 0.0]
223782598	[4.812689989575958e-05, 3.5392869832139117e-67, 4.8126899819712454e-05, 0.83658810325477, 0.0004998906866354688]	[0.0, 0.0, 0.0, 0.0, 0.0]
786863976030220289	[-0.00048381067765703735, 2.5027946015425148e-67, -0.00048381067771146745, 0.8748196826414489, 0.000366034027349408]	[0.0, 0.0, 0.0, 0.0, 0.0]
1707513156	[-1.0946002511507603e-14, 7.762362917884233e-277, 2.5882589631191473e-07, 0.7079124579124579, 0.002847064240060665]	[0.0, 0.0, 0.0, 0.0, 0.0]
2920256952	[-0.00048381067765703735, 2.5027946015425148e-67, -0.00048381067771146745, 0.8748196826414489, 0.000366034027349408]	[0.0, 0.0, 0.0, 0.0, 0.0]
2906686402	[-0.00048381067765703735, 2.5027946015425148e-67, -0.00048381067771146745, 0.8747996152613017, 0.00036596696358477817]	[0.0, 0.0, 0.0, 0.0, 0.0]
359850032	[-0.00048381067765703735, 2.5027946015425148e-67, -0.00048381067771146745, 0.8747996152613017, 0.00036596696358477817]	[0.0, 0.0, 0.0, 0.0, 0.0]
845781575170244610	[-0.00048381067765703735, 2.5027946015425148e-67, -0.00048381067771146745, 0.8747996152613017, 0.00036596696358477817]	[0.0, 0.0, 0.0, 0.0, 0.0]
857912957346471936	[-0.0004838106776594314, 2.5027946015425148e-67, -0.00048381067771386153, 0.8787090853472009, 0.0003852813277981585]	[0.0, 0.0, 0.0, 0.0, 0.0]
791162759228624896	[-0.00048381067765703735, 2.5027946015425148e-67, -0.00048381067771146745, 0.8747996152613017, 0.00036596696358477817]	[0.0, 0.0, 0.0, 0.0, 0.0]
878977884999876610	[-0.0004838106776594314, 2.5027946015425148e-67, -0.00048381067771386153, 0.8777265745007681, 0.0003832023510946349]	[0.0, 0.0, 0.0, 0.0, 0.0]
1274709210	[-1.4245515230287408e-14, 1.0102213940978524e-276, 3.3684518563081726e-07, 0.6709233791748527, 0.003918396383371771]	[0.0, 0.0, 0.0, 0.0, 0.0]
26203837	[-0.00048381067765703735, 2.5027946015425148e-67, -0.00048381067771146745, 0.8749401818471846, 0.0003678447489944124]	[0.0, 0.0, 0.0, 0.0, 0.0]
142334501	[0.0, 0.0, 0.0, 1.0, 0.3333333333333333]	[0.0, 0.0, 0.0, 0.0, 0.0]
741963075985760256	[-0.00048381067765703735, 2.5027946015425148e-67, -0.00048381067771146745, 0.8747996152613017, 0.00036596696358477817]	[0.0, 0.0, 0.0, 0.0, 0.0]
222036996	[0.00010244315168770022, 7.533743375804515e-67, 0.00010244315168770022, 0.8328912466843501, 0.0009545198643487439]	[0.0, 0.0, 0.0, 0.0, 0.0]
36327895	[-0.00048381067765703735, 2.5027946015425148e-67, -0.00048381067771146745, 0.8747996152613017, 0.00036596696358477817]	[0.0, 0.0, 0.0, 0.0, 0.0]
809247439383392257	[-0.00048381067765703735, 2.5027946015425148e-67, -0.00048381067771146745, 0.8748196826414489, 0.000366034027349408]	[0.0, 0.0, 0.0, 0.0, 0.0]
422684232	[-0.00048381067765703735, 2.5027946015425148e-67, -0.00048381067771146745, 0.8747996152613017, 0.00036596696358477817]	[0.0, 0.0, 0.0, 0.0, 0.0]
388187529	[-0.0004838106776594314, 2.5027946015425148e-67, -0.00048381067771386153, 0.8745271122320303, 0.00037206976616608933]	[0.0, 0.0, 0.0, 0.0, 0.0]
800434576350789632	[-0.00048381067765703735, 2.5027946015425148e-67, -0.00048381067771146745, 0.8747996152613017, 0.00036596696358477817]	[0.0, 0.0, 0.0, 0.0, 0.0]
827106904245731328	[-0.00048381067765703735, 2.5027946015425148e-67, -0.00048381067771146745, 0.8747996152613017, 0.00036596696358477817]	[0.0, 0.0, 0.0, 0.0, 0.0]
86711514	[-0.00048381067765703735, 2.5027946015425148e-67, -0.00048381067771146745, 0.8747996152613017, 0.00036596696358477817]	[0.0, 0.0, 0.0, 0.0, 0.0]
819581851903938562	[-0.00048381067765703735, 2.5027946015425148e-67, -0.00048381067771146745, 0.8748196826414489, 0.000366034027349408]	[0.0, 0.0, 0.0, 0.0, 0.0]
293013635	[3.403277151892108e-05, 2.5027946015425148e-67, 3.403277151892102e-05, 0.8932722213128171, 0.00036596696358477817]	[0.0, 0.0, 0.0, 0.0, 0.0]
2368436134	[-0.0004838106776531162, 2.5027946015425148e-67, -0.0004838106777068926, 0.8733290897517505, 0.00036804594028830176]	[0.0, 0.0, 0.0, 0.0, 0.0]
2862964321	[-0.00048381067765703735, 2.5027946015425148e-67, -0.00048381067771146745, 0.8747996152613017, 0.00036596696358477817]	[0.0, 0.0, 0.0, 0.0, 0.0]
54851559	[4.136474567713842e-97, 0.0, 4.136474567713842e-97, 0.7285714285714285, 0.2802197802197802]	[0.0, 0.0, 0.0, 0.0, 0.0]
777573276692451328	[-0.00048381067765703735, 2.5027946015425148e-67, -0.00048381067771146745, 0.8747996152613017, 0.00036596696358477817]	[0.0, 0.0, 0.0, 0.0, 0.0]
560467206	[-0.00048381067765703735, 2.5027946015425148e-67, -0.00048381067771146745, 0.8747996152613017, 0.00036596696358477817]	[0.0, 0.0, 0.0, 0.0, 0.0]
140101267	[-1.1838216316303602e-14, 8.395080372423504e-277, 0.0019882927797253494, 0.6835016835016835, 0.003215765169936556]	[0.0, 0.0, 0.0, 0.0, 0.0]
862688770205863937	[-0.00048381067765703735, 2.5027946015425148e-67, -0.00048381067771146745, 0.8747996152613017, 0.00036596696358477817]	[0.0, 0.0, 0.0, 0.0, 0.0]
474013625	[-0.00048381067765703735, 2.5027946015425148e-67, -0.00048381067771146745, 0.8747996152613017, 0.00036596696358477817]	[0.0, 0.0, 0.0, 0.0, 0.0]
801355099796803584	[-0.00048381067765703735, 2.5027946015425148e-67, -0.00048381067771146745, 0.8747996152613017, 0.00036596696358477817]	[0.0, 0.0, 0.0, 0.0, 0.0]
21422783	[4.802505230084951e-67, 0.0, 5.510005869688513e-15, 0.811070110701107, 0.0015631178155606316]	[0.0, 0.0, 0.0, 0.0, 0.0]
39475170	[-0.00048381067765703735, 2.5027946015425148e-67, -0.00048381067771146745, 0.8747996152613017, 0.00036596696358477817]	[0.0, 0.0, 0.0, 0.0, 0.0]
875915736300040192	[-0.00048381067765703735, 2.5027946015425148e-67, -0.00048381067771146745, 0.8747996152613017, 0.00036596696358477817]	[0.0, 0.0, 0.0, 0.0, 0.0]
192463771	[4.4694489980011006e-43, 0.0, 6.213568447135299e-15, 0.7115009746588694, 0.0019808535579386097]	[0.0, 0.0, 0.0, 0.0, 0.0]
884586449831686145	[-0.00048381067765703735, 2.5027946015425148e-67, -0.00048381067771146745, 0.8747996152613017, 0.00036596696358477817]	[0.0, 0.0, 0.0, 0.0, 0.0]
802492036268126208	[-0.00048381067765703735, 2.5027946015425148e-67, -0.00048381067771146745, 0.8747996152613017, 0.00036596696358477817]	[0.0, 0.0, 0.0, 0.0, 0.0]
154172528	[-1.269642935236703e-14, 9.003678949528834e-277, 3.002159650185109e-07, 0.6888888888888889, 0.0033896451806899566]	[0.0, 0.0, 0.0, 0.0, 0.0]
288567673	[-0.00048381067765703735, 2.5027946015425148e-67, -0.00048381067771146745, 0.8747996152613017, 0.00036596696358477817]	[0.0, 0.0, 0.0, 0.0, 0.0]
704221216912105473	[-0.00048381067765703735, 2.5027946015425148e-67, -0.00048381067771146745, 0.8747996152613017, 0.00036596696358477817]	[0.0, 0.0, 0.0, 0.0, 0.0]
465965880	[-0.00048381067765703735, 2.5027946015425148e-67, -0.00048381067771146745, 0.8748196826414489, 0.000366034027349408]	[0.0, 0.0, 0.0, 0.0, 0.0]
1156991923	[-1.4488139577275272e-14, 1.0274271112722684e-276, 3.425822082571329e-07, 0.6683168316831684, 0.004005696991276482]	[0.0, 0.0, 0.0, 0.0, 0.0]
3292722958	[-0.00048381067765703735, 2.5027946015425148e-67, -0.00048381067771146745, 0.8747996152613017, 0.00036596696358477817]	[0.0, 0.0, 0.0, 0.0, 0.0]
2173684107	[4.309413784001362e-67, 0.0, 4.944272646704452e-15, 0.824847250509165, 0.0013912904075393054]	[0.0, 0.0, 0.0, 0.0, 0.0]
2413215217	[-0.0004838106776531162, 2.5027946015425148e-67, -0.0004838106777068926, 0.8736089030206677, 0.0003685153866407103]	[0.0, 0.0, 0.0, 0.0, 0.0]
22900494	[-0.0004838106776635385, 2.5027946015425148e-67, -0.0004838106777192689, 0.8655972589939261, 0.0003727404038123872]	[0.0, 0.0, 0.0, 0.0, 0.0]
860264322311659520	[-0.00048381067765703735, 2.5027946015425148e-67, -0.00048381067771146745, 0.8748196826414489, 0.000366034027349408]	[0.0, 0.0, 0.0, 0.0, 0.0]
311380778	[-0.00048381067765703735, 2.5027946015425148e-67, -0.00048381067771146745, 0.8747996152613017, 0.00036596696358477817]	[0.0, 0.0, 0.0, 0.0, 0.0]
474708096	[-0.00048381067765703735, 2.5027946015425148e-67, -0.00048381067771146745, 0.8747996152613017, 0.00036596696358477817]	[0.0, 0.0, 0.0, 0.0, 0.0]
1653321740	[-6.423544084423016e-15, 4.555259360656983e-277, 1.5188919913018512e-07, 0.7126805778491172, 0.0015517205225523707]	[0.0, 0.0, 0.0, 0.0, 0.0]
890041069639016448	[-0.00048381067765703735, 2.5027946015425148e-67, -0.00048381067771146745, 0.8677240285487708, 0.00036690585628959527]	[0.0, 0.0, 0.0, 0.0, 0.0]
1143130812	[-1.3533239468773036e-14, 9.597103243929598e-277, 3.200029263492764e-07, 0.6445623342175066, 0.0037740733071029197]	[0.0, 0.0, 0.0, 0.0, 0.0]
4376048613	[-0.00048381067765703735, 2.5027946015425148e-67, -0.00048381067771146745, 0.8747996152613017, 0.00036596696358477817]	[0.0, 0.0, 0.0, 0.0, 0.0]
1005305156	[-8.11256861888302e-15, 5.753031917341993e-277, 1.9182736729384417e-07, 0.6731493099121706, 0.0019943422387932092]	[0.0, 0.0, 0.0, 0.0, 0.0]
37105136	[-0.00048381067765703735, 2.5027946015425148e-67, -0.00048381067771146745, 0.8747996152613017, 0.00036596696358477817]	[0.0, 0.0, 0.0, 0.0, 0.0]
818479808837455873	[-0.00048381067765703735, 2.5027946015425148e-67, -0.00048381067771146745, 0.8747996152613017, 0.00036596696358477817]	[0.0, 0.0, 0.0, 0.0, 0.0]
756914316566224896	[-0.00048381067765703735, 2.5027946015425148e-67, -0.00048381067771146745, 0.8747996152613017, 0.00036596696358477817]	[0.0, 0.0, 0.0, 0.0, 0.0]
849608792098705408	[-0.00048381067765703735, 2.5027946015425148e-67, -0.00048381067771146745, 0.8747996152613017, 0.00036596696358477817]	[0.0, 0.0, 0.0, 0.0, 0.0]
11985982	[-1.3815836116612846e-14, 9.79750679194669e-277, 3.2668512202710353e-07, 0.6766409266409267, 0.0037824421302541412]	[0.0, 0.0, 0.0, 0.0, 0.0]
3372055939	[-0.0004838106776594314, 2.5027946015425148e-67, -0.00048381067771386153, 0.8745864187805262, 0.0003722709574599787]	[0.0, 0.0, 0.0, 0.0, 0.0]
562662319	[-0.00048381067765703735, 2.5027946015425148e-67, -0.00048381067771146745, 0.8748196826414489, 0.000366034027349408]	[0.0, 0.0, 0.0, 0.0, 0.0]
847424832400629760	[-0.00048381067765703735, 2.5027946015425148e-67, -0.00048381067771146745, 0.8747996152613017, 0.00036596696358477817]	[0.0, 0.0, 0.0, 0.0, 0.0]
886794351459827713	[-0.00048381067765703735, 2.5027946015425148e-67, -0.00048381067771146745, 0.8747996152613017, 0.00036596696358477817]	[0.0, 0.0, 0.0, 0.0, 0.0]
817189988462800896	[-0.00048381067765703735, 2.5027946015425148e-67, -0.00048381067771146745, 0.8748196826414489, 0.000366034027349408]	[0.0, 0.0, 0.0, 0.0, 0.0]
3664826895	[-0.0004838106776594314, 2.5027946015425148e-67, -0.00048381067771386153, 0.8745073309159703, 0.0003720027024014595]	[0.0, 0.0, 0.0, 0.0, 0.0]
80172249	[-0.00048381067765703735, 2.5027946015425148e-67, -0.00048381067771146745, 0.8748196826414489, 0.000366034027349408]	[0.0, 0.0, 0.0, 0.0, 0.0]
65375944	[-0.00048381067765703735, 2.5027946015425148e-67, -0.00048381067771146745, 0.8747996152613017, 0.00036596696358477817]	[0.0, 0.0, 0.0, 0.0, 0.0]
