532655237	[-3.387671935335935e-07, -1.5852619157723906e-07, 5.090933464973978e-07, 0.8884345794392523, 0.001423994637316711]	[0.0, 0.0, 0.0, 0.0, 0.0]
552278840	[-3.16973556766303e-08, -3.16973556766303e-08, 2.338967079112264e-06, 1.0, 0.5]	[0.0, 0.0, 0.0, 0.0, 0.0]
892926801860677632	[3.52423519490088e-06, 3.5078126403319427e-06, 0.0011812426823007217, 0.8496134926212228, 0.0016872231572424997]	[0.0, 0.0, 0.0, 0.0, 0.0]
905719296134971392	[3.8605852278746105e-06, 3.842817179051973e-06, 0.0012854634843365044, 0.8486238532110092, 0.001836210062431142]	[0.0, 0.0, 0.0, 0.0, 0.0]
377925526	[6.060260809119166e-08, 6.059865582231432e-08, -1.2197112331182168e-07, 1.0, 0.25]	[0.0, 0.0, 0.0, 0.0, 0.0]
3545097856	[-4.0672170957990076e-07, -3.0612705557691505e-07, -1.368056545692967e-07, 0.825, 0.00040142301853427425]	[0.0, 0.0, 0.0, 0.0, 0.0]
890502281887612928	[3.860585227874609e-06, 3.84281717905197e-06, 0.0012854634843365049, 0.8486238532110092, 0.001836210062431142]	[0.0, 0.0, 0.0, 0.0, 0.0]
3398737828	[-3.898584247616515e-07, -2.918751586476866e-07, -1.0975077976921872e-07, 0.8227137089696331, 0.00039850460869262093]	[0.0, 0.0, 0.0, 0.0, 0.0]
1664655710	[-4.237940725734758e-07, -3.207261403520007e-07, -1.0790554778382269e-07, 0.8560149594847288, 0.00043163914967087513]	[0.0, 0.0, 0.0, 0.0, 0.0]
743729451708481536	[3.571652953720953e-06, 3.5550029308608477e-06, 0.001194801997173115, 0.8586647727272727, 0.0017278043593833069]	[0.0, 0.0, 0.0, 0.0, 0.0]
211577392	[-3.724740364026601e-07, -2.7459841391388597e-07, -8.063230759249747e-08, 0.8213689482470785, 0.0004114599207558671]	[0.0, 0.0, 0.0, 0.0, 0.0]
751805919743315969	[3.3172161742613103e-06, 3.301328705887839e-06, 0.0012482582047848747, 0.834054834054834, 0.0018039950062421972]	[0.0, 0.0, 0.0, 0.0, 0.0]
909435307304607744	[3.86058522787461e-06, 3.842817179051971e-06, 0.0012854634843365042, 0.8486238532110092, 0.001836210062431142]	[0.0, 0.0, 0.0, 0.0, 0.0]
222496251	[-3.1401120724191867e-07, -2.1690270424737378e-07, -7.839890934010946e-09, 0.8199213161659513, 0.00040624689887863453]	[0.0, 0.0, 0.0, 0.0, 0.0]
876224066759405568	[3.904724369186184e-06, 3.885518193806819e-06, 0.0013550355744005888, 0.867587327376117, 0.001963574588256059]	[0.0, 0.0, 0.0, 0.0, 0.0]
54219545	[3.2365747252946457e-06, 3.221758333153777e-06, 0.001144189408995605, 0.8327759197324415, 0.0016317126298489389]	[0.0, 0.0, 0.0, 0.0, 0.0]
1028440310	[-2.320481784988319e-07, -1.3660365175449865e-07, 1.2036130927139585e-07, 0.8188366648658383, 0.0004101728643633119]	[0.0, 0.0, 0.0, 0.0, 0.0]
179181381	[-4.550586225642471e-07, -3.5266101062268875e-07, -1.5634160459845282e-07, 0.8563432835820896, 0.0004302810356992645]	[0.0, 0.0, 0.0, 0.0, 0.0]
25816024	[-3.897799196993343e-07, -2.9150145711957323e-07, -1.0715763401583341e-07, 0.8218694885361552, 0.00040040101966501727]	[0.0, 0.0, 0.0, 0.0, 0.0]
569257486	[-0.00228838485001154, -0.0022900609128749636, -0.002289964611900998, 0.8482758620689655, 0.0016194609170098696]	[0.0, 0.0, 0.0, 0.0, 0.0]
20447568	[-2.438954087032684e-07, -1.478605895015575e-07, 1.0028813080063914e-07, 0.8192597915918074, 0.0004081520860599414]	[0.0, 0.0, 0.0, 0.0, 0.0]
3356627800	[-3.8965048029408713e-07, -2.918733218103794e-07, -1.0903007501095114e-07, 0.8226203020723568, 0.0003987144438478293]	[0.0, 0.0, 0.0, 0.0, 0.0]
58429842	[3.761892940291008e-06, 3.7448713548846285e-06, 0.0012036577540239127, 0.8550619082301529, 0.001702115320487727]	[0.0, 0.0, 0.0, 0.0, 0.0]
19590930	[-2.4434901823000007e-07, -1.4875734584837223e-07, 1.0109332710921833e-07, 0.819047619047619, 0.00040968724270958046]	[0.0, 0.0, 0.0, 0.0, 0.0]
245957521	[-3.791350564212657e-07, -2.8711275515124337e-07, -1.586747358105169e-07, 0.8303763886585972, 0.00038566948310123853]	[0.0, 0.0, 0.0, 0.0, 0.0]
3289816264	[-4.004434279974408e-07, -3.016973434539036e-07, -1.3160766556848492e-07, 0.8239166209544706, 0.00040525628007831714]	[0.0, 0.0, 0.0, 0.0, 0.0]
714602578529665024	[-3.2256267957613956e-07, -1.6026910707705878e-07, 6.352345984327366e-07, 0.8820987654320988, 0.0015717770870317942]	[0.0, 0.0, 0.0, 0.0, 0.0]
826067879879651329	[3.370719791617507e-06, 3.354444243979285e-06, 0.0012530126182986208, 0.8336948662328272, 0.0018128759791574294]	[0.0, 0.0, 0.0, 0.0, 0.0]
1631211283	[-2.3283022253162494e-07, -1.373050713549983e-07, 1.1945812085680974e-07, 0.8189344852411807, 0.0004109370303576796]	[0.0, 0.0, 0.0, 0.0, 0.0]
117754884	[-4.2217133862133325e-07, -3.213702959466235e-07, -1.6757956160894159e-07, 0.8579290664492458, 0.00042540202968010453]	[0.0, 0.0, 0.0, 0.0, 0.0]
42401449	[-3.8654486452370965e-07, -2.881172046582237e-07, -1.0775081742012705e-07, 0.8243478260869566, 0.00039605151677704305]	[0.0, 0.0, 0.0, 0.0, 0.0]
223782598	[-3.142729774212226e-07, -2.1695330166816278e-07, -8.642553267189568e-09, 0.8199856989631749, 0.0004059406273557079]	[0.0, 0.0, 0.0, 0.0, 0.0]
786863976030220289	[-3.23741802429617e-07, -1.614540367551509e-07, 6.423405998545066e-07, 0.8814400993171942, 0.0015850655569719443]	[0.0, 0.0, 0.0, 0.0, 0.0]
1707513156	[-4.2217133862133293e-07, -3.213702959466232e-07, -1.6757956160894222e-07, 0.8579290664492458, 0.00042540202968010453]	[0.0, 0.0, 0.0, 0.0, 0.0]
2920256952	[-4.7624860665089423e-07, -3.744436297564867e-07, -2.441097620973403e-07, 0.860919313474058, 0.00041738709937198733]	[0.0, 0.0, 0.0, 0.0, 0.0]
2906686402	[-3.8991037950813583e-07, -2.9171771260924764e-07, -1.0777307725916079e-07, 0.8219950652097285, 0.00040004082749440123]	[0.0, 0.0, 0.0, 0.0, 0.0]
359850032	[-3.895477591776229e-07, -2.916019377842835e-07, -1.0972399246463948e-07, 0.8228070175438597, 0.0003980629526799058]	[0.0, 0.0, 0.0, 0.0, 0.0]
845781575170244610	[3.8884881252256844e-06, 3.871863688202941e-06, 0.00119091710185345, 0.8475398475398476, 0.0017353425279527782]	[0.0, 0.0, 0.0, 0.0, 0.0]
857912957346471936	[2.125686277054504e-06, 2.1140733356161764e-06, 0.0007848898312477426, 0.9013816102906146, 0.0011647736017483916]	[0.0, 0.0, 0.0, 0.0, 0.0]
791162759228624896	[3.855268207088881e-06, 3.8375230737306085e-06, 0.0012838127968052711, 0.8487394957983193, 0.0018331457837646972]	[0.0, 0.0, 0.0, 0.0, 0.0]
878977884999876610	[2.0803667597035306e-06, 2.0688413890645372e-06, 0.0007842091941617385, 0.9014285714285715, 0.0011635626037248756]	[0.0, 0.0, 0.0, 0.0, 0.0]
1274709210	[-2.3240156582714488e-07, -1.3687672763291822e-07, 1.201012623619074e-07, 0.8187713925418844, 0.00041048545120344037]	[0.0, 0.0, 0.0, 0.0, 0.0]
26203837	[-3.8977991969933466e-07, -2.915014571195734e-07, -1.0715763401583348e-07, 0.8218694885361552, 0.00040040101966501727]	[0.0, 0.0, 0.0, 0.0, 0.0]
142334501	[-2.3247141901795543e-07, -1.3691786881946245e-07, 1.201373613286528e-07, 0.8187387387387387, 0.00041064191536980995]	[0.0, 0.0, 0.0, 0.0, 0.0]
741963075985760256	[3.857938556630581e-06, 3.839927615239702e-06, 0.0012789147651458617, 0.8490853658536586, 0.0018240107934283216]	[0.0, 0.0, 0.0, 0.0, 0.0]
222036996	[-4.3783817239855663e-07, -3.366762959231118e-07, -1.95167444072251e-07, 0.8589639821934439, 0.0004225675983726419]	[0.0, 0.0, 0.0, 0.0, 0.0]
36327895	[-3.8932094825524887e-07, -2.914321549966361e-07, -1.096601065883863e-07, 0.8228691687127324, 0.0003977690345453759]	[0.0, 0.0, 0.0, 0.0, 0.0]
809247439383392257	[-3.2349376180109224e-07, -1.6137689568922395e-07, 6.453570464226898e-07, 0.8809968847352025, 0.0015850596359070935]	[0.0, 0.0, 0.0, 0.0, 0.0]
422684232	[-3.864808417570984e-07, -2.8808484832501954e-07, -1.074882474489105e-07, 0.8242867084203201, 0.0003961133737004463]	[0.0, 0.0, 0.0, 0.0, 0.0]
388187529	[-4.0816435689577757e-07, -3.0664687635918655e-07, -1.4135984399085838e-07, 0.8254674977738201, 0.00040012735013309956]	[0.0, 0.0, 0.0, 0.0, 0.0]
800434576350789632	[3.855268207088881e-06, 3.8375230737306085e-06, 0.0012838127968052711, 0.8487394957983193, 0.0018331457837646972]	[0.0, 0.0, 0.0, 0.0, 0.0]
827106904245731328	[3.855268207088881e-06, 3.8375230737306085e-06, 0.0012838127968052711, 0.8487394957983193, 0.0018331457837646972]	[0.0, 0.0, 0.0, 0.0, 0.0]
86711514	[3.661102116098303e-06, 3.642930129989783e-06, 0.0012819671475088157, 0.8371747211895911, 0.001853131891642803]	[0.0, 0.0, 0.0, 0.0, 0.0]
819581851903938562	[-3.2388394750865163e-07, -1.6175608565754133e-07, 6.460498040194624e-07, 0.8809226932668329, 0.0015872980211010658]	[0.0, 0.0, 0.0, 0.0, 0.0]
293013635	[-4.0041738349490035e-07, -3.019225639658487e-07, -1.307677126749831e-07, 0.8237554904831625, 0.00040577954117431754]	[0.0, 0.0, 0.0, 0.0, 0.0]
2368436134	[-3.58556866820145e-07, -2.6087387422191327e-07, -5.692837629115611e-08, 0.8206357662937311, 0.00040412637427891736]	[0.0, 0.0, 0.0, 0.0, 0.0]
2862964321	[-3.8991037950813583e-07, -2.917177126092478e-07, -1.077730772591609e-07, 0.8219950652097285, 0.00040004082749440123]	[0.0, 0.0, 0.0, 0.0, 0.0]
54851559	[2.0403013668147765e-06, 2.0402202386622513e-06, -3.4832678980099914e-07, 0.32142857142857145, 0.21428571428571427]	[0.0, 0.0, 0.0, 0.0, 0.0]
777573276692451328	[3.85032555554133e-06, 3.8326031723540306e-06, 0.001282167608677537, 0.8488549618320611, 0.0018300911754056811]	[0.0, 0.0, 0.0, 0.0, 0.0]
560467206	[-0.002096238682330236, -0.002097797328806589, -0.002097626820871167, 0.8574156588160408, 0.0014878191024043687]	[0.0, 0.0, 0.0, 0.0, 0.0]
140101267	[-0.0005609044710098301, -0.0005610393093059626, -0.000561272578183731, 0.8239448461409113, 0.0003860880346905615]	[0.0, 0.0, 0.0, 0.0, 0.0]
862688770205863937	[3.3229333431594475e-06, 3.3065149216540367e-06, 0.0011875323120638978, 0.8565340909090909, 0.0017030963591019627]	[0.0, 0.0, 0.0, 0.0, 0.0]
474013625	[-5.249515454477461e-07, -4.5802199936329923e-07, -2.1769090652193468e-07, 0.7905447070914697, 0.0005091172494642752]	[0.0, 0.0, 0.0, 0.0, 0.0]
801355099796803584	[3.855268207088881e-06, 3.8375230737306085e-06, 0.0012838127968052711, 0.8487394957983193, 0.0018331457837646972]	[0.0, 0.0, 0.0, 0.0, 0.0]
21422783	[-2.5678228528675213e-07, -1.6029590530419152e-07, 8.01487154094841e-08, 0.8194693438508426, 0.0004079153606414418]	[0.0, 0.0, 0.0, 0.0, 0.0]
39475170	[-3.8981623590138195e-07, -2.9139371181461173e-07, -1.1008145636874992e-07, 0.823549965059399, 0.00039777885149752684]	[0.0, 0.0, 0.0, 0.0, 0.0]
875915736300040192	[3.8605852278746105e-06, 3.842817179051973e-06, 0.0012854634843365044, 0.8486238532110092, 0.001836210062431142]	[0.0, 0.0, 0.0, 0.0, 0.0]
192463771	[-2.3331251070548537e-07, -1.3765373225673916e-07, 1.1807845317579332e-07, 0.8189500179791442, 0.00041015506112435974]	[0.0, 0.0, 0.0, 0.0, 0.0]
884586449831686145	[3.8605852278746105e-06, 3.842817179051973e-06, 0.0012854634843365044, 0.8486238532110092, 0.001836210062431142]	[0.0, 0.0, 0.0, 0.0, 0.0]
802492036268126208	[3.855268207088881e-06, 3.8375230737306085e-06, 0.0012838127968052711, 0.8487394957983193, 0.0018331457837646972]	[0.0, 0.0, 0.0, 0.0, 0.0]
154172528	[-4.2217133862133325e-07, -3.213702959466235e-07, -1.6757956160894159e-07, 0.8579290664492458, 0.00042540202968010453]	[0.0, 0.0, 0.0, 0.0, 0.0]
288567673	[-3.899103795081356e-07, -2.9171771260924775e-07, -1.0777307725916084e-07, 0.8219950652097285, 0.00040004082749440123]	[0.0, 0.0, 0.0, 0.0, 0.0]
704221216912105473	[3.8198567547730625e-06, 3.8020435079684307e-06, 0.0012659652007923363, 0.85, 0.0018000673822014728]	[0.0, 0.0, 0.0, 0.0, 0.0]
465965880	[-8.872836964689938e-07, -8.832744108188673e-07, -8.156004753262984e-07, 0.6884057971014492, 0.0022679062280456445]	[0.0, 0.0, 0.0, 0.0, 0.0]
1156991923	[-2.3224995902179113e-07, -1.3677656740210176e-07, 1.2019925436420606e-07, 0.8188040345821326, 0.0004103291009081036]	[0.0, 0.0, 0.0, 0.0, 0.0]
3292722958	[-4.951882957892266e-07, -3.958684633711025e-07, -2.6397722760961476e-07, 0.823615964686408, 0.00040687615245989256]	[0.0, 0.0, 0.0, 0.0, 0.0]
2173684107	[-2.572835854965459e-07, -1.6082601476142842e-07, 7.925782085815912e-08, 0.8195017028141244, 0.0004077609429231001]	[0.0, 0.0, 0.0, 0.0, 0.0]
2413215217	[-3.973465593076568e-07, -2.96753966360743e-07, -1.186586643188814e-07, 0.8237410071942446, 0.0004045986434461204]	[0.0, 0.0, 0.0, 0.0, 0.0]
22900494	[-3.586434057619358e-07, -2.611106651319861e-07, -5.462302714750916e-08, 0.8200926255789098, 0.00040623570035334744]	[0.0, 0.0, 0.0, 0.0, 0.0]
860264322311659520	[-3.225732323304138e-07, -1.6139339944379533e-07, 6.536513366146316e-07, 0.8804007514088916, 0.001592912333174722]	[0.0, 0.0, 0.0, 0.0, 0.0]
311380778	[-3.901309551686226e-07, -2.9199618676783754e-07, -1.0853683072738616e-07, 0.8222143988734377, 0.0003999381470097624]	[0.0, 0.0, 0.0, 0.0, 0.0]
474708096	[-4.966541403175571e-07, -4.3053556992575043e-07, -1.6952671339038488e-07, 0.7890269151138717, 0.0005134112004742082]	[0.0, 0.0, 0.0, 0.0, 0.0]
1653321740	[-4.1934254848927045e-07, -3.165077745693937e-07, -1.0227977420912554e-07, 0.8564325668116842, 0.00043114992503372857]	[0.0, 0.0, 0.0, 0.0, 0.0]
890041069639016448	[3.370719791617507e-06, 3.354444243979285e-06, 0.0012530126182986208, 0.8336948662328272, 0.0018128759791574294]	[0.0, 0.0, 0.0, 0.0, 0.0]
1143130812	[-3.658581925351271e-07, -2.666323813890597e-07, -6.258718035296453e-08, 0.8214936247723132, 0.00041077367354258685]	[0.0, 0.0, 0.0, 0.0, 0.0]
4376048613	[-3.9641379064725115e-07, -2.977172614852273e-07, -1.254787450295716e-07, 0.8249263303865488, 0.00039375968264905695]	[0.0, 0.0, 0.0, 0.0, 0.0]
1005305156	[-4.1809792860833696e-07, -3.1546286389953465e-07, -1.0119449270695696e-07, 0.8562861869313482, 0.0004302111494190539]	[0.0, 0.0, 0.0, 0.0, 0.0]
37105136	[-3.8943631577381653e-07, -2.9157543244145305e-07, -1.0997149210929025e-07, 0.8229002279502017, 0.00039762223092082633]	[0.0, 0.0, 0.0, 0.0, 0.0]
818479808837455873	[3.855268207088881e-06, 3.8375230737306085e-06, 0.0012838127968052711, 0.8487394957983193, 0.0018331457837646972]	[0.0, 0.0, 0.0, 0.0, 0.0]
756914316566224896	[3.7938236597227596e-06, 3.776128824805059e-06, 0.0012804485485140259, 0.8489702517162472, 0.0018270461932433763]	[0.0, 0.0, 0.0, 0.0, 0.0]
849608792098705408	[3.8884881252256844e-06, 3.871863688202941e-06, 0.00119091710185345, 0.8475398475398476, 0.0017353425279527782]	[0.0, 0.0, 0.0, 0.0, 0.0]
11985982	[-4.053945075766147e-07, -3.0461971125426e-07, -1.4207289799312866e-07, 0.8578711256117455, 0.0004257411153992191]	[0.0, 0.0, 0.0, 0.0, 0.0]
3372055939	[-3.9859544426803847e-07, -3.0001162974255194e-07, -1.2945623017771662e-07, 0.8241738177834581, 0.00040476100808266665]	[0.0, 0.0, 0.0, 0.0, 0.0]
562662319	[-3.3481330128954813e-07, -1.6057047503803595e-07, 5.684089235752581e-07, 0.8851473241130488, 0.0015064494868656435]	[0.0, 0.0, 0.0, 0.0, 0.0]
847424832400629760	[3.4618283693638573e-06, 3.4444962013056513e-06, 0.0012467614628788272, 0.875945537065053, 0.0018026095809166223]	[0.0, 0.0, 0.0, 0.0, 0.0]
886794351459827713	[3.52423519490088e-06, 3.5078126403319427e-06, 0.0011812426823007217, 0.8496134926212228, 0.0016872231572424997]	[0.0, 0.0, 0.0, 0.0, 0.0]
817189988462800896	[-3.2388394750865153e-07, -1.617560856575413e-07, 6.460498040194624e-07, 0.8809226932668329, 0.0015872980211010658]	[0.0, 0.0, 0.0, 0.0, 0.0]
3664826895	[-4.0752756894230215e-07, -3.065984139942244e-07, -1.3849013251655086e-07, 0.8251249107780158, 0.00040129727327875667]	[0.0, 0.0, 0.0, 0.0, 0.0]
80172249	[-3.239404710928564e-07, -1.6162373774503654e-07, 6.433062284419303e-07, 0.881144990665837, 0.0015839457699922815]	[0.0, 0.0, 0.0, 0.0, 0.0]
65375944	[3.4704777753696617e-06, 3.4532960479788882e-06, 0.0012289652660401138, 0.8668639053254438, 0.001770975940717638]	[0.0, 0.0, 0.0, 0.0, 0.0]
