532655237	[0.0, 0.0, 0.0, 0.8884345794392523, 0.001423994637316711]	[0.0, 0.0, 0.0, 0.0, 0.0]
552278840	[0.0, 0.0, 0.0, 1.0, 0.5]	[0.0, 0.0, 0.0, 0.0, 0.0]
892926801860677632	[0.0003430203617107529, 0.0003217262175555485, 0.0006100146732518348, 0.8496134926212228, 0.0016872231572424997]	[0.0, 0.0, 0.0, 0.0, 0.0]
905719296134971392	[0.00037344370068063514, 0.00035026100133343655, 0.0014454508819367045, 0.8486238532110092, 0.001836210062431142]	[0.0, 0.0, 0.0, 0.0, 0.0]
377925526	[0.0, 0.0, 0.0, 1.0, 0.25]	[0.0, 0.0, 0.0, 0.0, 0.0]
3545097856	[0.00035718855898722173, 0.0003568020406711234, 0.00035089664456776923, 0.825, 0.00040142301853427425]	[0.0, 0.0, 0.0, 0.0, 0.0]
890502281887612928	[0.00037344370068063514, 0.0003502610013334366, 0.0014454508819367045, 0.8486238532110092, 0.001836210062431142]	[0.0, 0.0, 0.0, 0.0, 0.0]
3398737828	[0.00035333550398322075, 0.0003529531547357698, 0.000347111461950444, 0.8227137089696331, 0.00039850460869262093]	[0.0, 0.0, 0.0, 0.0, 0.0]
1664655710	[0.0003919251164125457, 0.00039150069678583983, 0.00038487186363733917, 0.8560149594847288, 0.00043163914967087513]	[0.0, 0.0, 0.0, 0.0, 0.0]
743729451708481536	[0.00034711971222166555, 0.0003255711577507929, 0.001343561273762613, 0.8586647727272727, 0.0017278043593833069]	[0.0, 0.0, 0.0, 0.0, 0.0]
211577392	[0.0003693815241218053, 0.00036898181164191464, 0.0003628748293259497, 0.8213689482470785, 0.0004114599207558671]	[0.0, 0.0, 0.0, 0.0, 0.0]
751805919743315969	[0.00036272059769772445, 0.0003402035689990697, 0.0014039460502028353, 0.834054834054834, 0.0018039950062421972]	[0.0, 0.0, 0.0, 0.0, 0.0]
909435307304607744	[0.00037344370068063514, 0.00035026100133343655, 0.0014454508819367045, 0.8486238532110092, 0.001836210062431142]	[0.0, 0.0, 0.0, 0.0, 0.0]
222496251	[0.00036069666139402075, 0.0003603063465372479, 0.0003543429518188945, 0.8199213161659513, 0.00040624689887863453]	[0.0, 0.0, 0.0, 0.0, 0.0]
876224066759405568	[0.0003936845516532542, 0.00036924533743628874, 0.0015237951031671047, 0.867587327376117, 0.001963574588256059]	[0.0, 0.0, 0.0, 0.0, 0.0]
54219545	[0.0003324247129102759, 0.00031178839683120284, 0.00128668282225517, 0.8327759197324415, 0.0016317126298489389]	[0.0, 0.0, 0.0, 0.0, 0.0]
1028440310	[0.000363946180866039, 0.00036355234965920513, 0.00035753523066410975, 0.8188366648658383, 0.0004101728643633119]	[0.0, 0.0, 0.0, 0.0, 0.0]
179181381	[0.0003907869021344841, 0.00039036371509139887, 0.00038375413315242906, 0.8563432835820896, 0.0004302810356992645]	[0.0, 0.0, 0.0, 0.0, 0.0]
25816024	[0.0003551995248131439, 0.00035481515848291036, 0.00034894264785756825, 0.8218694885361552, 0.00040040101966501727]	[0.0, 0.0, 0.0, 0.0, 0.0]
569257486	[-0.0018041390734827023, -0.0019810744735095985, -0.0018382295372511527, 0.8482758620689655, 0.0016194609170098696]	[0.0, 0.0, 0.0, 0.0, 0.0]
20447568	[0.0003625308950894137, 0.00036213859538293536, 0.0003561448752950899, 0.8192597915918074, 0.0004081520860599414]	[0.0, 0.0, 0.0, 0.0, 0.0]
3356627800	[0.0003535416507183334, 0.0003531590783966425, 0.0003473139773891548, 0.8226203020723568, 0.0003987144438478293]	[0.0, 0.0, 0.0, 0.0, 0.0]
58429842	[0.0003496259921266401, 0.00032792185210545136, 0.00135326207771998, 0.8550619082301529, 0.001702115320487727]	[0.0, 0.0, 0.0, 0.0, 0.0]
19590930	[0.00036329160140404973, 0.00036289847852672455, 0.00035689218168809516, 0.819047619047619, 0.00040968724270958046]	[0.0, 0.0, 0.0, 0.0, 0.0]
245957521	[0.0003362765775745244, 0.00033591268854779507, 0.00033035302927706496, 0.8303763886585972, 0.00038566948310123853]	[0.0, 0.0, 0.0, 0.0, 0.0]
3289816264	[0.0003634005339261299, 0.0003630072935523604, 0.00035699919490807816, 0.8239166209544706, 0.00040525628007831714]	[0.0, 0.0, 0.0, 0.0, 0.0]
714602578529665024	[0.0, 0.0, 0.0, 0.8820987654320988, 0.0015717770870317942]	[0.0, 0.0, 0.0, 0.0, 0.0]
826067879879651329	[0.0003640842089672649, 0.00034148252978478066, 0.0014092240428727708, 0.8336948662328272, 0.0018128759791574294]	[0.0, 0.0, 0.0, 0.0, 0.0]
1631211283	[0.0003641648985228095, 0.00036377083063856766, 0.00035775009558638386, 0.8189344852411807, 0.0004109370303576796]	[0.0, 0.0, 0.0, 0.0, 0.0]
117754884	[0.00038494869984576167, 0.0003845318350503004, 0.00037802099765579306, 0.8579290664492458, 0.00042540202968010453]	[0.0, 0.0, 0.0, 0.0, 0.0]
42401449	[0.00035027190134752817, 0.00034989286726696265, 0.00034410182499711655, 0.8243478260869566, 0.00039605151677704305]	[0.0, 0.0, 0.0, 0.0, 0.0]
223782598	[0.0003604820887221623, 0.0003600920060574518, 0.0003541321588671878, 0.8199856989631749, 0.0004059406273557079]	[0.0, 0.0, 0.0, 0.0, 0.0]
786863976030220289	[0.0, 0.0, 0.0, 0.8814400993171942, 0.0015850655569719443]	[0.0, 0.0, 0.0, 0.0, 0.0]
1707513156	[0.00038494869984576167, 0.0003845318350503004, 0.00037802099765579306, 0.8579290664492458, 0.00042540202968010453]	[0.0, 0.0, 0.0, 0.0, 0.0]
2920256952	[0.0003744739052921355, 0.0003740683837564146, 0.0003677347120052953, 0.860919313474058, 0.00041738709937198733]	[0.0, 0.0, 0.0, 0.0, 0.0]
2906686402	[0.00035488749009149253, 0.0003545034614183574, 0.00034863610966032876, 0.8219950652097285, 0.00040004082749440123]	[0.0, 0.0, 0.0, 0.0, 0.0]
359850032	[0.00035302673424481414, 0.00035264471912137794, 0.0003468081312234264, 0.8228070175438597, 0.0003980629526799058]	[0.0, 0.0, 0.0, 0.0, 0.0]
845781575170244610	[0.0003458799989976437, 0.00032440840364985913, 0.0013387628406848122, 0.8475398475398476, 0.0017353425279527782]	[0.0, 0.0, 0.0, 0.0, 0.0]
857912957346471936	[0.00022787388166018642, 0.00021372788943106865, 0.0008862495110761634, 0.9013816102906146, 0.0011647736017483916]	[0.0, 0.0, 0.0, 0.0, 0.0]
791162759228624896	[0.0003729643121046651, 0.0003498113723201716, 0.0014435953609072607, 0.8487394957983193, 0.0018331457837646972]	[0.0, 0.0, 0.0, 0.0, 0.0]
878977884999876610	[0.00022769529711342732, 0.00021356039108511919, 0.0008855549581677897, 0.9014285714285715, 0.0011635626037248756]	[0.0, 0.0, 0.0, 0.0, 0.0]
1274709210	[0.0003641648985228095, 0.00036377083063856766, 0.00035775009558638386, 0.8187713925418844, 0.00041048545120344037]	[0.0, 0.0, 0.0, 0.0, 0.0]
26203837	[0.0003551995248131439, 0.00035481515848291036, 0.00034894264785756825, 0.8218694885361552, 0.00040040101966501727]	[0.0, 0.0, 0.0, 0.0, 0.0]
142334501	[0.0003642743559614998, 0.00036388016963184646, 0.0003578576249207952, 0.8187387387387387, 0.00041064191536980995]	[0.0, 0.0, 0.0, 0.0, 0.0]
741963075985760256	[0.0003715335027231913, 0.0003484693849583296, 0.0014380572712874157, 0.8490853658536586, 0.0018240107934283216]	[0.0, 0.0, 0.0, 0.0, 0.0]
222036996	[0.00038203426173967383, 0.00038162055301837377, 0.0003751590090300079, 0.8589639821934439, 0.0004225675983726419]	[0.0, 0.0, 0.0, 0.0, 0.0]
36327895	[0.0003528211873835362, 0.0003524393946852083, 0.0003466062050917097, 0.8228691687127324, 0.0003977690345453759]	[0.0, 0.0, 0.0, 0.0, 0.0]
809247439383392257	[0.0, 0.0, 0.0, 0.8809968847352025, 0.0015850596359070935]	[0.0, 0.0, 0.0, 0.0, 0.0]
422684232	[0.00035037316526812586, 0.00034999402160846796, 0.00034420130514311166, 0.8242867084203201, 0.0003961133737004463]	[0.0, 0.0, 0.0, 0.0, 0.0]
388187529	[0.00035603430688708673, 0.00035564903760197474, 0.0003497627247410226, 0.8254674977738201, 0.00040012735013309956]	[0.0, 0.0, 0.0, 0.0, 0.0]
800434576350789632	[0.0003729643121046651, 0.0003498113723201716, 0.0014435953609072607, 0.8487394957983193, 0.0018331457837646972]	[0.0, 0.0, 0.0, 0.0, 0.0]
827106904245731328	[0.0003729643121046651, 0.0003498113723201716, 0.0014435953609072607, 0.8487394957983193, 0.0018331457837646972]	[0.0, 0.0, 0.0, 0.0, 0.0]
86711514	[0.00037248615270483174, 0.00034936289617721857, 0.0014417445975897277, 0.8371747211895911, 0.001853131891642803]	[0.0, 0.0, 0.0, 0.0, 0.0]
819581851903938562	[0.0, 0.0, 0.0, 0.8809226932668329, 0.0015872980211010658]	[0.0, 0.0, 0.0, 0.0, 0.0]
293013635	[0.00036383692003711895, 0.00036344320744434764, 0.00035742789403135416, 0.8237554904831625, 0.00040577954117431754]	[0.0, 0.0, 0.0, 0.0, 0.0]
2368436134	[0.0003583503189421783, 0.0003579625430939356, 0.0003520379404169198, 0.8206357662937311, 0.00040412637427891736]	[0.0, 0.0, 0.0, 0.0, 0.0]
2862964321	[0.0003548874900914926, 0.0003545034614183574, 0.00034863610966032876, 0.8219950652097285, 0.00040004082749440123]	[0.0, 0.0, 0.0, 0.0, 0.0]
54851559	[2.044903459664659e-37, 2.044903459664659e-37, -1.1149300982848081e-20, 0.32142857142857145, 0.21428571428571427]	[0.0, 0.0, 0.0, 0.0, 0.0]
777573276692451328	[0.000372486152730172, 0.00034936289620181234, 0.001441744597624046, 0.8488549618320611, 0.0018300911754056811]	[0.0, 0.0, 0.0, 0.0, 0.0]
560467206	[-0.0016525307517840121, -0.0018145976308002448, -0.0016837564706978102, 0.8574156588160408, 0.0014878191024043687]	[0.0, 0.0, 0.0, 0.0, 0.0]
140101267	[-0.00021820598118591197, -0.00021942685508308815, -0.00030892326949446576, 0.8239448461409113, 0.0003860880346905615]	[0.0, 0.0, 0.0, 0.0, 0.0]
862688770205863937	[0.00034505842696920546, 0.00032363783303557075, 0.001335582877108605, 0.8565340909090909, 0.0017030963591019627]	[0.0, 0.0, 0.0, 0.0, 0.0]
474013625	[0.00043998111368232537, 0.00043998114431373754, 0.00043153419340696424, 0.7905447070914697, 0.0005091172494642752]	[0.0, 0.0, 0.0, 0.0, 0.0]
801355099796803584	[0.0003729643121046651, 0.0003498113723201716, 0.0014435953609072607, 0.8487394957983193, 0.0018331457837646972]	[0.0, 0.0, 0.0, 0.0, 0.0]
21422783	[0.0003619894809689098, 0.00036159776713415564, 0.0003556129982411844, 0.8194693438508426, 0.0004079153606414418]	[0.0, 0.0, 0.0, 0.0, 0.0]
39475170	[0.0003520013879356512, 0.00035162048235367135, 0.0003458008464972474, 0.823549965059399, 0.00039777885149752684]	[0.0, 0.0, 0.0, 0.0, 0.0]
875915736300040192	[0.00037344370068063514, 0.00035026100133343655, 0.0014454508819367045, 0.8486238532110092, 0.001836210062431142]	[0.0, 0.0, 0.0, 0.0, 0.0]
192463771	[0.00036361859654482744, 0.0003632251198215281, 0.0003572134167751232, 0.8189500179791442, 0.00041015506112435974]	[0.0, 0.0, 0.0, 0.0, 0.0]
884586449831686145	[0.00037344370068063514, 0.00035026100133343655, 0.0014454508819367045, 0.8486238532110092, 0.001836210062431142]	[0.0, 0.0, 0.0, 0.0, 0.0]
802492036268126208	[0.0003729643121046651, 0.0003498113723201716, 0.0014435953609072607, 0.8487394957983193, 0.0018331457837646972]	[0.0, 0.0, 0.0, 0.0, 0.0]
154172528	[0.00038494869984576167, 0.0003845318350503004, 0.00037802099765579306, 0.8579290664492458, 0.00042540202968010453]	[0.0, 0.0, 0.0, 0.0, 0.0]
288567673	[0.00035488749009149253, 0.0003545034614183574, 0.0003486361096603288, 0.8219950652097285, 0.00040004082749440123]	[0.0, 0.0, 0.0, 0.0, 0.0]
704221216912105473	[0.00036777113813865267, 0.0003449405810600174, 0.0014234946660085558, 0.85, 0.0018000673822014728]	[0.0, 0.0, 0.0, 0.0, 0.0]
465965880	[0.0022430935717813218, 0.0022430935717803924, 0.0022417392495012347, 0.6884057971014492, 0.0022679062280456445]	[0.0, 0.0, 0.0, 0.0, 0.0]
1156991923	[0.00036405550684407025, 0.00036366155733408024, 0.00035764263085355524, 0.8188040345821326, 0.0004103291009081036]	[0.0, 0.0, 0.0, 0.0, 0.0]
3292722958	[0.0003649935532594231, 0.00036459829809169515, 0.0003584249724608574, 0.823615964686408, 0.00040687615245989256]	[0.0, 0.0, 0.0, 0.0, 0.0]
2173684107	[0.00036188139214210507, 0.0003614897952717686, 0.00035550681341041667, 0.8195017028141244, 0.0004077609429231001]	[0.0, 0.0, 0.0, 0.0, 0.0]
2413215217	[0.00036016070747210786, 0.000359770972956054, 0.00035381643834128993, 0.8237410071942446, 0.0004045986434461204]	[0.0, 0.0, 0.0, 0.0, 0.0]
22900494	[0.0003599467712095179, 0.0003595572678181437, 0.0003536062710098077, 0.8200926255789098, 0.00040623570035334744]	[0.0, 0.0, 0.0, 0.0, 0.0]
860264322311659520	[0.0, 0.0, 0.0, 0.8804007514088916, 0.001592912333174722]	[0.0, 0.0, 0.0, 0.0, 0.0]
311380778	[0.0003545760031194988, 0.0003541923115107345, 0.0003483301095640792, 0.8222143988734377, 0.0003999381470097624]	[0.0, 0.0, 0.0, 0.0, 0.0]
474708096	[0.0004438561767890062, 0.000443856207625498, 0.0004353348616953743, 0.7890269151138717, 0.0005134112004742082]	[0.0, 0.0, 0.0, 0.0, 0.0]
1653321740	[0.0003910392669405122, 0.00039061580660905556, 0.0003840019562929861, 0.8564325668116842, 0.00043114992503372857]	[0.0, 0.0, 0.0, 0.0, 0.0]
890041069639016448	[0.0003640842089672649, 0.00034148252978478066, 0.0014092240428727708, 0.8336948662328272, 0.0018128759791574294]	[0.0, 0.0, 0.0, 0.0, 0.0]
1143130812	[0.0003657033134108761, 0.0003653075811699222, 0.00035926141068752, 0.8214936247723132, 0.00041077367354258685]	[0.0, 0.0, 0.0, 0.0, 0.0]
4376048613	[0.0003485593266213538, 0.00034818214574164244, 0.000342419417454709, 0.8249263303865488, 0.00039375968264905695]	[0.0, 0.0, 0.0, 0.0, 0.0]
1005305156	[0.0003902831484739821, 0.00038986050695077185, 0.0003832594452592259, 0.8562861869313482, 0.0004302111494190539]	[0.0, 0.0, 0.0, 0.0, 0.0]
37105136	[0.000352718503685229, 0.00035233682210235464, 0.0003465053301775386, 0.8229002279502017, 0.00039762223092082633]	[0.0, 0.0, 0.0, 0.0, 0.0]
818479808837455873	[0.0003729643121046651, 0.0003498113723201716, 0.0014435953609072607, 0.8487394957983193, 0.0018331457837646972]	[0.0, 0.0, 0.0, 0.0, 0.0]
756914316566224896	[0.00037200921783551105, 0.00034891556854982537, 0.0014398985738114675, 0.8489702517162472, 0.0018270461932433763]	[0.0, 0.0, 0.0, 0.0, 0.0]
849608792098705408	[0.0003458799989976437, 0.00032440840364985913, 0.0013387628406848122, 0.8475398475398476, 0.0017353425279527782]	[0.0, 0.0, 0.0, 0.0, 0.0]
11985982	[0.00038519357815355165, 0.00038477644817692274, 0.0003782614690283478, 0.8578711256117455, 0.0004257411153992191]	[0.0, 0.0, 0.0, 0.0, 0.0]
3372055939	[0.0003628565211507914, 0.00036246386946021616, 0.00035646476497558106, 0.8241738177834581, 0.00040476100808266665]	[0.0, 0.0, 0.0, 0.0, 0.0]
562662319	[0.0, 0.0, 0.0, 0.8851473241130488, 0.0015064494868656435]	[0.0, 0.0, 0.0, 0.0, 0.0]
847424832400629760	[0.0003622683280799272, 0.0003397793753466099, 0.0014021954939370026, 0.875945537065053, 0.0018026095809166223]	[0.0, 0.0, 0.0, 0.0, 0.0]
886794351459827713	[0.0003430203617107529, 0.0003217262175555485, 0.0006100146732518348, 0.8496134926212228, 0.0016872231572424997]	[0.0, 0.0, 0.0, 0.0, 0.0]
817189988462800896	[0.0, 0.0, 0.0, 0.8809226932668329, 0.0015872980211010658]	[0.0, 0.0, 0.0, 0.0, 0.0]
3664826895	[0.0003569781386284664, 0.0003565918480109342, 0.00035068993078599147, 0.8251249107780158, 0.00040129727327875667]	[0.0, 0.0, 0.0, 0.0, 0.0]
80172249	[0.0, 0.0, 0.0, 0.881144990665837, 0.0015839457699922815]	[0.0, 0.0, 0.0, 0.0, 0.0]
65375944	[0.00035692659257933063, 0.00033476917230972596, 0.0006347449978315369, 0.8668639053254438, 0.001770975940717638]	[0.0, 0.0, 0.0, 0.0, 0.0]
