892926801860677632	[-2.7871119397683135e-07, 0.0, 0.002188628659119397, 0.6261456825856248, 0.018837256552404726]	[1.0587911840678754e-22, 0.0, 8.673617379884035e-19, 0.0, 0.0]
890502281887612928	[0.0008675036563504516, 0.0, 0.003259980634093461, 0.6754346856888097, 0.017233142233142235]	[1.0842021724855044e-19, 0.0, 0.0, 1.1102230246251565e-16, 0.0]
3398737828	[-2.7871119397683135e-07, 0.0, 0.002188628659119397, 0.6261456825856248, 0.018837256552404726]	[1.0587911840678754e-22, 0.0, 8.673617379884035e-19, 0.0, 0.0]
1664655710	[-2.7871119397683135e-07, 0.0, 0.002188628659119397, 0.6261456825856248, 0.018837256552404726]	[1.0587911840678754e-22, 0.0, 8.673617379884035e-19, 0.0, 0.0]
909435307304607744	[0.0008675036563504516, 0.0, 0.003259980634093461, 0.6754346856888097, 0.017233142233142235]	[1.0842021724855044e-19, 0.0, 0.0, 1.1102230246251565e-16, 0.0]
222496251	[0.00028848802519962753, 0.0, 0.009164492290917278, 0.7547247990910189, 0.16539131447800182]	[0.00040942587931222486, 0.0, 0.005630435517834103, 0.05631413923914532, 0.13514321647533592]
1028440310	[0.0008675036563504516, 0.0, 0.003259980634093461, 0.6754346856888097, 0.017233142233142235]	[1.0842021724855044e-19, 0.0, 0.0, 1.1102230246251565e-16, 0.0]
20447568	[-2.7871119397683135e-07, 0.0, 0.002188628659119397, 0.6261456825856248, 0.018837256552404726]	[1.0587911840678754e-22, 0.0, 8.673617379884035e-19, 0.0, 0.0]
3356627800	[-2.7871119397683135e-07, 0.0, 0.002188628659119397, 0.6261456825856248, 0.018837256552404726]	[1.0587911840678754e-22, 0.0, 8.673617379884035e-19, 0.0, 0.0]
19590930	[0.0008675036563504516, 0.0, 0.003259980634093461, 0.6754346856888097, 0.017233142233142235]	[1.0842021724855044e-19, 0.0, 0.0, 1.1102230246251565e-16, 0.0]
245957521	[-6.820239073393898e-07, 0.0, 0.009722756363110043, 0.43132530120481943, 0.09465891062929668]	[2.117582368135751e-22, 0.0, 1.734723475976807e-18, 1.6653345369377348e-16, 1.3877787807814457e-17]
1631211283	[0.00012325969204912546, 0.0, 0.0075673988718994705, 0.6844344414907432, 0.15059854418115798]	[0.0003038376201208939, 0.0, 0.007539172678427191, 0.05234606302171802, 0.26288802505145703]
223782598	[0.0008675036563504516, 0.0, 0.003259980634093461, 0.6754346856888097, 0.017233142233142235]	[1.0842021724855044e-19, 0.0, 0.0, 1.1102230246251565e-16, 0.0]
2906686402	[0.0008675036563504516, 0.0, 0.003259980634093461, 0.6754346856888097, 0.017233142233142235]	[1.0842021724855044e-19, 0.0, 0.0, 1.1102230246251565e-16, 0.0]
359850032	[0.0008675036563504516, 0.0, 0.003259980634093461, 0.6754346856888097, 0.017233142233142235]	[1.0842021724855044e-19, 0.0, 0.0, 1.1102230246251565e-16, 0.0]
845781575170244610	[0.0002887389693968726, 0.0, 0.004312925074514611, 0.6964967347800025, 0.056994226495767124]	[0.0004092485431677397, 0.0, 0.002288826971102845, 0.06769843805047497, 0.05510027630978931]
857912957346471936	[-2.7871119397683135e-07, 0.0, 0.002188628659119397, 0.6261456825856248, 0.018837256552404726]	[1.0587911840678754e-22, 0.0, 8.673617379884035e-19, 0.0, 0.0]
791162759228624896	[0.00021656039137327233, 0.0, 0.004866633136269247, 0.66930244352883, 0.055734425961776614]	[0.00037582227931967193, 0.0, 0.00217555642064417, 0.02542399410292536, 0.03770349230170449]
1274709210	[0.00021629634110122644, 0.0, 0.007420526382967807, 0.72258001996467, 0.12875279999660255]	[0.00037597484057690816, 0.0, 0.005735904841839333, 0.07401568876886554, 0.13313492760987153]
26203837	[0.0008675036563504516, 0.0, 0.003259980634093461, 0.6754346856888097, 0.017233142233142235]	[1.0842021724855044e-19, 0.0, 0.0, 1.1102230246251565e-16, 0.0]
741963075985760256	[-2.7871119397683135e-07, 0.0, 0.002188628659119397, 0.6261456825856248, 0.018837256552404726]	[1.0587911840678754e-22, 0.0, 8.673617379884035e-19, 0.0, 0.0]
36327895	[0.0008675036563504516, 0.0, 0.003259980634093461, 0.6754346856888097, 0.017233142233142235]	[1.0842021724855044e-19, 0.0, 0.0, 1.1102230246251565e-16, 0.0]
422684232	[-3.8520051283484026e-07, 0.0, 0.004598795142525731, 0.6569801927530339, 0.05613545454159223]	[1.0648931885800881e-07, 0.0, 0.0024101664834063337, 0.03083451016740918, 0.03729819798918752]
800434576350789632	[0.00043324780969229736, 0.0, 0.005375073282212219, 0.7316722608771917, 0.07607271146744832]	[0.00043425584665815416, 0.0, 0.002115092648118758, 0.05623757518838206, 0.05883956923430607]
2862964321	[0.0008675036563504516, 0.0, 0.003259980634093461, 0.6754346856888097, 0.017233142233142235]	[1.0842021724855044e-19, 0.0, 0.0, 1.1102230246251565e-16, 0.0]
777573276692451328	[-3.8520051283484026e-07, 0.0, 0.004598795142525731, 0.6569801927530339, 0.05613545454159223]	[1.0648931885800881e-07, 0.0, 0.0024101664834063337, 0.03083451016740918, 0.03729819798918752]
560467206	[0.0008675036563504516, 0.0, 0.003259980634093461, 0.6754346856888097, 0.017233142233142235]	[1.0842021724855044e-19, 0.0, 0.0, 1.1102230246251565e-16, 0.0]
862688770205863937	[0.0008675036563504516, 0.0, 0.003259980634093461, 0.6754346856888097, 0.017233142233142235]	[1.0842021724855044e-19, 0.0, 0.0, 1.1102230246251565e-16, 0.0]
474013625	[0.0008675036563504516, 0.0, 0.003259980634093461, 0.6754346856888097, 0.017233142233142235]	[1.0842021724855044e-19, 0.0, 0.0, 1.1102230246251565e-16, 0.0]
801355099796803584	[9.840940804462894e-05, 0.0, 0.009807544996859674, 0.7099917188779163, 0.2254810259922304]	[0.00027626798561037545, 0.0, 0.007660023058331045, 0.06453342362276368, 0.3057476770655134]
21422783	[0.00043361247257823733, 0.0, 0.0027243046466064293, 0.6507901841372172, 0.018035199392773482]	[0.00043389118377221413, 0.0, 0.0005356759874870315, 0.02464450155159242, 0.0008020571596312458]
39475170	[9.840144488215796e-05, 0.0, 0.009402585159185059, 0.7077135282963292, 0.18928453944474807]	[0.0002762708260555922, 0.0, 0.007677430206539075, 0.06602841646675262, 0.24753689803845905]
875915736300040192	[-2.7871119397683135e-07, 0.0, 0.002188628659119397, 0.6261456825856248, 0.018837256552404726]	[1.0587911840678754e-22, 0.0, 8.673617379884035e-19, 0.0, 0.0]
884586449831686145	[0.0008675036563504516, 0.0, 0.003259980634093461, 0.6754346856888097, 0.017233142233142235]	[1.0842021724855044e-19, 0.0, 0.0, 1.1102230246251565e-16, 0.0]
288567673	[-6.820239073393898e-07, 0.0, 0.009722756363110043, 0.43132530120481943, 0.09465891062929668]	[2.117582368135751e-22, 0.0, 1.734723475976807e-18, 1.6653345369377348e-16, 1.3877787807814457e-17]
1156991923	[0.0008675036563504516, 0.0, 0.003259980634093461, 0.6754346856888097, 0.017233142233142235]	[1.0842021724855044e-19, 0.0, 0.0, 1.1102230246251565e-16, 0.0]
2173684107	[-2.7871119397683135e-07, 0.0, 0.002188628659119397, 0.6261456825856248, 0.018837256552404726]	[1.0587911840678754e-22, 0.0, 8.673617379884035e-19, 0.0, 0.0]
22900494	[0.00043361247257823733, 0.0, 0.0027243046466064293, 0.6507901841372172, 0.018035199392773482]	[0.00043389118377221413, 0.0, 0.0005356759874870315, 0.02464450155159242, 0.0008020571596312458]
311380778	[0.00043324780969229736, 0.0, 0.005375073282212219, 0.7316722608771917, 0.07607271146744832]	[0.00043425584665815416, 0.0, 0.002115092648118758, 0.05623757518838206, 0.05883956923430607]
474708096	[0.00021656039137327233, 0.0, 0.004866633136269247, 0.66930244352883, 0.055734425961776614]	[0.00037582227931967193, 0.0, 0.00217555642064417, 0.02542399410292536, 0.03770349230170449]
4376048613	[-2.7871119397683135e-07, 0.0, 0.002188628659119397, 0.6261456825856248, 0.018837256552404726]	[1.0587911840678754e-22, 0.0, 8.673617379884035e-19, 0.0, 0.0]
818479808837455873	[0.0008675036563504516, 0.0, 0.003259980634093461, 0.6754346856888097, 0.017233142233142235]	[1.0842021724855044e-19, 0.0, 0.0, 1.1102230246251565e-16, 0.0]
756914316566224896	[0.00043324780969229736, 0.0, 0.005375073282212219, 0.7316722608771917, 0.07607271146744832]	[0.00043425584665815416, 0.0, 0.002115092648118758, 0.05623757518838206, 0.05883956923430607]
849608792098705408	[0.0008675036563504516, 0.0, 0.003259980634093461, 0.6754346856888097, 0.017233142233142235]	[1.0842021724855044e-19, 0.0, 0.0, 1.1102230246251565e-16, 0.0]
886794351459827713	[0.0008675036563504516, 0.0, 0.003259980634093461, 0.6754346856888097, 0.017233142233142235]	[1.0842021724855044e-19, 0.0, 0.0, 1.1102230246251565e-16, 0.0]
