892926801860677632	[-4.862629905958076e-11, 5.70225031609825e-16, 0.0, 0.6261456825856248, 0.018837256552404726]	[6.462348535570529e-27, 1.9721522630525295e-31, 0.0, 0.0, 0.0]
890502281887612928	[0.0, 0.0, 0.0, 0.6754346856888097, 0.017233142233142235]	[0.0, 0.0, 0.0, 1.1102230246251565e-16, 0.0]
3398737828	[-4.862629905958076e-11, 5.70225031609825e-16, 0.0, 0.6261456825856248, 0.018837256552404726]	[6.462348535570529e-27, 1.9721522630525295e-31, 0.0, 0.0, 0.0]
1664655710	[-4.862629905958076e-11, 5.70225031609825e-16, 0.0, 0.6261456825856248, 0.018837256552404726]	[6.462348535570529e-27, 1.9721522630525295e-31, 0.0, 0.0, 0.0]
909435307304607744	[0.0, 0.0, 0.0, 0.6754346856888097, 0.017233142233142235]	[0.0, 0.0, 0.0, 1.1102230246251565e-16, 0.0]
222496251	[-2.5512318771483026e-10, 0.0, 0.0, 0.7547247990910189, 0.16539131447800182]	[2.022669363336406e-10, 0.0, 0.0, 0.05631413923914532, 0.13514321647533592]
1028440310	[0.0, 0.0, 0.0, 0.6754346856888097, 0.017233142233142235]	[0.0, 0.0, 0.0, 1.1102230246251565e-16, 0.0]
20447568	[-4.862629905958076e-11, 5.70225031609825e-16, 0.0, 0.6261456825856248, 0.018837256552404726]	[6.462348535570529e-27, 1.9721522630525295e-31, 0.0, 0.0, 0.0]
3356627800	[-4.862629905958076e-11, 5.70225031609825e-16, 0.0, 0.6261456825856248, 0.018837256552404726]	[6.462348535570529e-27, 1.9721522630525295e-31, 0.0, 0.0, 0.0]
19590930	[0.0, 0.0, 0.0, 0.6754346856888097, 0.017233142233142235]	[0.0, 0.0, 0.0, 1.1102230246251565e-16, 0.0]
245957521	[0.0, 0.0, 0.0, 0.43132530120481943, 0.09465891062929668]	[0.0, 0.0, 0.0, 1.6653345369377348e-16, 1.3877787807814457e-17]
1631211283	[-9.902785367052693e-11, 1.4255625790245618e-16, 0.0, 0.6844344414907432, 0.15059854418115798]	[1.6005898879948766e-10, 2.4691468162394635e-16, 0.0, 0.05234606302171802, 0.26288802505145703]
223782598	[0.0, 0.0, 0.0, 0.6754346856888097, 0.017233142233142235]	[0.0, 0.0, 0.0, 1.1102230246251565e-16, 0.0]
2906686402	[0.0, 0.0, 0.0, 0.6754346856888097, 0.017233142233142235]	[0.0, 0.0, 0.0, 1.1102230246251565e-16, 0.0]
359850032	[0.0, 0.0, 0.0, 0.6754346856888097, 0.017233142233142235]	[0.0, 0.0, 0.0, 1.1102230246251565e-16, 0.0]
845781575170244610	[-1.0642513945678988e-10, 1.9007501053660824e-16, 0.0, 0.6964967347800025, 0.056994226495767124]	[1.1780850537877972e-10, 2.6880665776908044e-16, 0.0, 0.06769843805047497, 0.05510027630978931]
857912957346471936	[-4.862629905958076e-11, 5.70225031609825e-16, 0.0, 0.6261456825856248, 0.018837256552404726]	[6.462348535570529e-27, 1.9721522630525295e-31, 0.0, 0.0, 0.0]
791162759228624896	[-3.923560762182985e-11, 1.4255625790245618e-16, 0.0, 0.66930244352883, 0.055734425961776614]	[2.2764981342791553e-11, 2.4691468162394635e-16, 0.0, 0.02542399410292536, 0.03770349230170449]
1274709210	[-2.0349896555101787e-10, 1.4255625790245618e-16, 0.0, 0.72258001996467, 0.12875279999660255]	[1.96670069132046e-10, 2.4691468162394635e-16, 0.0, 0.07401568876886554, 0.13313492760987153]
26203837	[0.0, 0.0, 0.0, 0.6754346856888097, 0.017233142233142235]	[0.0, 0.0, 0.0, 1.1102230246251565e-16, 0.0]
741963075985760256	[-4.862629905958076e-11, 5.70225031609825e-16, 0.0, 0.6261456825856248, 0.018837256552404726]	[6.462348535570529e-27, 1.9721522630525295e-31, 0.0, 0.0, 0.0]
36327895	[0.0, 0.0, 0.0, 0.6754346856888097, 0.017233142233142235]	[0.0, 0.0, 0.0, 1.1102230246251565e-16, 0.0]
422684232	[-5.139218238672506e-11, 2.851125158049125e-16, 0.0, 0.6569801927530339, 0.05613545454159223]	[2.7658833271442854e-12, 2.851125158049124e-16, 0.0, 0.03083451016740918, 0.03729819798918752]
800434576350789632	[-1.3532455965539446e-10, 0.0, 0.0, 0.7316722608771917, 0.07607271146744832]	[1.3532455965539446e-10, 0.0, 0.0, 0.05623757518838206, 0.05883956923430607]
2862964321	[0.0, 0.0, 0.0, 0.6754346856888097, 0.017233142233142235]	[0.0, 0.0, 0.0, 1.1102230246251565e-16, 0.0]
777573276692451328	[-5.139218238672506e-11, 2.851125158049125e-16, 0.0, 0.6569801927530339, 0.05613545454159223]	[2.7658833271442854e-12, 2.851125158049124e-16, 0.0, 0.03083451016740918, 0.03729819798918752]
560467206	[0.0, 0.0, 0.0, 0.6754346856888097, 0.017233142233142235]	[0.0, 0.0, 0.0, 1.1102230246251565e-16, 0.0]
862688770205863937	[0.0, 0.0, 0.0, 0.6754346856888097, 0.017233142233142235]	[0.0, 0.0, 0.0, 1.1102230246251565e-16, 0.0]
474013625	[0.0, 0.0, 0.0, 0.6754346856888097, 0.017233142233142235]	[0.0, 0.0, 0.0, 1.1102230246251565e-16, 0.0]
801355099796803584	[-1.8034783565085047e-10, 9.775286256168425e-17, 0.0, 0.7099917188779163, 0.2254810259922304]	[2.1246964195852726e-10, 2.149081362005258e-16, 0.0, 0.06453342362276368, 0.3057476770655134]
21422783	[-2.431314952979038e-11, 2.8511251580491235e-16, 0.0, 0.6507901841372172, 0.018035199392773482]	[2.4313149529790377e-11, 2.8511251580491235e-16, 0.0, 0.02464450155159242, 0.0008020571596312458]
39475170	[-1.7816637170316188e-10, 1.1404500632196496e-16, 0.0, 0.7077135282963292, 0.18928453944474807]	[2.1341678486477685e-10, 2.280900126439301e-16, 0.0, 0.06602841646675262, 0.24753689803845905]
875915736300040192	[-4.862629905958076e-11, 5.70225031609825e-16, 0.0, 0.6261456825856248, 0.018837256552404726]	[6.462348535570529e-27, 1.9721522630525295e-31, 0.0, 0.0, 0.0]
884586449831686145	[0.0, 0.0, 0.0, 0.6754346856888097, 0.017233142233142235]	[0.0, 0.0, 0.0, 1.1102230246251565e-16, 0.0]
288567673	[0.0, 0.0, 0.0, 0.43132530120481943, 0.09465891062929668]	[0.0, 0.0, 0.0, 1.6653345369377348e-16, 1.3877787807814457e-17]
1156991923	[0.0, 0.0, 0.0, 0.6754346856888097, 0.017233142233142235]	[0.0, 0.0, 0.0, 1.1102230246251565e-16, 0.0]
2173684107	[-4.862629905958076e-11, 5.70225031609825e-16, 0.0, 0.6261456825856248, 0.018837256552404726]	[6.462348535570529e-27, 1.9721522630525295e-31, 0.0, 0.0, 0.0]
22900494	[-2.431314952979038e-11, 2.8511251580491235e-16, 0.0, 0.6507901841372172, 0.018035199392773482]	[2.4313149529790377e-11, 2.8511251580491235e-16, 0.0, 0.02464450155159242, 0.0008020571596312458]
311380778	[-1.3532455965539446e-10, 0.0, 0.0, 0.7316722608771917, 0.07607271146744832]	[1.3532455965539446e-10, 0.0, 0.0, 0.05623757518838206, 0.05883956923430607]
474708096	[-3.923560762182985e-11, 1.4255625790245618e-16, 0.0, 0.66930244352883, 0.055734425961776614]	[2.2764981342791553e-11, 2.4691468162394635e-16, 0.0, 0.02542399410292536, 0.03770349230170449]
4376048613	[-4.862629905958076e-11, 5.70225031609825e-16, 0.0, 0.6261456825856248, 0.018837256552404726]	[6.462348535570529e-27, 1.9721522630525295e-31, 0.0, 0.0, 0.0]
818479808837455873	[0.0, 0.0, 0.0, 0.6754346856888097, 0.017233142233142235]	[0.0, 0.0, 0.0, 1.1102230246251565e-16, 0.0]
756914316566224896	[-1.3532455965539446e-10, 0.0, 0.0, 0.7316722608771917, 0.07607271146744832]	[1.3532455965539446e-10, 0.0, 0.0, 0.05623757518838206, 0.05883956923430607]
849608792098705408	[0.0, 0.0, 0.0, 0.6754346856888097, 0.017233142233142235]	[0.0, 0.0, 0.0, 1.1102230246251565e-16, 0.0]
886794351459827713	[0.0, 0.0, 0.0, 0.6754346856888097, 0.017233142233142235]	[0.0, 0.0, 0.0, 1.1102230246251565e-16, 0.0]
