892926801860677632	[-4.466374397844129e-95, 0.0, 0.0038766106886723643, 0.6261456825856248, 0.018837256552404726]	[0.0, 0.0, 0.0, 0.0, 0.0]
890502281887612928	[2.904575021809996e-22, 0.0, 0.0034328236064674477, 0.6754346856888097, 0.017233142233142235]	[4.70197740328915e-38, 0.0, 4.336808689942018e-19, 1.1102230246251565e-16, 0.0]
3398737828	[-4.466374397844129e-95, 0.0, 0.0038766106886723643, 0.6261456825856248, 0.018837256552404726]	[0.0, 0.0, 0.0, 0.0, 0.0]
1664655710	[-4.466374397844129e-95, 0.0, 0.0038766106886723643, 0.6261456825856248, 0.018837256552404726]	[0.0, 0.0, 0.0, 0.0, 0.0]
909435307304607744	[2.904575021809996e-22, 0.0, 0.0034328236064674477, 0.6754346856888097, 0.017233142233142235]	[4.70197740328915e-38, 0.0, 4.336808689942018e-19, 1.1102230246251565e-16, 0.0]
222496251	[9.681916739366653e-23, 0.0, 0.01533416130722082, 0.7547247990910189, 0.16539131447800182]	[1.3692297962579414e-22, 0.0, 0.010716916666356154, 0.05631413923914532, 0.13514321647533592]
1028440310	[2.904575021809996e-22, 0.0, 0.0034328236064674477, 0.6754346856888097, 0.017233142233142235]	[4.70197740328915e-38, 0.0, 4.336808689942018e-19, 1.1102230246251565e-16, 0.0]
20447568	[-4.466374397844129e-95, 0.0, 0.0038766106886723643, 0.6261456825856248, 0.018837256552404726]	[0.0, 0.0, 0.0, 0.0, 0.0]
3356627800	[-4.466374397844129e-95, 0.0, 0.0038766106886723643, 0.6261456825856248, 0.018837256552404726]	[0.0, 0.0, 0.0, 0.0, 0.0]
19590930	[2.904575021809996e-22, 0.0, 0.0034328236064674477, 0.6754346856888097, 0.017233142233142235]	[4.70197740328915e-38, 0.0, 4.336808689942018e-19, 1.1102230246251565e-16, 0.0]
245957521	[-1.894607204246784e-94, 0.0, 0.01644433243743277, 0.43132530120481943, 0.09465891062929668]	[0.0, 0.0, 6.938893903907228e-18, 1.6653345369377348e-16, 1.3877787807814457e-17]
1631211283	[4.1493928882999935e-23, 0.0, 0.012744307215649647, 0.6844344414907432, 0.15059854418115798]	[1.0163895318668298e-22, 0.0, 0.01345932247016106, 0.05234606302171802, 0.26288802505145703]
223782598	[2.904575021809996e-22, 0.0, 0.0034328236064674477, 0.6754346856888097, 0.017233142233142235]	[4.70197740328915e-38, 0.0, 4.336808689942018e-19, 1.1102230246251565e-16, 0.0]
2906686402	[2.904575021809996e-22, 0.0, 0.0034328236064674477, 0.6754346856888097, 0.017233142233142235]	[4.70197740328915e-38, 0.0, 4.336808689942018e-19, 1.1102230246251565e-16, 0.0]
359850032	[2.904575021809996e-22, 0.0, 0.0034328236064674477, 0.6754346856888097, 0.017233142233142235]	[4.70197740328915e-38, 0.0, 4.336808689942018e-19, 1.1102230246251565e-16, 0.0]
845781575170244610	[9.681916739366653e-23, 0.0, 0.006822443100551544, 0.6964967347800025, 0.056994226495767124]	[1.3692297962579414e-22, 0.0, 0.004483503085993011, 0.06769843805047497, 0.05510027630978931]
857912957346471936	[-4.466374397844129e-95, 0.0, 0.0038766106886723643, 0.6261456825856248, 0.018837256552404726]	[0.0, 0.0, 0.0, 0.0, 0.0]
791162759228624896	[7.26143755452499e-23, 0.0, 0.007754966777975838, 0.66930244352883, 0.055734425961776614]	[1.2577178780425984e-22, 0.0, 0.004103250589890342, 0.02542399410292536, 0.03770349230170449]
1274709210	[7.26143755452499e-23, 0.0, 0.012469773652583704, 0.72258001996467, 0.12875279999660255]	[1.2577178780425984e-22, 0.0, 0.010523943036397018, 0.07401568876886554, 0.13313492760987153]
26203837	[2.904575021809996e-22, 0.0, 0.0034328236064674477, 0.6754346856888097, 0.017233142233142235]	[4.70197740328915e-38, 0.0, 4.336808689942018e-19, 1.1102230246251565e-16, 0.0]
741963075985760256	[-4.466374397844129e-95, 0.0, 0.0038766106886723643, 0.6261456825856248, 0.018837256552404726]	[0.0, 0.0, 0.0, 0.0, 0.0]
36327895	[2.904575021809996e-22, 0.0, 0.0034328236064674477, 0.6754346856888097, 0.017233142233142235]	[4.70197740328915e-38, 0.0, 4.336808689942018e-19, 1.1102230246251565e-16, 0.0]
422684232	[-9.06258526074187e-95, 0.0, 0.007865913548527068, 0.6569801927530339, 0.05613545454159223]	[4.59621086289774e-95, 0.0, 0.003989302859854702, 0.03083451016740918, 0.03729819798918752]
800434576350789632	[1.452287510904998e-22, 0.0, 0.008295359306491135, 0.7316722608771917, 0.07607271146744832]	[1.4522875109049978e-22, 0.0, 0.004862535700023688, 0.05623757518838206, 0.05883956923430607]
2862964321	[2.904575021809996e-22, 0.0, 0.0034328236064674477, 0.6754346856888097, 0.017233142233142235]	[4.70197740328915e-38, 0.0, 4.336808689942018e-19, 1.1102230246251565e-16, 0.0]
777573276692451328	[-9.06258526074187e-95, 0.0, 0.007865913548527068, 0.6569801927530339, 0.05613545454159223]	[4.59621086289774e-95, 0.0, 0.003989302859854702, 0.03083451016740918, 0.03729819798918752]
560467206	[2.904575021809996e-22, 0.0, 0.0034328236064674477, 0.6754346856888097, 0.017233142233142235]	[4.70197740328915e-38, 0.0, 4.336808689942018e-19, 1.1102230246251565e-16, 0.0]
862688770205863937	[2.904575021809996e-22, 0.0, 0.0034328236064674477, 0.6754346856888097, 0.017233142233142235]	[4.70197740328915e-38, 0.0, 4.336808689942018e-19, 1.1102230246251565e-16, 0.0]
474013625	[2.904575021809996e-22, 0.0, 0.0034328236064674477, 0.6754346856888097, 0.017233142233142235]	[4.70197740328915e-38, 0.0, 4.336808689942018e-19, 1.1102230246251565e-16, 0.0]
801355099796803584	[3.319514310639995e-23, 0.0, 0.015967038605177, 0.7099917188779163, 0.2254810259922304]	[9.241136740342816e-23, 0.0, 0.013874122441499505, 0.06453342362276368, 0.3057476770655134]
21422783	[1.452287510904998e-22, 0.0, 0.003654717147569906, 0.6507901841372172, 0.018035199392773482]	[1.4522875109049978e-22, 0.0, 0.0002218935411024581, 0.02464450155159242, 0.0008020571596312458]
39475170	[3.319514310639995e-23, 0.0, 0.016077798834255752, 0.7077135282963292, 0.18928453944474807]	[9.241136740342816e-23, 0.0, 0.013761226492209731, 0.06602841646675262, 0.24753689803845905]
875915736300040192	[-4.466374397844129e-95, 0.0, 0.0038766106886723643, 0.6261456825856248, 0.018837256552404726]	[0.0, 0.0, 0.0, 0.0, 0.0]
884586449831686145	[2.904575021809996e-22, 0.0, 0.0034328236064674477, 0.6754346856888097, 0.017233142233142235]	[4.70197740328915e-38, 0.0, 4.336808689942018e-19, 1.1102230246251565e-16, 0.0]
288567673	[-1.894607204246784e-94, 0.0, 0.01644433243743277, 0.43132530120481943, 0.09465891062929668]	[0.0, 0.0, 6.938893903907228e-18, 1.6653345369377348e-16, 1.3877787807814457e-17]
1156991923	[2.904575021809996e-22, 0.0, 0.0034328236064674477, 0.6754346856888097, 0.017233142233142235]	[4.70197740328915e-38, 0.0, 4.336808689942018e-19, 1.1102230246251565e-16, 0.0]
2173684107	[-4.466374397844129e-95, 0.0, 0.0038766106886723643, 0.6261456825856248, 0.018837256552404726]	[0.0, 0.0, 0.0, 0.0, 0.0]
22900494	[1.452287510904998e-22, 0.0, 0.003654717147569906, 0.6507901841372172, 0.018035199392773482]	[1.4522875109049978e-22, 0.0, 0.0002218935411024581, 0.02464450155159242, 0.0008020571596312458]
311380778	[1.452287510904998e-22, 0.0, 0.008295359306491135, 0.7316722608771917, 0.07607271146744832]	[1.4522875109049978e-22, 0.0, 0.004862535700023688, 0.05623757518838206, 0.05883956923430607]
474708096	[7.26143755452499e-23, 0.0, 0.007754966777975838, 0.66930244352883, 0.055734425961776614]	[1.2577178780425984e-22, 0.0, 0.004103250589890342, 0.02542399410292536, 0.03770349230170449]
4376048613	[-4.466374397844129e-95, 0.0, 0.0038766106886723643, 0.6261456825856248, 0.018837256552404726]	[0.0, 0.0, 0.0, 0.0, 0.0]
818479808837455873	[2.904575021809996e-22, 0.0, 0.0034328236064674477, 0.6754346856888097, 0.017233142233142235]	[4.70197740328915e-38, 0.0, 4.336808689942018e-19, 1.1102230246251565e-16, 0.0]
756914316566224896	[1.452287510904998e-22, 0.0, 0.008295359306491135, 0.7316722608771917, 0.07607271146744832]	[1.4522875109049978e-22, 0.0, 0.004862535700023688, 0.05623757518838206, 0.05883956923430607]
849608792098705408	[2.904575021809996e-22, 0.0, 0.0034328236064674477, 0.6754346856888097, 0.017233142233142235]	[4.70197740328915e-38, 0.0, 4.336808689942018e-19, 1.1102230246251565e-16, 0.0]
886794351459827713	[2.904575021809996e-22, 0.0, 0.0034328236064674477, 0.6754346856888097, 0.017233142233142235]	[4.70197740328915e-38, 0.0, 4.336808689942018e-19, 1.1102230246251565e-16, 0.0]
