892926801860677632	[-1.6783478196834275e-06, -1.6745290429964465e-06, 0.9100026625029691, 0.6261456825856254, 0.01883725655240473]	[7.335520501646285e-22, 7.335520501646285e-22, 8.183581363487839e-16, 6.661338147750939e-16, 3.469446951953614e-18]
890502281887612928	[2.2305453621684538e-06, 2.273583935706471e-06, 1.369277212306059, 0.6754346856888097, 0.01723314223314222]	[1.8940232492426094e-22, 9.470116246213047e-22, 6.040266291023252e-16, 1.1102230246251565e-16, 1.3877787807814457e-17]
3398737828	[-1.6783478196834275e-06, -1.6745290429964465e-06, 0.9100026625029691, 0.6261456825856254, 0.01883725655240473]	[7.335520501646285e-22, 7.335520501646285e-22, 8.183581363487839e-16, 6.661338147750939e-16, 3.469446951953614e-18]
1664655710	[-1.6783478196834275e-06, -1.6745290429964465e-06, 0.9100026625029691, 0.6261456825856254, 0.01883725655240473]	[7.335520501646285e-22, 7.335520501646285e-22, 8.183581363487839e-16, 6.661338147750939e-16, 3.469446951953614e-18]
909435307304607744	[2.2305453621684538e-06, 2.273583935706471e-06, 1.369277212306059, 0.6754346856888097, 0.01723314223314222]	[1.8940232492426094e-22, 9.470116246213047e-22, 6.040266291023252e-16, 1.1102230246251565e-16, 1.3877787807814457e-17]
222496251	[-1.0582830017979284e-05, -1.0470054339247154e-05, 0.7080754429330256, 0.7547247990910193, 0.1653913144780017]	[1.0018992970203156e-05, 9.969981586071638e-06, 0.5018934904592712, 0.0563141392391453, 0.135143216475336]
1028440310	[2.2305453621684538e-06, 2.273583935706471e-06, 1.369277212306059, 0.6754346856888097, 0.01723314223314222]	[1.8940232492426094e-22, 9.470116246213047e-22, 6.040266291023252e-16, 1.1102230246251565e-16, 1.3877787807814457e-17]
20447568	[-1.6783478196834275e-06, -1.6745290429964465e-06, 0.9100026625029691, 0.6261456825856254, 0.01883725655240473]	[7.335520501646285e-22, 7.335520501646285e-22, 8.183581363487839e-16, 6.661338147750939e-16, 3.469446951953614e-18]
3356627800	[-1.6783478196834275e-06, -1.6745290429964465e-06, 0.9100026625029691, 0.6261456825856254, 0.01883725655240473]	[7.335520501646285e-22, 7.335520501646285e-22, 8.183581363487839e-16, 6.661338147750939e-16, 3.469446951953614e-18]
19590930	[2.2305453621684538e-06, 2.273583935706471e-06, 1.369277212306059, 0.6754346856888097, 0.01723314223314222]	[1.8940232492426094e-22, 9.470116246213047e-22, 6.040266291023252e-16, 1.1102230246251565e-16, 1.3877787807814457e-17]
245957521	[-2.1163814029575617e-06, -2.1160285670355658e-06, 0.4598283291422569, 0.43132530120481904, 0.09465891062929674]	[1.5073061766471458e-21, 1.5073061766471458e-21, 9.614813431917819e-17, 2.220446049250313e-16, 6.938893903907228e-17]
1631211283	[-4.896717905214689e-06, -4.8807155610576894e-06, 0.32714516739876337, 0.7027372739825486, 0.21357393727420226]	[7.711117608754395e-06, 7.715808440143056e-06, 0.9866747650017805, 0.055637412339979916, 0.3230190945938134]
223782598	[2.2305453621684538e-06, 2.273583935706471e-06, 1.369277212306059, 0.6754346856888097, 0.01723314223314222]	[1.8940232492426094e-22, 9.470116246213047e-22, 6.040266291023252e-16, 1.1102230246251565e-16, 1.3877787807814457e-17]
2906686402	[2.2305453621684538e-06, 2.273583935706471e-06, 1.369277212306059, 0.6754346856888097, 0.01723314223314222]	[1.8940232492426094e-22, 9.470116246213047e-22, 6.040266291023252e-16, 1.1102230246251565e-16, 1.3877787807814457e-17]
359850032	[2.2305453621684538e-06, 2.273583935706471e-06, 1.369277212306059, 0.6754346856888097, 0.01723314223314222]	[1.8940232492426094e-22, 9.470116246213047e-22, 6.040266291023252e-16, 1.1102230246251565e-16, 1.3877787807814457e-17]
845781575170244610	[-4.480433024958057e-06, -4.399182450011648e-06, 0.9782990728231888, 0.7220789355779577, 0.07086948829335342]	[6.724472222783827e-06, 6.677836796883035e-06, 0.3669074106946646, 0.061607376007149585, 0.05846447058663079]
857912957346471936	[-1.6783478196834275e-06, -1.6745290429964465e-06, 0.9100026625029691, 0.6261456825856254, 0.01883725655240473]	[7.335520501646285e-22, 7.335520501646285e-22, 8.183581363487839e-16, 6.661338147750939e-16, 3.469446951953614e-18]
791162759228624896	[-7.895102087394769e-07, -7.685166477262516e-07, 0.8620165579933599, 0.6775172773793597, 0.055467073575232846]	[2.582869036583542e-06, 2.601214669910347e-06, 0.447396305786367, 0.016575455069279346, 0.03796893217927326]
1274709210	[-1.002629988058579e-05, -9.920334008231487e-06, 0.7206958941561471, 0.7466886043094325, 0.15623168585765196]	[9.937421359982036e-06, 9.885387506816533e-06, 0.48840827733176423, 0.06278362473105233, 0.13557540465100704]
26203837	[2.2305453621684538e-06, 2.273583935706471e-06, 1.369277212306059, 0.6754346856888097, 0.01723314223314222]	[1.8940232492426094e-22, 9.470116246213047e-22, 6.040266291023252e-16, 1.1102230246251565e-16, 1.3877787807814457e-17]
741963075985760256	[-1.6783478196834275e-06, -1.6745290429964465e-06, 0.9100026625029691, 0.6261456825856254, 0.01883725655240473]	[7.335520501646285e-22, 7.335520501646285e-22, 8.183581363487839e-16, 6.661338147750939e-16, 3.469446951953614e-18]
36327895	[2.2305453621684538e-06, 2.273583935706471e-06, 1.369277212306059, 0.6754346856888097, 0.01723314223314222]	[1.8940232492426094e-22, 9.470116246213047e-22, 6.040266291023252e-16, 1.1102230246251565e-16, 1.3877787807814457e-17]
422684232	[-2.418215701177763e-06, -2.4135637221857996e-06, 0.6706521622420719, 0.6569801927530328, 0.056135454541592224]	[7.398678814943333e-07, 7.390346791893544e-07, 0.23935050026089713, 0.030834510167409162, 0.03729819798918749]
800434576350789632	[-4.760641545485518e-06, -4.67164779071317e-06, 0.985128713855211, 0.7316722608771912, 0.0760727114674483]	[6.991186907653974e-06, 6.94523172641964e-06, 0.38414849845084714, 0.05623757518838209, 0.05883956923430611]
2862964321	[2.2305453621684538e-06, 2.273583935706471e-06, 1.369277212306059, 0.6754346856888097, 0.01723314223314222]	[1.8940232492426094e-22, 9.470116246213047e-22, 6.040266291023252e-16, 1.1102230246251565e-16, 1.3877787807814457e-17]
777573276692451328	[-2.418215701177763e-06, -2.4135637221857996e-06, 0.6706521622420719, 0.6569801927530328, 0.056135454541592224]	[7.398678814943333e-07, 7.390346791893544e-07, 0.23935050026089713, 0.030834510167409162, 0.03729819798918749]
560467206	[2.2305453621684538e-06, 2.273583935706471e-06, 1.369277212306059, 0.6754346856888097, 0.01723314223314222]	[1.8940232492426094e-22, 9.470116246213047e-22, 6.040266291023252e-16, 1.1102230246251565e-16, 1.3877787807814457e-17]
862688770205863937	[2.2305453621684538e-06, 2.273583935706471e-06, 1.369277212306059, 0.6754346856888097, 0.01723314223314222]	[1.8940232492426094e-22, 9.470116246213047e-22, 6.040266291023252e-16, 1.1102230246251565e-16, 1.3877787807814457e-17]
474013625	[2.2305453621684538e-06, 2.273583935706471e-06, 1.369277212306059, 0.6754346856888097, 0.01723314223314222]	[1.8940232492426094e-22, 9.470116246213047e-22, 6.040266291023252e-16, 1.1102230246251565e-16, 1.3877787807814457e-17]
801355099796803584	[-1.007907790966203e-05, -1.0020639196642316e-05, 0.26448992661924403, 0.7322580951936414, 0.262588957795493]	[1.0186642820276525e-05, 1.0138727844877617e-05, 0.8335320482164644, 0.06398772188945626, 0.2925688093364024]
21422783	[1.5790631651931402e-06, 1.6155651059226514e-06, 1.292731454005544, 0.6672198518382791, 0.017500494619685975]	[1.4567584785677098e-06, 1.4713748338714837e-06, 0.17116151894922002, 0.018368926913653234, 0.000597818110258622]
39475170	[-9.99392056925943e-06, -9.935466112603988e-06, 0.2762109714252023, 0.7315880391402334, 0.25194293234035114]	[1.0214119976618803e-05, 1.016587407388877e-05, 0.8327195781551918, 0.06467421485922197, 0.27782357507935285]
875915736300040192	[-1.6783478196834275e-06, -1.6745290429964465e-06, 0.9100026625029691, 0.6261456825856254, 0.01883725655240473]	[7.335520501646285e-22, 7.335520501646285e-22, 8.183581363487839e-16, 6.661338147750939e-16, 3.469446951953614e-18]
884586449831686145	[2.2305453621684538e-06, 2.273583935706471e-06, 1.369277212306059, 0.6754346856888097, 0.01723314223314222]	[1.8940232492426094e-22, 9.470116246213047e-22, 6.040266291023252e-16, 1.1102230246251565e-16, 1.3877787807814457e-17]
288567673	[-2.1163814029575617e-06, -2.1160285670355658e-06, 0.4598283291422569, 0.43132530120481904, 0.09465891062929674]	[1.5073061766471458e-21, 1.5073061766471458e-21, 9.614813431917819e-17, 2.220446049250313e-16, 6.938893903907228e-17]
1156991923	[2.2305453621684538e-06, 2.273583935706471e-06, 1.369277212306059, 0.6754346856888097, 0.01723314223314222]	[1.8940232492426094e-22, 9.470116246213047e-22, 6.040266291023252e-16, 1.1102230246251565e-16, 1.3877787807814457e-17]
2173684107	[-1.6783478196834275e-06, -1.6745290429964465e-06, 0.9100026625029691, 0.6261456825856254, 0.01883725655240473]	[7.335520501646285e-22, 7.335520501646285e-22, 8.183581363487839e-16, 6.661338147750939e-16, 3.469446951953614e-18]
22900494	[1.5790631651931402e-06, 1.6155651059226514e-06, 1.292731454005544, 0.6672198518382791, 0.017500494619685975]	[1.4567584785677098e-06, 1.4713748338714837e-06, 0.17116151894922002, 0.018368926913653234, 0.000597818110258622]
311380778	[-4.760641545485518e-06, -4.67164779071317e-06, 0.985128713855211, 0.7316722608771912, 0.0760727114674483]	[6.991186907653974e-06, 6.94523172641964e-06, 0.38414849845084714, 0.05623757518838209, 0.05883956923430611]
474708096	[-7.895102087394769e-07, -7.685166477262516e-07, 0.8620165579933599, 0.6775172773793597, 0.055467073575232846]	[2.582869036583542e-06, 2.601214669910347e-06, 0.447396305786367, 0.016575455069279346, 0.03796893217927326]
4376048613	[-1.6783478196834275e-06, -1.6745290429964465e-06, 0.9100026625029691, 0.6261456825856254, 0.01883725655240473]	[7.335520501646285e-22, 7.335520501646285e-22, 8.183581363487839e-16, 6.661338147750939e-16, 3.469446951953614e-18]
818479808837455873	[2.2305453621684538e-06, 2.273583935706471e-06, 1.369277212306059, 0.6754346856888097, 0.01723314223314222]	[1.8940232492426094e-22, 9.470116246213047e-22, 6.040266291023252e-16, 1.1102230246251565e-16, 1.3877787807814457e-17]
756914316566224896	[-4.760641545485518e-06, -4.67164779071317e-06, 0.985128713855211, 0.7316722608771912, 0.0760727114674483]	[6.991186907653974e-06, 6.94523172641964e-06, 0.38414849845084714, 0.05623757518838209, 0.05883956923430611]
849608792098705408	[2.2305453621684538e-06, 2.273583935706471e-06, 1.369277212306059, 0.6754346856888097, 0.01723314223314222]	[1.8940232492426094e-22, 9.470116246213047e-22, 6.040266291023252e-16, 1.1102230246251565e-16, 1.3877787807814457e-17]
886794351459827713	[2.2305453621684538e-06, 2.273583935706471e-06, 1.369277212306059, 0.6754346856888097, 0.01723314223314222]	[1.8940232492426094e-22, 9.470116246213047e-22, 6.040266291023252e-16, 1.1102230246251565e-16, 1.3877787807814457e-17]
