892926801860677632	[-4.887717734664052e-12, 0.0, 0.003780013209195027, 0.6261456825856248, 0.018837256552404726]	[8.077935669463161e-28, 0.0, 8.673617379884035e-19, 0.0, 0.0]
890502281887612928	[8.094299246530621e-05, 0.0, 0.00346967328289833, 0.6754346856888097, 0.017233142233142235]	[0.0, 0.0, 8.673617379884035e-19, 1.1102230246251565e-16, 0.0]
3398737828	[-4.887717734664052e-12, 0.0, 0.003780013209195027, 0.6261456825856248, 0.018837256552404726]	[8.077935669463161e-28, 0.0, 8.673617379884035e-19, 0.0, 0.0]
1664655710	[-4.887717734664052e-12, 0.0, 0.003780013209195027, 0.6261456825856248, 0.018837256552404726]	[8.077935669463161e-28, 0.0, 8.673617379884035e-19, 0.0, 0.0]
909435307304607744	[8.094299246530621e-05, 0.0, 0.00346967328289833, 0.6754346856888097, 0.017233142233142235]	[0.0, 0.0, 8.673617379884035e-19, 1.1102230246251565e-16, 0.0]
222496251	[2.6980975669214677e-05, 0.0, 0.014501188883290776, 0.7547247990910189, 0.16539131447800182]	[3.815690800301872e-05, 0.0, 0.009989449997895618, 0.05631413923914532, 0.13514321647533592]
1028440310	[8.094299246530621e-05, 0.0, 0.00346967328289833, 0.6754346856888097, 0.017233142233142235]	[0.0, 0.0, 8.673617379884035e-19, 1.1102230246251565e-16, 0.0]
20447568	[-4.887717734664052e-12, 0.0, 0.003780013209195027, 0.6261456825856248, 0.018837256552404726]	[8.077935669463161e-28, 0.0, 8.673617379884035e-19, 0.0, 0.0]
3356627800	[-4.887717734664052e-12, 0.0, 0.003780013209195027, 0.6261456825856248, 0.018837256552404726]	[8.077935669463161e-28, 0.0, 8.673617379884035e-19, 0.0, 0.0]
19590930	[8.094299246530621e-05, 0.0, 0.00346967328289833, 0.6754346856888097, 0.017233142233142235]	[0.0, 0.0, 8.673617379884035e-19, 1.1102230246251565e-16, 0.0]
245957521	[-1.9365520790150944e-11, 0.0, 0.01604643462231514, 0.43132530120481943, 0.09465891062929668]	[3.2311742677852644e-27, 0.0, 3.469446951953614e-18, 1.6653345369377348e-16, 1.3877787807814457e-17]
1631211283	[1.1563269828837702e-05, 0.0, 0.01226288240160983, 0.6844344414907432, 0.15059854418115798]	[2.832415315919976e-05, 0.0, 0.012598554130887596, 0.05234606302171802, 0.26288802505145703]
223782598	[8.094299246530621e-05, 0.0, 0.00346967328289833, 0.6754346856888097, 0.017233142233142235]	[0.0, 0.0, 8.673617379884035e-19, 1.1102230246251565e-16, 0.0]
2906686402	[8.094299246530621e-05, 0.0, 0.00346967328289833, 0.6754346856888097, 0.017233142233142235]	[0.0, 0.0, 8.673617379884035e-19, 1.1102230246251565e-16, 0.0]
359850032	[8.094299246530621e-05, 0.0, 0.00346967328289833, 0.6754346856888097, 0.017233142233142235]	[0.0, 0.0, 8.673617379884035e-19, 1.1102230246251565e-16, 0.0]
845781575170244610	[2.6980985298929088e-05, 0.0, 0.006541266326268118, 0.6964967347800025, 0.056994226495767124]	[3.8156901193783916e-05, 0.0, 0.004126390550752429, 0.06769843805047497, 0.05510027630978931]
857912957346471936	[-4.887717734664052e-12, 0.0, 0.003780013209195027, 0.6261456825856248, 0.018837256552404726]	[8.077935669463161e-28, 0.0, 8.673617379884035e-19, 0.0, 0.0]
791162759228624896	[2.0235739913802413e-05, 0.0, 0.007596601534226172, 0.66930244352883, 0.055734425961776614]	[3.50493486023735e-05, 0.0, 0.003973273556962094, 0.02542399410292536, 0.03770349230170449]
1274709210	[2.023573052998157e-05, 0.0, 0.011820894964766838, 0.72258001996467, 0.12875279999660255]	[3.504935402012666e-05, 0.0, 0.009818032385074506, 0.07401568876886554, 0.13313492760987153]
26203837	[8.094299246530621e-05, 0.0, 0.00346967328289833, 0.6754346856888097, 0.017233142233142235]	[0.0, 0.0, 8.673617379884035e-19, 1.1102230246251565e-16, 0.0]
741963075985760256	[-4.887717734664052e-12, 0.0, 0.003780013209195027, 0.6261456825856248, 0.018837256552404726]	[8.077935669463161e-28, 0.0, 8.673617379884035e-19, 0.0, 0.0]
36327895	[8.094299246530621e-05, 0.0, 0.00346967328289833, 0.6754346856888097, 0.017233142233142235]	[0.0, 0.0, 8.673617379884035e-19, 1.1102230246251565e-16, 0.0]
422684232	[-9.424453570615713e-12, 0.0, 0.007674186515800346, 0.6569801927530339, 0.05613545454159223]	[4.5367358359516596e-12, 0.0, 0.0038941733066053153, 0.03083451016740918, 0.03729819798918752]
800434576350789632	[4.04714803922525e-05, 0.0, 0.007921892884804663, 0.7316722608771917, 0.07607271146744832]	[4.047151207305374e-05, 0.0, 0.004452219601906334, 0.05623757518838206, 0.05883956923430607]
2862964321	[8.094299246530621e-05, 0.0, 0.00346967328289833, 0.6754346856888097, 0.017233142233142235]	[0.0, 0.0, 8.673617379884035e-19, 1.1102230246251565e-16, 0.0]
777573276692451328	[-9.424453570615713e-12, 0.0, 0.007674186515800346, 0.6569801927530339, 0.05613545454159223]	[4.5367358359516596e-12, 0.0, 0.0038941733066053153, 0.03083451016740918, 0.03729819798918752]
560467206	[8.094299246530621e-05, 0.0, 0.00346967328289833, 0.6754346856888097, 0.017233142233142235]	[0.0, 0.0, 8.673617379884035e-19, 1.1102230246251565e-16, 0.0]
862688770205863937	[8.094299246530621e-05, 0.0, 0.00346967328289833, 0.6754346856888097, 0.017233142233142235]	[0.0, 0.0, 8.673617379884035e-19, 1.1102230246251565e-16, 0.0]
474013625	[8.094299246530621e-05, 0.0, 0.00346967328289833, 0.6754346856888097, 0.017233142233142235]	[0.0, 0.0, 8.673617379884035e-19, 1.1102230246251565e-16, 0.0]
801355099796803584	[9.250609247347045e-06, 0.0, 0.015521621137754562, 0.7099917188779163, 0.2254810259922304]	[2.575266428176656e-05, 0.0, 0.01272223844630668, 0.06453342362276368, 0.3057476770655134]
21422783	[4.0471493788794236e-05, 0.0, 0.003624843246046678, 0.6507901841372172, 0.018035199392773482]	[4.0471498676511976e-05, 0.0, 0.00015516996314834743, 0.02464450155159242, 0.0008020571596312458]
39475170	[9.250609107697968e-06, 0.0, 0.015342262097340464, 0.7077135282963292, 0.18928453944474807]	[2.5752664331929894e-05, 0.0, 0.012841696546525158, 0.06602841646675262, 0.24753689803845905]
875915736300040192	[-4.887717734664052e-12, 0.0, 0.003780013209195027, 0.6261456825856248, 0.018837256552404726]	[8.077935669463161e-28, 0.0, 8.673617379884035e-19, 0.0, 0.0]
884586449831686145	[8.094299246530621e-05, 0.0, 0.00346967328289833, 0.6754346856888097, 0.017233142233142235]	[0.0, 0.0, 8.673617379884035e-19, 1.1102230246251565e-16, 0.0]
288567673	[-1.9365520790150944e-11, 0.0, 0.01604643462231514, 0.43132530120481943, 0.09465891062929668]	[3.2311742677852644e-27, 0.0, 3.469446951953614e-18, 1.6653345369377348e-16, 1.3877787807814457e-17]
1156991923	[8.094299246530621e-05, 0.0, 0.00346967328289833, 0.6754346856888097, 0.017233142233142235]	[0.0, 0.0, 8.673617379884035e-19, 1.1102230246251565e-16, 0.0]
2173684107	[-4.887717734664052e-12, 0.0, 0.003780013209195027, 0.6261456825856248, 0.018837256552404726]	[8.077935669463161e-28, 0.0, 8.673617379884035e-19, 0.0, 0.0]
22900494	[4.0471493788794236e-05, 0.0, 0.003624843246046678, 0.6507901841372172, 0.018035199392773482]	[4.0471498676511976e-05, 0.0, 0.00015516996314834743, 0.02464450155159242, 0.0008020571596312458]
311380778	[4.04714803922525e-05, 0.0, 0.007921892884804663, 0.7316722608771917, 0.07607271146744832]	[4.047151207305374e-05, 0.0, 0.004452219601906334, 0.05623757518838206, 0.05883956923430607]
474708096	[2.0235739913802413e-05, 0.0, 0.007596601534226172, 0.66930244352883, 0.055734425961776614]	[3.50493486023735e-05, 0.0, 0.003973273556962094, 0.02542399410292536, 0.03770349230170449]
4376048613	[-4.887717734664052e-12, 0.0, 0.003780013209195027, 0.6261456825856248, 0.018837256552404726]	[8.077935669463161e-28, 0.0, 8.673617379884035e-19, 0.0, 0.0]
818479808837455873	[8.094299246530621e-05, 0.0, 0.00346967328289833, 0.6754346856888097, 0.017233142233142235]	[0.0, 0.0, 8.673617379884035e-19, 1.1102230246251565e-16, 0.0]
756914316566224896	[4.04714803922525e-05, 0.0, 0.007921892884804663, 0.7316722608771917, 0.07607271146744832]	[4.047151207305374e-05, 0.0, 0.004452219601906334, 0.05623757518838206, 0.05883956923430607]
849608792098705408	[8.094299246530621e-05, 0.0, 0.00346967328289833, 0.6754346856888097, 0.017233142233142235]	[0.0, 0.0, 8.673617379884035e-19, 1.1102230246251565e-16, 0.0]
886794351459827713	[8.094299246530621e-05, 0.0, 0.00346967328289833, 0.6754346856888097, 0.017233142233142235]	[0.0, 0.0, 8.673617379884035e-19, 1.1102230246251565e-16, 0.0]
