892926801860677632	[-8.535454589573613e-09, 1.5330190094409099e-12, 0.0038023564992041635, 0.6261456825856248, 0.018837256552404726]	[0.0, 2.0194839173657902e-28, 8.673617379884035e-19, 0.0, 0.0]
890502281887612928	[3.664603248321944e-08, 0.0, 0.0033671396525082335, 0.6754346856888097, 0.017233142233142235]	[0.0, 0.0, 0.0, 1.1102230246251565e-16, 0.0]
3398737828	[-8.535454589573613e-09, 1.5330190094409099e-12, 0.0038023564992041635, 0.6261456825856248, 0.018837256552404726]	[0.0, 2.0194839173657902e-28, 8.673617379884035e-19, 0.0, 0.0]
1664655710	[-8.535454589573613e-09, 1.5330190094409099e-12, 0.0038023564992041635, 0.6261456825856248, 0.018837256552404726]	[0.0, 2.0194839173657902e-28, 8.673617379884035e-19, 0.0, 0.0]
909435307304607744	[3.664603248321944e-08, 0.0, 0.0033671396525082335, 0.6754346856888097, 0.017233142233142235]	[0.0, 0.0, 0.0, 1.1102230246251565e-16, 0.0]
222496251	[-4.093170207754184e-08, 0.0, 0.01531188742700937, 0.7547247990910189, 0.16539131447800182]	[5.86214433894681e-08, 0.0, 0.010740922398031308, 0.05631413923914532, 0.13514321647533592]
1028440310	[3.664603248321944e-08, 0.0, 0.0033671396525082335, 0.6754346856888097, 0.017233142233142235]	[0.0, 0.0, 0.0, 1.1102230246251565e-16, 0.0]
20447568	[-8.535454589573613e-09, 1.5330190094409099e-12, 0.0038023564992041635, 0.6261456825856248, 0.018837256552404726]	[0.0, 2.0194839173657902e-28, 8.673617379884035e-19, 0.0, 0.0]
3356627800	[-8.535454589573613e-09, 1.5330190094409099e-12, 0.0038023564992041635, 0.6261456825856248, 0.018837256552404726]	[0.0, 2.0194839173657902e-28, 8.673617379884035e-19, 0.0, 0.0]
19590930	[3.664603248321944e-08, 0.0, 0.0033671396525082335, 0.6754346856888097, 0.017233142233142235]	[0.0, 0.0, 0.0, 1.1102230246251565e-16, 0.0]
245957521	[-1.3152846976289048e-08, 0.0, 0.016129445727413285, 0.43132530120481943, 0.09465891062929668]	[4.963083675318166e-24, 0.0, 3.469446951953614e-18, 1.6653345369377348e-16, 1.3877787807814457e-17]
1631211283	[-1.3272791347412653e-08, 3.8325475236022737e-13, 0.012602700957203816, 0.6844344414907432, 0.15059854418115798]	[3.4293017793582545e-08, 6.638167033301421e-13, 0.01348543331171903, 0.05234606302171802, 0.26288802505145703]
223782598	[3.664603248321944e-08, 0.0, 0.0033671396525082335, 0.6754346856888097, 0.017233142233142235]	[0.0, 0.0, 0.0, 1.1102230246251565e-16, 0.0]
2906686402	[3.664603248321944e-08, 0.0, 0.0033671396525082335, 0.6754346856888097, 0.017233142233142235]	[0.0, 0.0, 0.0, 1.1102230246251565e-16, 0.0]
359850032	[3.664603248321944e-08, 0.0, 0.0033671396525082335, 0.6754346856888097, 0.017233142233142235]	[0.0, 0.0, 0.0, 1.1102230246251565e-16, 0.0]
845781575170244610	[-8.764124608442884e-09, 5.110063364803032e-13, 0.0067756833916601915, 0.6964967347800025, 0.056994226495767124]	[3.717094383651461e-08, 7.226720915090342e-13, 0.004516160463258391, 0.06769843805047497, 0.05510027630978931]
857912957346471936	[-8.535454589573613e-09, 1.5330190094409099e-12, 0.0038023564992041635, 0.6261456825856248, 0.018837256552404726]	[0.0, 2.0194839173657902e-28, 8.673617379884035e-19, 0.0, 0.0]
791162759228624896	[1.4051036182484161e-09, 3.8325475236022737e-13, 0.007606457361617995, 0.66930244352883, 0.055734425961776614]	[2.037640880064252e-08, 6.638167033301421e-13, 0.004024651822473426, 0.02542399410292536, 0.03770349230170449]
1274709210	[-3.283264020554979e-08, 3.8325475236022737e-13, 0.012434504695058067, 0.72258001996467, 0.12875279999660255]	[5.267010184552074e-08, 6.638167033301421e-13, 0.010552893187595173, 0.07401568876886554, 0.13313492760987153]
26203837	[3.664603248321944e-08, 0.0, 0.0033671396525082335, 0.6754346856888097, 0.017233142233142235]	[0.0, 0.0, 0.0, 1.1102230246251565e-16, 0.0]
741963075985760256	[-8.535454589573613e-09, 1.5330190094409099e-12, 0.0038023564992041635, 0.6261456825856248, 0.018837256552404726]	[0.0, 2.0194839173657902e-28, 8.673617379884035e-19, 0.0, 0.0]
36327895	[3.664603248321944e-08, 0.0, 0.0033671396525082335, 0.6754346856888097, 0.017233142233142235]	[0.0, 0.0, 0.0, 1.1102230246251565e-16, 0.0]
422684232	[-9.890268149949846e-09, 7.665095047204549e-13, 0.0077152615732919766, 0.6569801927530339, 0.05613545454159223]	[1.3548135603762327e-09, 7.66509504720455e-13, 0.003912905074087817, 0.03083451016740918, 0.03729819798918752]
800434576350789632	[-8.878459617877518e-09, 0.0, 0.008262346837888207, 0.7316722608771917, 0.07607271146744832]	[4.552449210109695e-08, 0.0, 0.004895207185379973, 0.05623757518838206, 0.05883956923430607]
2862964321	[3.664603248321944e-08, 0.0, 0.0033671396525082335, 0.6754346856888097, 0.017233142233142235]	[0.0, 0.0, 0.0, 1.1102230246251565e-16, 0.0]
777573276692451328	[-9.890268149949846e-09, 7.665095047204549e-13, 0.0077152615732919766, 0.6569801927530339, 0.05613545454159223]	[1.3548135603762327e-09, 7.66509504720455e-13, 0.003912905074087817, 0.03083451016740918, 0.03729819798918752]
560467206	[3.664603248321944e-08, 0.0, 0.0033671396525082335, 0.6754346856888097, 0.017233142233142235]	[0.0, 0.0, 0.0, 1.1102230246251565e-16, 0.0]
862688770205863937	[3.664603248321944e-08, 0.0, 0.0033671396525082335, 0.6754346856888097, 0.017233142233142235]	[0.0, 0.0, 0.0, 1.1102230246251565e-16, 0.0]
474013625	[3.664603248321944e-08, 0.0, 0.0033671396525082335, 0.6754346856888097, 0.017233142233142235]	[0.0, 0.0, 0.0, 1.1102230246251565e-16, 0.0]
801355099796803584	[-3.236481412147161e-08, 2.628032587612988e-13, 0.01585573937831436, 0.7099917188779163, 0.2254810259922304]	[4.767170187539839e-08, 5.777688453079922e-13, 0.013918744439761311, 0.06453342362276368, 0.3057476770655134]
21422783	[1.4055288946822911e-08, 7.665095047204547e-13, 0.003584748075856198, 0.6507901841372172, 0.018035199392773482]	[2.259074353639653e-08, 7.665095047204549e-13, 0.00021760842334796453, 0.02464450155159242, 0.0008020571596312458]
39475170	[-3.162587047730422e-08, 3.066038018881819e-13, 0.015964354486813395, 0.7077135282963292, 0.18928453944474807]	[4.7834620409333445e-08, 6.132076037763641e-13, 0.0138089965999128, 0.06602841646675262, 0.24753689803845905]
875915736300040192	[-8.535454589573613e-09, 1.5330190094409099e-12, 0.0038023564992041635, 0.6261456825856248, 0.018837256552404726]	[0.0, 2.0194839173657902e-28, 8.673617379884035e-19, 0.0, 0.0]
884586449831686145	[3.664603248321944e-08, 0.0, 0.0033671396525082335, 0.6754346856888097, 0.017233142233142235]	[0.0, 0.0, 0.0, 1.1102230246251565e-16, 0.0]
288567673	[-1.3152846976289048e-08, 0.0, 0.016129445727413285, 0.43132530120481943, 0.09465891062929668]	[4.963083675318166e-24, 0.0, 3.469446951953614e-18, 1.6653345369377348e-16, 1.3877787807814457e-17]
1156991923	[3.664603248321944e-08, 0.0, 0.0033671396525082335, 0.6754346856888097, 0.017233142233142235]	[0.0, 0.0, 0.0, 1.1102230246251565e-16, 0.0]
2173684107	[-8.535454589573613e-09, 1.5330190094409099e-12, 0.0038023564992041635, 0.6261456825856248, 0.018837256552404726]	[0.0, 2.0194839173657902e-28, 8.673617379884035e-19, 0.0, 0.0]
22900494	[1.4055288946822911e-08, 7.665095047204547e-13, 0.003584748075856198, 0.6507901841372172, 0.018035199392773482]	[2.259074353639653e-08, 7.665095047204549e-13, 0.00021760842334796453, 0.02464450155159242, 0.0008020571596312458]
311380778	[-8.878459617877518e-09, 0.0, 0.008262346837888207, 0.7316722608771917, 0.07607271146744832]	[4.552449210109695e-08, 0.0, 0.004895207185379973, 0.05623757518838206, 0.05883956923430607]
474708096	[1.4051036182484161e-09, 3.8325475236022737e-13, 0.007606457361617995, 0.66930244352883, 0.055734425961776614]	[2.037640880064252e-08, 6.638167033301421e-13, 0.004024651822473426, 0.02542399410292536, 0.03770349230170449]
4376048613	[-8.535454589573613e-09, 1.5330190094409099e-12, 0.0038023564992041635, 0.6261456825856248, 0.018837256552404726]	[0.0, 2.0194839173657902e-28, 8.673617379884035e-19, 0.0, 0.0]
818479808837455873	[3.664603248321944e-08, 0.0, 0.0033671396525082335, 0.6754346856888097, 0.017233142233142235]	[0.0, 0.0, 0.0, 1.1102230246251565e-16, 0.0]
756914316566224896	[-8.878459617877518e-09, 0.0, 0.008262346837888207, 0.7316722608771917, 0.07607271146744832]	[4.552449210109695e-08, 0.0, 0.004895207185379973, 0.05623757518838206, 0.05883956923430607]
849608792098705408	[3.664603248321944e-08, 0.0, 0.0033671396525082335, 0.6754346856888097, 0.017233142233142235]	[0.0, 0.0, 0.0, 1.1102230246251565e-16, 0.0]
886794351459827713	[3.664603248321944e-08, 0.0, 0.0033671396525082335, 0.6754346856888097, 0.017233142233142235]	[0.0, 0.0, 0.0, 1.1102230246251565e-16, 0.0]
