892926801860677632	[-0.0042764107839890885, -0.0031440101364913135, -0.29076178461436974, 0.6261456825856248, 0.018837256552404726]	[1.3908730516925975e-18, 5.795304382052489e-19, 3.634057891876858e-17, 0.0, 0.0]
890502281887612928	[0.01020347455094896, 0.007333908760434616, -0.22929626061643013, 0.6754346856888097, 0.017233142233142235]	[2.3640296105036334e-18, 1.1820148052518167e-18, 7.989419316444529e-17, 1.1102230246251565e-16, 0.0]
3398737828	[-0.004276410783989089, -0.0031440101364913135, -0.29076178461436974, 0.6261456825856248, 0.018837256552404726]	[1.5550433458286134e-18, 7.144931096838367e-19, 4.450793765416312e-17, 0.0, 0.0]
1664655710	[-0.0042764107839890885, -0.0031440101364913135, -0.29076178461436974, 0.6261456825856248, 0.018837256552404726]	[8.673617379884035e-19, 0.0, 0.0, 0.0, 0.0]
909435307304607744	[0.010203474550948959, 0.007333908760434616, -0.22929626061643021, 0.6754346856888097, 0.017233142233142235]	[0.0, 8.673617379884035e-19, 2.7755575615628914e-17, 1.1102230246251565e-16, 0.0]
222496251	[-0.015810412914249783, -0.005786502375937701, -1.1389335792054158, 0.7547247990910189, 0.16539131447800182]	[0.018405098055530405, 0.009283261179228761, 0.8081227554303977, 0.05631413923914532, 0.13514321647533592]
1028440310	[0.010203474550948959, 0.007333908760434616, -0.22929626061643021, 0.6754346856888097, 0.017233142233142235]	[0.0, 8.673617379884035e-19, 2.7755575615628914e-17, 1.1102230246251565e-16, 0.0]
20447568	[-0.004276410783989089, -0.0031440101364913135, -0.2907617846143698, 0.6261456825856248, 0.018837256552404726]	[0.0, 4.336808689942018e-19, 0.0, 0.0, 0.0]
3356627800	[-0.004276410783989089, -0.0031440101364913135, -0.2907617846143698, 0.6261456825856248, 0.018837256552404726]	[0.0, 4.336808689942018e-19, 0.0, 0.0, 0.0]
19590930	[0.010203474550948959, 0.007333908760434616, -0.22929626061643021, 0.6754346856888097, 0.017233142233142235]	[0.0, 8.673617379884035e-19, 2.7755575615628914e-17, 1.1102230246251565e-16, 0.0]
245957521	[-0.0034331336387941275, -0.0034321697202558776, -1.140050579340622, 0.43132530120481943, 0.09465891062929668]	[9.052554834341173e-19, 4.636243505641992e-19, 3.9364301171037323e-16, 1.6653345369377348e-16, 1.3877787807814457e-17]
1631211283	[-0.004944081730170672, -0.0034663946884637815, -0.9420159712360289, 0.6844344414907432, 0.15059854418115798]	[0.012986249362709338, 0.00821293456007844, 1.0190170380902877, 0.05234606302171802, 0.26288802505145703]
223782598	[0.010203474550948959, 0.007333908760434616, -0.22929626061643021, 0.6754346856888097, 0.017233142233142235]	[0.0, 8.673617379884035e-19, 2.7755575615628914e-17, 1.1102230246251565e-16, 0.0]
2906686402	[0.010203474550948959, 0.007333908760434616, -0.22929626061643021, 0.6754346856888097, 0.017233142233142235]	[0.0, 8.673617379884035e-19, 2.7755575615628914e-17, 1.1102230246251565e-16, 0.0]
359850032	[0.010203474550948959, 0.007333908760434616, -0.22929626061643021, 0.6754346856888097, 0.017233142233142235]	[0.0, 8.673617379884035e-19, 2.7755575615628914e-17, 1.1102230246251565e-16, 0.0]
845781575170244610	[-0.007376305090727895, -0.0028520679089511806, -0.5048776316463176, 0.6964967347800025, 0.056994226495767124]	[0.01577241169020186, 0.00820022903155599, 0.3471762536937211, 0.06769843805047497, 0.05510027630978931]
857912957346471936	[-0.004276410783989089, -0.0031440101364913135, -0.2907617846143698, 0.6261456825856248, 0.018837256552404726]	[0.0, 4.336808689942018e-19, 0.0, 0.0, 0.0]
791162759228624896	[0.0004351405741128057, 1.1369892176272506e-06, -0.5626587824019393, 0.66930244352883, 0.055734425961776614]	[0.005709741458893079, 0.004255278850350032, 0.30340900256666936, 0.02542399410292536, 0.03770349230170449]
1274709210	[-0.012926912381684611, -0.005125879316076104, -0.9268906305576545, 0.72258001996467, 0.12875279999660255]	[0.01670342634878179, 0.008120558605970071, 0.7903691713984202, 0.07401568876886554, 0.13313492760987153]
26203837	[0.010203474550948959, 0.007333908760434616, -0.22929626061643021, 0.6754346856888097, 0.017233142233142235]	[0.0, 8.673617379884035e-19, 2.7755575615628914e-17, 1.1102230246251565e-16, 0.0]
741963075985760256	[-0.004276410783989089, -0.0031440101364913135, -0.2907617846143698, 0.6261456825856248, 0.018837256552404726]	[0.0, 4.336808689942018e-19, 0.0, 0.0, 0.0]
36327895	[0.010203474550948959, 0.007333908760434616, -0.22929626061643021, 0.6754346856888097, 0.017233142233142235]	[0.0, 8.673617379884035e-19, 2.7755575615628914e-17, 1.1102230246251565e-16, 0.0]
422684232	[-0.0031848307596217054, -0.0026183427350138545, -0.5780251634014243, 0.6569801927530339, 0.05613545454159223]	[0.0010915800243673833, 0.0005256674014774581, 0.2872633787870546, 0.03083451016740918, 0.03729819798918752]
800434576350789632	[-0.008926252244097299, -0.002706096795181114, -0.6119355551622914, 0.7316722608771917, 0.07607271146744832]	[0.019129726795046258, 0.01004000555561573, 0.3826392945458611, 0.05623757518838206, 0.05883956923430607]
2862964321	[0.010203474550948959, 0.007333908760434616, -0.22929626061643021, 0.6754346856888097, 0.017233142233142235]	[0.0, 8.673617379884035e-19, 2.7755575615628914e-17, 1.1102230246251565e-16, 0.0]
777573276692451328	[-0.0031848307596217054, -0.0026183427350138545, -0.5780251634014243, 0.6569801927530339, 0.05613545454159223]	[0.0010915800243673833, 0.0005256674014774581, 0.2872633787870546, 0.03083451016740918, 0.03729819798918752]
560467206	[0.010203474550948959, 0.007333908760434616, -0.22929626061643021, 0.6754346856888097, 0.017233142233142235]	[0.0, 8.673617379884035e-19, 2.7755575615628914e-17, 1.1102230246251565e-16, 0.0]
862688770205863937	[0.010203474550948959, 0.007333908760434616, -0.22929626061643021, 0.6754346856888097, 0.017233142233142235]	[0.0, 8.673617379884035e-19, 2.7755575615628914e-17, 1.1102230246251565e-16, 0.0]
474013625	[0.010203474550948959, 0.007333908760434616, -0.22929626061643021, 0.6754346856888097, 0.017233142233142235]	[0.0, 8.673617379884035e-19, 2.7755575615628914e-17, 1.1102230246251565e-16, 0.0]
801355099796803584	[-0.009781762771710773, -0.005105662742243011, -1.1802870214493977, 0.7099917188779163, 0.2254810259922304]	[0.015273577545228149, 0.008112330668417498, 1.0523220182205972, 0.06453342362276368, 0.3057476770655134]
21422783	[0.0029635318834799343, 0.002094949311971651, -0.2600290226154001, 0.6507901841372172, 0.018035199392773482]	[0.007239942667469025, 0.005238959448462965, 0.030732761998969776, 0.02464450155159242, 0.0008020571596312458]
39475170	[-0.009871012235047489, -0.005162578458261201, -1.1921987024471556, 0.7077135282963292, 0.18928453944474807]	[0.015231963590027311, 0.008091352964381258, 1.0397510159262544, 0.06602841646675262, 0.24753689803845905]
875915736300040192	[-0.004276410783989089, -0.0031440101364913135, -0.2907617846143698, 0.6261456825856248, 0.018837256552404726]	[0.0, 4.336808689942018e-19, 0.0, 0.0, 0.0]
884586449831686145	[0.010203474550948959, 0.007333908760434616, -0.22929626061643021, 0.6754346856888097, 0.017233142233142235]	[0.0, 8.673617379884035e-19, 2.7755575615628914e-17, 1.1102230246251565e-16, 0.0]
288567673	[-0.003433133638794127, -0.0034321697202558785, -1.140050579340622, 0.43132530120481943, 0.09465891062929668]	[8.673617379884035e-19, 4.336808689942018e-19, 2.220446049250313e-16, 1.6653345369377348e-16, 1.3877787807814457e-17]
1156991923	[0.010203474550948959, 0.007333908760434616, -0.22929626061643021, 0.6754346856888097, 0.017233142233142235]	[0.0, 8.673617379884035e-19, 2.7755575615628914e-17, 1.1102230246251565e-16, 0.0]
2173684107	[-0.004276410783989089, -0.0031440101364913135, -0.2907617846143698, 0.6261456825856248, 0.018837256552404726]	[0.0, 4.336808689942018e-19, 0.0, 0.0, 0.0]
22900494	[0.0029635318834799343, 0.002094949311971651, -0.2600290226154001, 0.6507901841372172, 0.018035199392773482]	[0.007239942667469025, 0.005238959448462965, 0.030732761998969776, 0.02464450155159242, 0.0008020571596312458]
311380778	[-0.008926252244097299, -0.002706096795181114, -0.6119355551622914, 0.7316722608771917, 0.07607271146744832]	[0.019129726795046258, 0.01004000555561573, 0.3826392945458611, 0.05623757518838206, 0.05883956923430607]
474708096	[0.0004351405741128057, 1.1369892176272506e-06, -0.5626587824019393, 0.66930244352883, 0.055734425961776614]	[0.005709741458893079, 0.004255278850350032, 0.30340900256666936, 0.02542399410292536, 0.03770349230170449]
4376048613	[-0.004276410783989089, -0.0031440101364913135, -0.2907617846143698, 0.6261456825856248, 0.018837256552404726]	[0.0, 4.336808689942018e-19, 0.0, 0.0, 0.0]
818479808837455873	[0.010203474550948959, 0.007333908760434616, -0.22929626061643021, 0.6754346856888097, 0.017233142233142235]	[0.0, 8.673617379884035e-19, 2.7755575615628914e-17, 1.1102230246251565e-16, 0.0]
756914316566224896	[-0.008926252244097299, -0.002706096795181114, -0.6119355551622914, 0.7316722608771917, 0.07607271146744832]	[0.019129726795046258, 0.01004000555561573, 0.3826392945458611, 0.05623757518838206, 0.05883956923430607]
849608792098705408	[0.010203474550948959, 0.007333908760434616, -0.22929626061643021, 0.6754346856888097, 0.017233142233142235]	[0.0, 8.673617379884035e-19, 2.7755575615628914e-17, 1.1102230246251565e-16, 0.0]
886794351459827713	[0.010203474550948959, 0.007333908760434616, -0.22929626061643021, 0.6754346856888097, 0.017233142233142235]	[0.0, 8.673617379884035e-19, 2.7755575615628914e-17, 1.1102230246251565e-16, 0.0]
