855091879003738113	[0.0010053968285247358, -4.817419326954332e-06, 0.0008533575983501372, 0.8515623794194129, 0.005248145654015881]	[0.0002560440007877401, 3.912448722686268e-06, 7.870954812334182e-05, 0.001254261852312638, 0.005343385911450249]
1524084713178431488	[0.0008031622124316729, -8.011892744430742e-06, 0.0008031622124316729, 0.8512756741418306, 0.0009453091059479099]	[0.0, 0.0, 0.0, 0.0, 1.0842021724855044e-19]
1257959303945900032	[0.0008688386268400877, -6.465211469027234e-06, 0.0008273423847931516, 0.8476393071151632, 0.0020638049531804064]	[0.00013135282881682957, 3.0933625508070155e-06, 4.8360344722957195e-05, 0.007272734053334817, 0.002236991694464993]
1530832682095190018	[0.0008031622124316729, -8.011892744430742e-06, 0.0008031622124316729, 0.8512756741418306, 0.0009453091059479099]	[0.0, 0.0, 0.0, 0.0, 1.0842021724855044e-19]
3295465306	[0.0008191393780366161, -9.521092882238614e-06, 0.000798516004985207, 0.8501077733560176, 0.0013183603506069193]	[3.1954331209886394e-05, 3.018400275615743e-06, 9.292414892931753e-06, 0.0023358015716258506, 0.0007461024893180192]
1552006530374852608	[0.0008031622124316729, -8.011892744430742e-06, 0.0008031622124316729, 0.8512756741418306, 0.0009453091059479099]	[0.0, 0.0, 0.0, 0.0, 1.0842021724855044e-19]
975175578365190144	[0.0008031622124316729, -8.011892744430742e-06, 0.0008031622124316729, 0.8512756741418306, 0.0009453091059479099]	[0.0, 0.0, 0.0, 0.0, 1.0842021724855044e-19]
1512708407329198084	[0.0010506851067678324, -4.9030114484496825e-06, 0.0010260984754231325, 0.8529432181744845, 0.003079636043160786]	[0.00038467336042611184, 3.807743986125877e-06, 0.0003469766645081894, 0.005744713391354091, 0.0032256119113561943]
1470797296921034752	[0.0008031622124316729, -8.011892744430742e-06, 0.0008031622124316729, 0.8512756741418306, 0.0009453091059479099]	[0.0, 0.0, 0.0, 0.0, 1.0842021724855044e-19]
878199957500686336	[0.0008610668852550614, -9.074577080664863e-06, 0.000866410880159714, 0.850440881255242, 0.0011842871852685616]	[0.00011580934564677683, 2.1253686724682427e-06, 0.00012649733545608228, 0.0016695857731772624, 0.00047795615864130363]
1264179482648248320	[0.0008031622124316729, -8.011892744430742e-06, 0.0008031622124316729, 0.8512756741418306, 0.0009453091059479099]	[0.0, 0.0, 0.0, 0.0, 1.0842021724855044e-19]
1010300612129509376	[0.0006425297699453384, -6.409514195544593e-06, -0.013643184515768948, 0.8673219091764782, 0.07548152201003305]	[0.0003212648849726692, 3.2047570977722966e-06, 0.02889269345640124, 0.032092470069295144, 0.1490724258081703]
1217558606842859522	[0.001261082631892614, 1.857535883591659e-05, 0.0009906211871822351, 0.8479524637628273, 0.010087455769425989]	[0.00052376421926791, 2.4799984996484754e-05, 0.00022860393499099494, 0.003549378999331594, 0.010180803143344136]
1184331211721736192	[0.0008031622124316729, -8.011892744430742e-06, 0.0008031622124316729, 0.8512756741418306, 0.0009453091059479099]	[0.0, 0.0, 0.0, 0.0, 1.0842021724855044e-19]
1558953336916922368	[0.0008031622124316729, -8.011892744430742e-06, 0.0008031622124316729, 0.8512756741418306, 0.0009453091059479099]	[0.0, 0.0, 0.0, 0.0, 1.0842021724855044e-19]
1347248904895672323	[0.0010469456122835035, -2.580637368764948e-05, 0.0008115823031071837, 0.8445330955199182, 0.012401489364209109]	[0.0003008672154884858, 3.6645297726746217e-05, 0.00012757010750925286, 0.006872229226914642, 0.013934497910656098]
1405935500242915328	[0.0008031622124316729, -8.011892744430742e-06, 0.0008031622124316729, 0.8512756741418306, 0.0009453091059479099]	[0.0, 0.0, 0.0, 0.0, 1.0842021724855044e-19]
1390960631759523840	[0.0008031622124316729, -8.011892744430742e-06, 0.0008031622124316729, 0.8512756741418306, 0.0009453091059479099]	[0.0, 0.0, 0.0, 0.0, 1.0842021724855044e-19]
1267281706245128192	[0.0008031622124316729, -8.011892744430742e-06, 0.0008031622124316729, 0.8512756741418306, 0.0009453091059479099]	[0.0, 0.0, 0.0, 0.0, 1.0842021724855044e-19]
1582074009470267392	[0.001168110879324844, -2.9837694384490207e-06, 0.0010119942392120785, 0.8451611676697489, 0.005814461514022035]	[0.00041679867406235966, 2.4416337486009026e-05, 0.00027097291178702893, 0.007400700322876425, 0.006626906059382429]
1296175329556406273	[0.0008031622124316729, -8.011892744430742e-06, 0.0008031622124316729, 0.8512756741418306, 0.0009453091059479099]	[0.0, 0.0, 0.0, 0.0, 1.0842021724855044e-19]
1470403383471263745	[0.0008031622124316729, -8.011892744430742e-06, 0.0008031622124316729, 0.8512756741418306, 0.0009453091059479099]	[0.0, 0.0, 0.0, 0.0, 1.0842021724855044e-19]
1253322173403394049	[0.0007930554169481184, -1.2934504516408851e-05, 0.0007075882532203738, 0.8509701247014917, 0.0026754354330170904]	[2.021359096710906e-05, 9.845223543956222e-06, 0.00019114791842259808, 0.0006110988806777851, 0.0034602526541383607]
3141533716	[0.0007599416713546279, -6.498584619703541e-06, 0.0006095659002575912, 0.8481068411863987, 0.003685626841632496]	[8.644108215408999e-05, 3.026616249454402e-06, 0.00038719262434816335, 0.0063376659108636876, 0.005480635471369172]
1599013198501388288	[0.0009056187689137329, -7.397092532658035e-06, 0.0008772941857905402, 0.8484719544196706, 0.0019697987148274915]	[0.00019915345119699706, 4.00932616018589e-06, 0.0001613848271239202, 0.0038557850000700256, 0.0015782922365655712]
952266549062139904	[0.0012175038492910882, -3.3989738094475326e-06, 0.0011455517631708209, 0.834618055352208, 0.005807821874394934]	[0.0003508281806363765, 3.7665571524964973e-06, 0.00030917189856713765, 0.01517322878401367, 0.004056981831634428]
1303185624317321216	[0.0008931445245830416, -5.1942300945213565e-05, 0.0005450019196336884, 0.8396380471199858, 0.011775809867426039]	[0.0003752667711737967, 5.447841142157149e-05, 0.0004673830224859253, 0.014255681196689537, 0.013561834978320473]
1314857412956839937	[0.0008031622124316729, -8.011892744430742e-06, 0.0008031622124316729, 0.8512756741418306, 0.0009453091059479099]	[0.0, 0.0, 0.0, 0.0, 1.0842021724855044e-19]
1343933675725996033	[0.0002912073336690012, 2.6647922412782618e-05, -0.0003620415310029993, 0.8336677954041647, 0.016874839773579654]	[0.0010480161707837905, 4.3711026360369984e-05, 0.0019927740382335896, 0.02163358081566541, 0.020312708951026038]
1545674949968420864	[0.0013656062225754276, -7.393129725356744e-05, 0.0009496369204301424, 0.8307423833611838, 0.018500264455995515]	[0.0008472192370536226, 8.563696422602585e-05, 0.0011497746359893733, 0.027781904152947717, 0.02330326999047171]
1449841497298382850	[0.0008031622124316729, -8.011892744430742e-06, 0.0008031622124316729, 0.8512756741418306, 0.0009453091059479099]	[0.0, 0.0, 0.0, 0.0, 1.0842021724855044e-19]
1586612104127451136	[0.001623137683086347, -3.4922167322008086e-06, 0.0015699210910214158, 0.8502129502536668, 0.01250915798152748]	[0.0006717663396626333, 3.690320027488202e-06, 0.000629652404204414, 0.0014514901301613144, 0.009453229345191263]
1419740808757055491	[0.0008031622124316729, -8.011892744430742e-06, 0.0008031622124316729, 0.8512756741418306, 0.0009453091059479099]	[0.0, 0.0, 0.0, 0.0, 1.0842021724855044e-19]
1567948218499239936	[0.0008031622124316729, -8.011892744430742e-06, 0.0008031622124316729, 0.8512756741418306, 0.0009453091059479099]	[0.0, 0.0, 0.0, 0.0, 1.0842021724855044e-19]
952266549062139905	[0.0008031622124316729, -8.011892744430742e-06, 0.0008031622124316729, 0.8512756741418306, 0.0009453091059479099]	[0.0, 0.0, 0.0, 0.0, 1.0842021724855044e-19]
800152580915499010	[0.0008031622124316729, -8.011892744430742e-06, 0.0008031622124316729, 0.8512756741418306, 0.0009453091059479099]	[0.0, 0.0, 0.0, 0.0, 1.0842021724855044e-19]
1394901053825556480	[0.0008031622124316729, -8.011892744430742e-06, 0.0008031622124316729, 0.8512756741418306, 0.0009453091059479099]	[0.0, 0.0, 0.0, 0.0, 1.0842021724855044e-19]
938634317294653440	[0.000840017783700388, 1.7559755918220026e-06, 0.0006799321061694252, 0.8442224630417041, 0.0046785836092051464]	[7.371114253743009e-05, 1.953573667250549e-05, 0.0002464602125244954, 0.0141064222002532, 0.0074665490065144715]
1551000216085618690	[0.0008031622124316729, -8.011892744430742e-06, 0.0008031622124316729, 0.8512756741418306, 0.0009453091059479099]	[0.0, 0.0, 0.0, 0.0, 1.0842021724855044e-19]
1524540516561559552	[0.0007768426645186774, -9.303930052412138e-06, 0.0007654084710139542, 0.8502201829006546, 0.001250176419294161]	[5.2639095825991004e-05, 2.5840746159627943e-06, 7.550748283543752e-05, 0.0021109824823520194, 0.0006097346266925022]
1295170777776619520	[0.0008031622124316729, -8.011892744430742e-06, 0.0008031622124316729, 0.8512756741418306, 0.0009453091059479099]	[0.0, 0.0, 0.0, 0.0, 1.0842021724855044e-19]
1334963880641114113	[0.000862371001983327, -1.093683990165644e-05, 0.0008312641490802201, 0.8505177041290602, 0.0018395268943835197]	[0.00011841757910330816, 5.849894314451396e-06, 5.620387329709452e-05, 0.001515940025540541, 0.0017884355768712202]
1560479529881063424	[0.0008031622124316729, -8.011892744430742e-06, 0.0008031622124316729, 0.8512756741418306, 0.0009453091059479099]	[0.0, 0.0, 0.0, 0.0, 1.0842021724855044e-19]
1286433502037245955	[0.0008031622124316729, -8.011892744430742e-06, 0.0008031622124316729, 0.8512756741418306, 0.0009453091059479099]	[0.0, 0.0, 0.0, 0.0, 1.0842021724855044e-19]
1509439556860456960	[0.0007859441728088163, -2.458891081369738e-06, 0.0006888076925378046, 0.8502747074635592, 0.0032009817616776804]	[3.3800391365501376e-05, 7.842657329230264e-06, 0.00016392469966208255, 0.004090377297172743, 0.003644944550854308]
1221958979573764096	[0.0008031622124316729, -8.011892744430742e-06, 0.0008031622124316729, 0.8512756741418306, 0.0009453091059479099]	[0.0, 0.0, 0.0, 0.0, 1.0842021724855044e-19]
1559849276699729923	[0.0008031622124316729, -8.011892744430742e-06, 0.0008031622124316729, 0.8512756741418306, 0.0009453091059479099]	[0.0, 0.0, 0.0, 0.0, 1.0842021724855044e-19]
974798197531930624	[0.0008031622124316729, -8.011892744430742e-06, 0.0008031622124316729, 0.8512756741418306, 0.0009453091059479099]	[0.0, 0.0, 0.0, 0.0, 1.0842021724855044e-19]
1471505856378273792	[0.0008031622124316729, -8.011892744430742e-06, 0.0008031622124316729, 0.8512756741418306, 0.0009453091059479099]	[0.0, 0.0, 0.0, 0.0, 1.0842021724855044e-19]
1357459209537937408	[0.0009629200274181707, -4.965739316135818e-06, 0.0008336985107488574, 0.8519808165520993, 0.00605012719358284]	[0.00028408560371940287, 3.731464973317631e-06, 0.0003791251152342823, 0.0038868171443152124, 0.007724193540907865]
1705999885	[0.0008668731084152973, -1.8806241068045727e-06, 0.0007102245854449746, 0.8058298777757414, 0.002379000525265002]	[7.935313594903787e-05, 8.820422730287373e-06, 0.0002497976711696762, 0.08463602603736066, 0.0018649738317761655]
175625853	[0.0008031622124316729, -8.011892744430742e-06, 0.0008031622124316729, 0.8512756741418306, 0.0009453091059479099]	[0.0, 0.0, 0.0, 0.0, 1.0842021724855044e-19]
1557748313948147712	[0.0008031622124316729, -8.011892744430742e-06, 0.0008031622124316729, 0.8512756741418306, 0.0009453091059479099]	[0.0, 0.0, 0.0, 0.0, 1.0842021724855044e-19]
1581248279123197953	[0.0008031622124316729, -8.011892744430742e-06, 0.0008031622124316729, 0.8512756741418306, 0.0009453091059479099]	[0.0, 0.0, 0.0, 0.0, 1.0842021724855044e-19]
390960016	[0.0008031622124316729, -8.011892744430742e-06, 0.0008031622124316729, 0.8512756741418306, 0.0009453091059479099]	[0.0, 0.0, 0.0, 0.0, 1.0842021724855044e-19]
1536055318542794752	[0.0008197233310148783, -1.288344825411727e-05, 0.0007190024833606308, 0.8491582340683385, 0.002649984135084026]	[3.312223716641074e-05, 9.743111019373058e-06, 0.0001683194581420842, 0.004234880146984299, 0.0034093500582722328]
1573532345772146688	[0.0008031622124316729, -8.011892744430742e-06, 0.0008031622124316729, 0.8512756741418306, 0.0009453091059479099]	[0.0, 0.0, 0.0, 0.0, 1.0842021724855044e-19]
1461358161453928448	[0.0009482586885026517, -4.0511573809876e-06, 0.0009355339954475194, 0.8479832315491436, 0.0020294505458932433]	[0.00021604533923972832, 1.0858664127560881e-05, 0.00020639747175143743, 0.004198930420466613, 0.0016183619518145389]
1534104823527661696	[0.0008031622124316729, -8.011892744430742e-06, 0.0008031622124316729, 0.8512756741418306, 0.0009453091059479099]	[0.0, 0.0, 0.0, 0.0, 1.0842021724855044e-19]
1432363068969734144	[0.0012587587217180393, -3.567915641932575e-06, 0.0011490876113689958, 0.8131516894877837, 0.013667189576198651]	[0.0008627516594258916, 3.631620541363406e-06, 0.0013144404131752874, 0.04540714944077701, 0.01253981771059543]
1212271430257147904	[0.0008031622124316729, -8.011892744430742e-06, 0.0008031622124316729, 0.8512756741418306, 0.0009453091059479099]	[0.0, 0.0, 0.0, 0.0, 1.0842021724855044e-19]
941038685818060800	[0.0008031622124316729, -8.011892744430742e-06, 0.0008031622124316729, 0.8512756741418306, 0.0009453091059479099]	[0.0, 0.0, 0.0, 0.0, 1.0842021724855044e-19]
285050738	[0.0008031622124316729, -8.011892744430742e-06, 0.0008031622124316729, 0.8512756741418306, 0.0009453091059479099]	[0.0, 0.0, 0.0, 0.0, 1.0842021724855044e-19]
1563911121681137669	[0.0008031622124316729, -8.011892744430742e-06, 0.0008031622124316729, 0.8512756741418306, 0.0009453091059479099]	[0.0, 0.0, 0.0, 0.0, 1.0842021724855044e-19]
1406907752065110016	[0.0009058454152531786, -7.258121976782913e-06, 0.0008917264170382435, 0.8487390562459586, 0.0021906860782868252]	[0.0001886212095466047, 3.805553351550747e-06, 0.00018465993765287713, 0.003285274856355787, 0.002071595092496227]
1567761967015772161	[0.0008031622124316729, -8.011892744430742e-06, 0.0008031622124316729, 0.8512756741418306, 0.0009453091059479099]	[0.0, 0.0, 0.0, 0.0, 1.0842021724855044e-19]
1585801883985317889	[0.0008031622124316729, -8.011892744430742e-06, 0.0008031622124316729, 0.8512756741418306, 0.0009453091059479099]	[0.0, 0.0, 0.0, 0.0, 1.0842021724855044e-19]
938384349342429184	[0.0008031622124316729, -8.011892744430742e-06, 0.0008031622124316729, 0.8512756741418306, 0.0009453091059479099]	[0.0, 0.0, 0.0, 0.0, 1.0842021724855044e-19]
1425454693275168775	[0.0008031622124316729, -8.011892744430742e-06, 0.0008031622124316729, 0.8512756741418306, 0.0009453091059479099]	[0.0, 0.0, 0.0, 0.0, 1.0842021724855044e-19]
1513648688417193984	[0.0008031622124316729, -8.011892744430742e-06, 0.0008031622124316729, 0.8512756741418306, 0.0009453091059479099]	[0.0, 0.0, 0.0, 0.0, 1.0842021724855044e-19]
1576130850844184576	[0.0008031622124316729, -8.011892744430742e-06, 0.0008031622124316729, 0.8512756741418306, 0.0009453091059479099]	[0.0, 0.0, 0.0, 0.0, 1.0842021724855044e-19]
1541974408058773504	[0.0008031622124316729, -8.011892744430742e-06, 0.0008031622124316729, 0.8512756741418306, 0.0009453091059479099]	[0.0, 0.0, 0.0, 0.0, 1.0842021724855044e-19]
1573696002644664322	[0.0008031622124316729, -8.011892744430742e-06, 0.0008031622124316729, 0.8512756741418306, 0.0009453091059479099]	[0.0, 0.0, 0.0, 0.0, 1.0842021724855044e-19]
1577959393940881408	[0.0008031622124316729, -8.011892744430742e-06, 0.0008031622124316729, 0.8512756741418306, 0.0009453091059479099]	[0.0, 0.0, 0.0, 0.0, 1.0842021724855044e-19]
1526108537293680640	[0.0008031622124316729, -8.011892744430742e-06, 0.0008031622124316729, 0.8512756741418306, 0.0009453091059479099]	[0.0, 0.0, 0.0, 0.0, 1.0842021724855044e-19]
1219459547124858888	[0.0009975636859120471, 5.830290100852899e-06, 0.0008219669302828015, 0.8492308580216102, 0.005653918273144652]	[0.0002806200300795069, 2.089507245669155e-05, 0.00026137011672398917, 0.00440029797431599, 0.005885591679152499]
4405807395	[0.0008031622124316729, -8.011892744430742e-06, 0.0008031622124316729, 0.8512756741418306, 0.0009453091059479099]	[0.0, 0.0, 0.0, 0.0, 1.0842021724855044e-19]
1424640593938944005	[0.0008031622124316729, -8.011892744430742e-06, 0.0008031622124316729, 0.8512756741418306, 0.0009453091059479099]	[0.0, 0.0, 0.0, 0.0, 1.0842021724855044e-19]
1348724621034483712	[0.0008031622124316729, -8.011892744430742e-06, 0.0008031622124316729, 0.8512756741418306, 0.0009453091059479099]	[0.0, 0.0, 0.0, 0.0, 1.0842021724855044e-19]
1597126178804039682	[0.0008031622124316729, -8.011892744430742e-06, 0.0008031622124316729, 0.8512756741418306, 0.0009453091059479099]	[0.0, 0.0, 0.0, 0.0, 1.0842021724855044e-19]
3022955977	[0.0008031622124316729, -8.011892744430742e-06, 0.0008031622124316729, 0.8512756741418306, 0.0009453091059479099]	[0.0, 0.0, 0.0, 0.0, 1.0842021724855044e-19]
1304838924188123136	[0.0008409302311037375, -9.38994925565118e-06, 0.0008291540885276748, 0.849928201691607, 0.001266157486051342]	[7.553603734412923e-05, 2.7561130224408724e-06, 5.198375219200358e-05, 0.002694944900447238, 0.0006416967602068644]
1535843539778564096	[0.0008031622124316729, -8.011892744430742e-06, 0.0008031622124316729, 0.8512756741418306, 0.0009453091059479099]	[0.0, 0.0, 0.0, 0.0, 1.0842021724855044e-19]
1307008631771148288	[0.0008031622124316729, -8.011892744430742e-06, 0.0008031622124316729, 0.8512756741418306, 0.0009453091059479099]	[0.0, 0.0, 0.0, 0.0, 1.0842021724855044e-19]
786189623944843264	[0.0008049473244817762, -1.447152499489497e-05, 0.0006893279320843442, 0.8472600457257313, 0.0029245789347692995]	[8.80002308777184e-05, 9.070037267399976e-06, 0.00023598141347026098, 0.006122388735225934, 0.002938460565661726]
1381436262633111552	[0.0008031622124316729, -8.011892744430742e-06, 0.0008031622124316729, 0.8512756741418306, 0.0009453091059479099]	[0.0, 0.0, 0.0, 0.0, 1.0842021724855044e-19]
1103457912335331328	[0.0007970972563063784, -8.435737844720575e-06, 0.0007971237731564298, 0.8509198865520231, 0.00103694082574513]	[1.2129912250588745e-05, 8.476902005796672e-07, 1.2076878550486281e-05, 0.0007115751796148207, 0.00018326343959444003]
1541974408058773512	[0.000823117068867759, -1.4819479037375458e-05, 0.0008034321669249418, 0.8513023628473932, 0.0018377136076915459]	[3.990971287217214e-05, 1.3615172585889432e-05, 5.39908986538001e-07, 5.337741112554362e-05, 0.0017848090034872722]
1241224210107658240	[0.0004873346950717811, -4.8071356466584445e-06, -0.00038788158118994965, 0.8299850715936585, 0.02096704092979585]	[0.00038684046709480256, 3.925009819552414e-06, 0.0014623397898213396, 0.028649008650330786, 0.024536402762721413]
1265631236028084224	[0.0008242256203064196, -9.136504217930683e-06, 0.0008196164621755994, 0.8508278198273832, 0.0011999793781183564]	[4.2126815749493186e-05, 2.249222946999884e-06, 3.290849948785301e-05, 0.0008957086288949867, 0.0005093405443408932]
1573022912000319488	[0.0008031622124316729, -8.011892744430742e-06, 0.0008031622124316729, 0.8512756741418306, 0.0009453091059479099]	[0.0, 0.0, 0.0, 0.0, 1.0842021724855044e-19]
1476984898477260800	[0.0008270092155160327, -9.180804675504198e-06, 0.0008160598496945934, 0.8495904131073907, 0.00120812987641364]	[4.769400616871965e-05, 2.337823862146912e-06, 2.5795274525840845e-05, 0.0033705220688798223, 0.0005256415409314605]
1603172736351670272	[0.0008031622124316729, -8.011892744430742e-06, 0.0008031622124316729, 0.8512756741418306, 0.0009453091059479099]	[0.0, 0.0, 0.0, 0.0, 1.0842021724855044e-19]
1562198318276431876	[0.0008560997068090094, -4.232475268624918e-06, 0.0008642485464086986, 0.8501289537574875, 0.0012222362551896908]	[0.00010587498875467305, 7.558834951611647e-06, 0.00012217266795405148, 0.00229344076868605, 0.0005538542984835622]
1604350270472916993	[0.0008031622124316729, -8.011892744430742e-06, 0.0008031622124316729, 0.8512756741418306, 0.0009453091059479099]	[0.0, 0.0, 0.0, 0.0, 1.0842021724855044e-19]
1176972315537694720	[0.0012651221737425059, -1.0338139520490048e-06, 0.0012219394867937796, 0.8495065616857206, 0.007293018273151158]	[0.0005370573604088326, 7.208184342776372e-06, 0.0005070976664134235, 0.0032214262576327163, 0.007660209287060912]
1308151079222345728	[0.0008031622124316729, -8.011892744430742e-06, 0.0008031622124316729, 0.8512756741418306, 0.0009453091059479099]	[0.0, 0.0, 0.0, 0.0, 1.0842021724855044e-19]
1360507235936456704	[0.0011409495381817074, 4.123921827057675e-06, 0.0010444436031973397, 0.8500770463987284, 0.0036658665246587993]	[0.00041768544865904963, 1.4883715021824856e-05, 0.0002995686593300466, 0.001750968916850005, 0.0033582904555624826]
1559593258086305792	[0.0008031622124316729, -8.011892744430742e-06, 0.0008031622124316729, 0.8512756741418306, 0.0009453091059479099]	[0.0, 0.0, 0.0, 0.0, 1.0842021724855044e-19]
1518068230341881856	[0.0008031622124316729, -8.011892744430742e-06, 0.0008031622124316729, 0.8512756741418306, 0.0009453091059479099]	[0.0, 0.0, 0.0, 0.0, 1.0842021724855044e-19]
