855091879003738113	[0.0001163106677911396, -9.799552468962595e-10, 0.00011595595673241823, 0.8515623794194129, 0.005248145654015881]	[9.430216846930198e-05, 4.401761538880381e-09, 9.473659079065614e-05, 0.001254261852312638, 0.005343385911450249]
1524084713178431488	[0.0001933080591929394, -3.305700884388809e-09, 0.0001933080591929394, 0.8512756741418306, 0.0009453091059479099]	[0.0, 0.0, 0.0, 0.0, 1.0842021724855044e-19]
1257959303945900032	[0.00015493645562222273, -4.476917876475711e-09, 0.00015489150591077846, 0.8476393071151632, 0.0020638049531804064]	[7.674320714143337e-05, 2.342433984173803e-09, 7.683310656432188e-05, 0.007272734053334817, 0.002236991694464993]
1530832682095190018	[0.0001933080591929394, -3.305700884388809e-09, 0.0001933080591929394, 0.8512756741418306, 0.0009453091059479099]	[0.0, 0.0, 0.0, 0.0, 1.0842021724855044e-19]
3295465306	[0.00015485489530834556, -4.801941805426426e-09, 0.00015483340744035153, 0.8501077733560176, 0.0013183603506069193]	[7.690632776918767e-05, 2.992481842075234e-09, 7.69493035051757e-05, 0.0023358015716258506, 0.0007461024893180192]
1552006530374852608	[0.0001933080591929394, -3.305700884388809e-09, 0.0001933080591929394, 0.8512756741418306, 0.0009453091059479099]	[0.0, 0.0, 0.0, 0.0, 1.0842021724855044e-19]
975175578365190144	[0.0001933080591929394, -3.305700884388809e-09, 0.0001933080591929394, 0.8512756741418306, 0.0009453091059479099]	[0.0, 0.0, 0.0, 0.0, 1.0842021724855044e-19]
1512708407329198084	[0.00011657156769525801, -4.926998802809459e-09, 0.00011652515406459828, 0.8529432181744845, 0.003079636043160786]	[9.398293826568959e-05, 1.997487538722673e-09, 9.403969697231962e-05, 0.005744713391354091, 0.0032256119113561943]
1470797296921034752	[0.0001933080591929394, -3.305700884388809e-09, 0.0001933080591929394, 0.8512756741418306, 0.0009453091059479099]	[0.0, 0.0, 0.0, 0.0, 1.0842021724855044e-19]
878199957500686336	[0.0001549123862717869, -4.110552875220689e-09, 0.00015491628349482511, 0.850440881255242, 0.0011842871852685616]	[7.679134584230495e-05, 1.6097039816637591e-09, 7.678355139622858e-05, 0.0016695857731772624, 0.00047795615864130363]
1264179482648248320	[0.0001933080591929394, -3.305700884388809e-09, 0.0001933080591929394, 0.8512756741418306, 0.0009453091059479099]	[0.0, 0.0, 0.0, 0.0, 1.0842021724855044e-19]
1010300612129509376	[0.00015464569389181138, -2.65449581574101e-09, -0.014131067565784177, 0.8673219091764782, 0.07548152201003305]	[7.732473060225606e-05, 1.3024101372955986e-09, 0.028648751249954234, 0.032092470069295144, 0.1490724258081703]
1217558606842859522	[7.803435377474391e-05, 3.250326929152151e-08, 7.73718050622653e-05, 0.8479524637628273, 0.010087455769425989]	[9.412060164170331e-05, 3.467444963960107e-08, 9.466277145397036e-05, 0.003549378999331594, 0.010180803143344136]
1184331211721736192	[0.0001933080591929394, -3.305700884388809e-09, 0.0001933080591929394, 0.8512756741418306, 0.0009453091059479099]	[0.0, 0.0, 0.0, 0.0, 1.0842021724855044e-19]
1558953336916922368	[0.0001933080591929394, -3.305700884388809e-09, 0.0001933080591929394, 0.8512756741418306, 0.0009453091059479099]	[0.0, 0.0, 0.0, 0.0, 1.0842021724855044e-19]
1347248904895672323	[7.797631835548539e-05, -2.5140386198803155e-08, 7.741003950832462e-05, 0.8445330955199182, 0.012401489364209109]	[9.416802410757035e-05, 4.2233814906772255e-08, 9.463149161722917e-05, 0.006872229226914642, 0.013934497910656098]
1405935500242915328	[0.0001933080591929394, -3.305700884388809e-09, 0.0001933080591929394, 0.8512756741418306, 0.0009453091059479099]	[0.0, 0.0, 0.0, 0.0, 1.0842021724855044e-19]
1390960631759523840	[0.0001933080591929394, -3.305700884388809e-09, 0.0001933080591929394, 0.8512756741418306, 0.0009453091059479099]	[0.0, 0.0, 0.0, 0.0, 1.0842021724855044e-19]
1267281706245128192	[0.0001933080591929394, -3.305700884388809e-09, 0.0001933080591929394, 0.8512756741418306, 0.0009453091059479099]	[0.0, 0.0, 0.0, 0.0, 1.0842021724855044e-19]
1582074009470267392	[7.805764049181968e-05, 9.207623474648727e-09, 7.775294028734759e-05, 0.8451611676697489, 0.005814461514022035]	[9.410182757875234e-05, 3.745947056363004e-08, 9.43521758778182e-05, 0.007400700322876425, 0.006626906059382429]
1296175329556406273	[0.0001933080591929394, -3.305700884388809e-09, 0.0001933080591929394, 0.8512756741418306, 0.0009453091059479099]	[0.0, 0.0, 0.0, 0.0, 1.0842021724855044e-19]
1470403383471263745	[0.0001933080591929394, -3.305700884388809e-09, 0.0001933080591929394, 0.8512756741418306, 0.0009453091059479099]	[0.0, 0.0, 0.0, 0.0, 1.0842021724855044e-19]
1253322173403394049	[0.00015478771565477018, -6.298192548526357e-09, 0.00015461619515397292, 0.8509701247014917, 0.0026754354330170904]	[7.704068707633843e-05, 5.984983328275096e-09, 7.738372807793295e-05, 0.0006110988806777851, 0.0034602526541383607]
3141533716	[0.00015475460398214701, -5.6308592986453916e-09, 0.00015450443890542974, 0.8481068411863987, 0.003685626841632496]	[7.710691042158476e-05, 4.650316828513164e-09, 7.760724057501931e-05, 0.0063376659108636876, 0.005480635471369172]
1599013198501388288	[0.0001164357584895824, -5.454455086381067e-09, 0.00011639591730438191, 0.8484719544196706, 0.0019697987148274915]	[9.414903904759961e-05, 2.8532305597718045e-09, 9.419779864616743e-05, 0.0038557850000700256, 0.0015782922365655712]
952266549062139904	[7.83862443610708e-05, -7.39973945494803e-09, 7.826128688994985e-05, 0.834618055352208, 0.005807821874394934]	[9.383329893142605e-05, 3.905784346246794e-09, 9.393535400906719e-05, 0.01517322878401367, 0.004056981831634428]
1303185624317321216	[0.00011629878553337185, -5.4252962354710224e-08, 0.00011561971624544787, 0.8396380471199858, 0.011775809867426039]	[9.431909515932235e-05, 6.317272647982735e-08, 9.515094839383584e-05, 0.014255681196689537, 0.013561834978320473]
1314857412956839937	[0.0001933080591929394, -3.305700884388809e-09, 0.0001933080591929394, 0.8512756741418306, 0.0009453091059479099]	[0.0, 0.0, 0.0, 0.0, 1.0842021724855044e-19]
1343933675725996033	[0.00011415550410813495, 3.628978495987705e-08, 0.00011238018900229781, 0.8336677954041647, 0.016874839773579654]	[9.698401581285942e-05, 5.003394032297919e-08, 9.922000022354097e-05, 0.02163358081566541, 0.020312708951026038]
1545674949968420864	[7.840191415599222e-05, -8.44148027760704e-08, 7.76344360795567e-05, 0.8307423833611838, 0.018500264455995515]	[9.38300576239354e-05, 1.0813654973646352e-07, 9.447691031953099e-05, 0.027781904152947717, 0.02330326999047171]
1449841497298382850	[0.0001933080591929394, -3.305700884388809e-09, 0.0001933080591929394, 0.8512756741418306, 0.0009453091059479099]	[0.0, 0.0, 0.0, 0.0, 1.0842021724855044e-19]
1586612104127451136	[7.8927093302055e-05, -7.656100300396987e-09, 7.882795392528334e-05, 0.8502129502536668, 0.01250915798152748]	[9.339168178215666e-05, 3.5916500936764484e-09, 9.347263695011902e-05, 0.0014514901301613144, 0.009453229345191263]
1419740808757055491	[0.0001933080591929394, -3.305700884388809e-09, 0.0001933080591929394, 0.8512756741418306, 0.0009453091059479099]	[0.0, 0.0, 0.0, 0.0, 1.0842021724855044e-19]
1567948218499239936	[0.0001933080591929394, -3.305700884388809e-09, 0.0001933080591929394, 0.8512756741418306, 0.0009453091059479099]	[0.0, 0.0, 0.0, 0.0, 1.0842021724855044e-19]
952266549062139905	[0.0001933080591929394, -3.305700884388809e-09, 0.0001933080591929394, 0.8512756741418306, 0.0009453091059479099]	[0.0, 0.0, 0.0, 0.0, 1.0842021724855044e-19]
800152580915499010	[0.0001933080591929394, -3.305700884388809e-09, 0.0001933080591929394, 0.8512756741418306, 0.0009453091059479099]	[0.0, 0.0, 0.0, 0.0, 1.0842021724855044e-19]
1394901053825556480	[0.0001933080591929394, -3.305700884388809e-09, 0.0001933080591929394, 0.8512756741418306, 0.0009453091059479099]	[0.0, 0.0, 0.0, 0.0, 1.0842021724855044e-19]
938634317294653440	[0.00015481955188361573, 8.096188921548408e-09, 0.00015453364445985055, 0.8442224630417041, 0.0046785836092051464]	[7.697701461864731e-05, 2.2803779611874435e-08, 7.75488294661777e-05, 0.0141064222002532, 0.0074665490065144715]
1551000216085618690	[0.0001933080591929394, -3.305700884388809e-09, 0.0001933080591929394, 0.8512756741418306, 0.0009453091059479099]	[0.0, 0.0, 0.0, 0.0, 1.0842021724855044e-19]
1524540516561559552	[0.00015482466826514357, -4.01814534876991e-09, 0.00015480832986837357, 0.8502201829006546, 0.001250176419294161]	[7.696678185559166e-05, 1.4248889287622005e-09, 7.699945864913167e-05, 0.0021109824823520194, 0.0006097346266925022]
1295170777776619520	[0.0001933080591929394, -3.305700884388809e-09, 0.0001933080591929394, 0.8512756741418306, 0.0009453091059479099]	[0.0, 0.0, 0.0, 0.0, 1.0842021724855044e-19]
1334963880641114113	[0.00015497490620375792, -5.809220989244571e-09, 0.00015493901474408428, 0.8505177041290602, 0.0018395268943835197]	[7.6666305978363e-05, 5.007040209711523e-09, 7.673808889771021e-05, 0.001515940025540541, 0.0017884355768712202]
1560479529881063424	[0.0001933080591929394, -3.305700884388809e-09, 0.0001933080591929394, 0.8512756741418306, 0.0009453091059479099]	[0.0, 0.0, 0.0, 0.0, 1.0842021724855044e-19]
1286433502037245955	[0.0001933080591929394, -3.305700884388809e-09, 0.0001933080591929394, 0.8512756741418306, 0.0009453091059479099]	[0.0, 0.0, 0.0, 0.0, 1.0842021724855044e-19]
1509439556860456960	[0.00011633315492040096, 8.882848348689881e-10, 0.00011614737766494063, 0.8502747074635592, 0.0032009817616776804]	[9.427464133456092e-05, 9.526465211958778e-09, 9.450264684266841e-05, 0.004090377297172743, 0.003644944550854308]
1221958979573764096	[0.0001933080591929394, -3.305700884388809e-09, 0.0001933080591929394, 0.8512756741418306, 0.0009453091059479099]	[0.0, 0.0, 0.0, 0.0, 1.0842021724855044e-19]
1559849276699729923	[0.0001933080591929394, -3.305700884388809e-09, 0.0001933080591929394, 0.8512756741418306, 0.0009453091059479099]	[0.0, 0.0, 0.0, 0.0, 1.0842021724855044e-19]
974798197531930624	[0.0001933080591929394, -3.305700884388809e-09, 0.0001933080591929394, 0.8512756741418306, 0.0009453091059479099]	[0.0, 0.0, 0.0, 0.0, 1.0842021724855044e-19]
1471505856378273792	[0.0001933080591929394, -3.305700884388809e-09, 0.0001933080591929394, 0.8512756741418306, 0.0009453091059479099]	[0.0, 0.0, 0.0, 0.0, 1.0842021724855044e-19]
1357459209537937408	[0.00011642794835212615, -7.3432162654785215e-09, 0.00011613918496253313, 0.8519808165520993, 0.00605012719358284]	[9.41591296510214e-05, 4.946086972453683e-09, 9.451512882514644e-05, 0.0038868171443152124, 0.007724193540907865]
1705999885	[0.00011586889584607142, 3.230215970703795e-09, 0.00011539832264589112, 0.8058298777757414, 0.002379000525265002]	[9.48476235192468e-05, 9.979358899545366e-09, 9.543271386172333e-05, 0.08463602603736066, 0.0018649738317761655]
175625853	[0.0001933080591929394, -3.305700884388809e-09, 0.0001933080591929394, 0.8512756741418306, 0.0009453091059479099]	[0.0, 0.0, 0.0, 0.0, 1.0842021724855044e-19]
1557748313948147712	[0.0001933080591929394, -3.305700884388809e-09, 0.0001933080591929394, 0.8512756741418306, 0.0009453091059479099]	[0.0, 0.0, 0.0, 0.0, 1.0842021724855044e-19]
1581248279123197953	[0.0001933080591929394, -3.305700884388809e-09, 0.0001933080591929394, 0.8512756741418306, 0.0009453091059479099]	[0.0, 0.0, 0.0, 0.0, 1.0842021724855044e-19]
390960016	[0.0001933080591929394, -3.305700884388809e-09, 0.0001933080591929394, 0.8512756741418306, 0.0009453091059479099]	[0.0, 0.0, 0.0, 0.0, 1.0842021724855044e-19]
1536055318542794752	[0.00015485925876342502, -6.451683521347635e-09, 0.00015467903100866445, 0.8491582340683385, 0.002649984135084026]	[7.689760085902874e-05, 6.2919652739176535e-09, 7.725805636854992e-05, 0.004234880146984299, 0.0034093500582722328]
1573532345772146688	[0.0001933080591929394, -3.305700884388809e-09, 0.0001933080591929394, 0.8512756741418306, 0.0009453091059479099]	[0.0, 0.0, 0.0, 0.0, 1.0842021724855044e-19]
1461358161453928448	[0.00011651318919668026, 7.246299910639302e-10, 0.00011649326650175842, 0.8479832315491436, 0.0020294505458932433]	[9.405415423653769e-05, 1.020144979359594e-08, 9.40785545583491e-05, 0.004198930420466613, 0.0016183619518145389]
1534104823527661696	[0.0001933080591929394, -3.305700884388809e-09, 0.0001933080591929394, 0.8512756741418306, 0.0009453091059479099]	[0.0, 0.0, 0.0, 0.0, 1.0842021724855044e-19]
1432363068969734144	[7.913805775295911e-05, -1.6158534477466827e-08, 7.927185852461943e-05, 0.8131516894877837, 0.013667189576198651]	[9.325719365228857e-05, 1.3083285146389133e-08, 9.321168947621203e-05, 0.04540714944077701, 0.01253981771059543]
1212271430257147904	[0.0001933080591929394, -3.305700884388809e-09, 0.0001933080591929394, 0.8512756741418306, 0.0009453091059479099]	[0.0, 0.0, 0.0, 0.0, 1.0842021724855044e-19]
941038685818060800	[0.0001933080591929394, -3.305700884388809e-09, 0.0001933080591929394, 0.8512756741418306, 0.0009453091059479099]	[0.0, 0.0, 0.0, 0.0, 1.0842021724855044e-19]
285050738	[0.0001933080591929394, -3.305700884388809e-09, 0.0001933080591929394, 0.8512756741418306, 0.0009453091059479099]	[0.0, 0.0, 0.0, 0.0, 1.0842021724855044e-19]
1563911121681137669	[0.0001933080591929394, -3.305700884388809e-09, 0.0001933080591929394, 0.8512756741418306, 0.0009453091059479099]	[0.0, 0.0, 0.0, 0.0, 1.0842021724855044e-19]
1406907752065110016	[0.00011648770796988599, -5.946090979355203e-09, 0.00011646114141779422, 0.8487390562459586, 0.0021906860782868252]	[9.408542312012083e-05, 3.863950423588863e-09, 9.411795085800994e-05, 0.003285274856355787, 0.002071595092496227]
1567761967015772161	[0.0001933080591929394, -3.305700884388809e-09, 0.0001933080591929394, 0.8512756741418306, 0.0009453091059479099]	[0.0, 0.0, 0.0, 0.0, 1.0842021724855044e-19]
1585801883985317889	[0.0001933080591929394, -3.305700884388809e-09, 0.0001933080591929394, 0.8512756741418306, 0.0009453091059479099]	[0.0, 0.0, 0.0, 0.0, 1.0842021724855044e-19]
938384349342429184	[0.0001933080591929394, -3.305700884388809e-09, 0.0001933080591929394, 0.8512756741418306, 0.0009453091059479099]	[0.0, 0.0, 0.0, 0.0, 1.0842021724855044e-19]
1425454693275168775	[0.0001933080591929394, -3.305700884388809e-09, 0.0001933080591929394, 0.8512756741418306, 0.0009453091059479099]	[0.0, 0.0, 0.0, 0.0, 1.0842021724855044e-19]
1513648688417193984	[0.0001933080591929394, -3.305700884388809e-09, 0.0001933080591929394, 0.8512756741418306, 0.0009453091059479099]	[0.0, 0.0, 0.0, 0.0, 1.0842021724855044e-19]
1576130850844184576	[0.0001933080591929394, -3.305700884388809e-09, 0.0001933080591929394, 0.8512756741418306, 0.0009453091059479099]	[0.0, 0.0, 0.0, 0.0, 1.0842021724855044e-19]
1541974408058773504	[0.0001933080591929394, -3.305700884388809e-09, 0.0001933080591929394, 0.8512756741418306, 0.0009453091059479099]	[0.0, 0.0, 0.0, 0.0, 1.0842021724855044e-19]
1573696002644664322	[0.0001933080591929394, -3.305700884388809e-09, 0.0001933080591929394, 0.8512756741418306, 0.0009453091059479099]	[0.0, 0.0, 0.0, 0.0, 1.0842021724855044e-19]
1577959393940881408	[0.0001933080591929394, -3.305700884388809e-09, 0.0001933080591929394, 0.8512756741418306, 0.0009453091059479099]	[0.0, 0.0, 0.0, 0.0, 1.0842021724855044e-19]
1526108537293680640	[0.0001933080591929394, -3.305700884388809e-09, 0.0001933080591929394, 0.8512756741418306, 0.0009453091059479099]	[0.0, 0.0, 0.0, 0.0, 1.0842021724855044e-19]
1219459547124858888	[7.799720191960309e-05, 1.553179887631952e-08, 7.765547839425216e-05, 0.8492308580216102, 0.005653918273144652]	[9.415135412776106e-05, 2.685008397552554e-08, 9.443228406945746e-05, 0.00440029797431599, 0.005885591679152499]
4405807395	[0.0001933080591929394, -3.305700884388809e-09, 0.0001933080591929394, 0.8512756741418306, 0.0009453091059479099]	[0.0, 0.0, 0.0, 0.0, 1.0842021724855044e-19]
1424640593938944005	[0.0001933080591929394, -3.305700884388809e-09, 0.0001933080591929394, 0.8512756741418306, 0.0009453091059479099]	[0.0, 0.0, 0.0, 0.0, 1.0842021724855044e-19]
1348724621034483712	[0.0001933080591929394, -3.305700884388809e-09, 0.0001933080591929394, 0.8512756741418306, 0.0009453091059479099]	[0.0, 0.0, 0.0, 0.0, 1.0842021724855044e-19]
1597126178804039682	[0.0001933080591929394, -3.305700884388809e-09, 0.0001933080591929394, 0.8512756741418306, 0.0009453091059479099]	[0.0, 0.0, 0.0, 0.0, 1.0842021724855044e-19]
3022955977	[0.0001933080591929394, -3.305700884388809e-09, 0.0001933080591929394, 0.8512756741418306, 0.0009453091059479099]	[0.0, 0.0, 0.0, 0.0, 1.0842021724855044e-19]
1304838924188123136	[0.00015485829651494027, -4.290219184702151e-09, 0.00015484373124432065, 0.849928201691607, 0.001266157486051342]	[7.689952535599822e-05, 1.969036600626684e-09, 7.692865589723749e-05, 0.002694944900447238, 0.0006416967602068644]
1535843539778564096	[0.0001933080591929394, -3.305700884388809e-09, 0.0001933080591929394, 0.8512756741418306, 0.0009453091059479099]	[0.0, 0.0, 0.0, 0.0, 1.0842021724855044e-19]
1307008631771148288	[0.0001933080591929394, -3.305700884388809e-09, 0.0001933080591929394, 0.8512756741418306, 0.0009453091059479099]	[0.0, 0.0, 0.0, 0.0, 1.0842021724855044e-19]
786189623944843264	[0.00011629462542996007, -7.379000813365056e-09, 0.00011609636621452337, 0.8472600457257313, 0.0029245789347692995]	[9.432204060093934e-05, 5.663949099635491e-09, 9.456559258537008e-05, 0.006122388735225934, 0.002938460565661726]
1381436262633111552	[0.0001933080591929394, -3.305700884388809e-09, 0.0001933080591929394, 0.8512756741418306, 0.0009453091059479099]	[0.0, 0.0, 0.0, 0.0, 1.0842021724855044e-19]
1103457912335331328	[0.00015484345969872876, -4.419483455375646e-09, 0.0001548435739981761, 0.8509198865520231, 0.00103694082574513]	[7.692919898842129e-05, 2.2275651419736735e-09, 7.692897038952658e-05, 0.0007115751796148207, 0.00018326343959444003]
1541974408058773512	[0.00015487271058910485, -1.2569363323097497e-08, 0.00015484312544697566, 0.8513023628473932, 0.0018377136076915459]	[7.687069720766908e-05, 1.8527324877417374e-08, 7.692986749192746e-05, 5.337741112554362e-05, 0.0017848090034872722]
1241224210107658240	[0.00011623153229595328, -3.830724779090048e-09, 0.00011395289010538872, 0.8299850715936585, 0.02096704092979585]	[9.439910336895313e-05, 6.466921498082681e-10, 9.720074809436207e-05, 0.028649008650330786, 0.024536402762721413]
1265631236028084224	[0.0001548569595639277, -4.552690498590023e-09, 0.00015485148632476826, 0.8508278198273832, 0.0011999793781183564]	[7.69021992580234e-05, 2.4939792284024274e-09, 7.691314573634229e-05, 0.0008957086288949867, 0.0005093405443408932]
1573022912000319488	[0.0001933080591929394, -3.305700884388809e-09, 0.0001933080591929394, 0.8512756741418306, 0.0009453091059479099]	[0.0, 0.0, 0.0, 0.0, 1.0842021724855044e-19]
1476984898477260800	[0.00015484100421762561, -4.592132641176002e-09, 0.0001548257122929004, 0.8495904131073907, 0.00120812987641364]	[7.693410995062755e-05, 2.5728635135743863e-09, 7.696469380007801e-05, 0.0033705220688798223, 0.0005256415409314605]
1603172736351670272	[0.0001933080591929394, -3.305700884388809e-09, 0.0001933080591929394, 0.8512756741418306, 0.0009453091059479099]	[0.0, 0.0, 0.0, 0.0, 1.0842021724855044e-19]
1562198318276431876	[0.00015488720496921877, -2.704234848213576e-11, 0.00015489321925165066, 0.8501289537574875, 0.0012222362551896908]	[7.684170844744125e-05, 6.557317071813346e-09, 7.682967988257749e-05, 0.00229344076868605, 0.0005538542984835622]
1604350270472916993	[0.0001933080591929394, -3.305700884388809e-09, 0.0001933080591929394, 0.8512756741418306, 0.0009453091059479099]	[0.0, 0.0, 0.0, 0.0, 1.0842021724855044e-19]
1176972315537694720	[7.844484655355346e-05, -2.3099013304110384e-09, 7.836843113267626e-05, 0.8495065616857206, 0.007293018273151158]	[9.378684775564627e-05, 8.842344316972924e-09, 9.384909570349992e-05, 0.0032214262576327163, 0.007660209287060912]
1308151079222345728	[0.0001933080591929394, -3.305700884388809e-09, 0.0001933080591929394, 0.8512756741418306, 0.0009453091059479099]	[0.0, 0.0, 0.0, 0.0, 1.0842021724855044e-19]
1360507235936456704	[0.00011670217570866803, 8.515039720814443e-09, 0.00011659136976119734, 0.8500770463987284, 0.0036658665246587993]	[9.382267966118735e-05, 1.450488525711841e-08, 9.395838305044123e-05, 0.001750968916850005, 0.0033582904555624826]
1559593258086305792	[0.0001933080591929394, -3.305700884388809e-09, 0.0001933080591929394, 0.8512756741418306, 0.0009453091059479099]	[0.0, 0.0, 0.0, 0.0, 1.0842021724855044e-19]
1518068230341881856	[0.0001933080591929394, -3.305700884388809e-09, 0.0001933080591929394, 0.8512756741418306, 0.0009453091059479099]	[0.0, 0.0, 0.0, 0.0, 1.0842021724855044e-19]
