855091879003738113	[0.00046304772435004263, -5.607921859427891e-07, 0.00036068240613116003, 0.8515623794194129, 0.005248145654015881]	[5.758644511031388e-05, 4.578836288036061e-07, 0.00017968050017352747, 0.001254261852312638, 0.005343385911450249]
1524084713178431488	[0.0005072406543414881, -9.346526033228458e-07, 0.0005072406543414881, 0.8512756741418306, 0.0009453091059479099]	[0.0, 1.0587911840678754e-22, 0.0, 0.0, 1.0842021724855044e-19]
1257959303945900032	[0.0005308934210902146, -7.477407046817143e-07, 0.0005114904036868172, 0.8476393071151632, 0.0020638049531804064]	[4.730553349745299e-05, 3.7382379728226293e-07, 8.499498690658393e-06, 0.007272734053334817, 0.002236991694464993]
1530832682095190018	[0.0005072406543414881, -9.346526033228458e-07, 0.0005072406543414881, 0.8512756741418306, 0.0009453091059479099]	[0.0, 1.0587911840678754e-22, 0.0, 0.0, 1.0842021724855044e-19]
3295465306	[0.0004911710266402162, -1.112861039860999e-06, 0.00048027398204440454, 0.8501077733560176, 0.0013183603506069193]	[3.213925540254366e-05, 3.564168730763069e-07, 5.3933344594166956e-05, 0.0023358015716258506, 0.0007461024893180192]
1552006530374852608	[0.0005072406543414881, -9.346526033228458e-07, 0.0005072406543414881, 0.8512756741418306, 0.0009453091059479099]	[0.0, 1.0587911840678754e-22, 0.0, 0.0, 1.0842021724855044e-19]
975175578365190144	[0.0005072406543414881, -9.346526033228458e-07, 0.0005072406543414881, 0.8512756741418306, 0.0009453091059479099]	[0.0, 1.0587911840678754e-22, 0.0, 0.0, 1.0842021724855044e-19]
1512708407329198084	[0.0005748341349962953, -5.608262018391864e-07, 0.0005652536561197234, 0.8529432181744845, 0.003079636043160786]	[0.000144192454152585, 4.5784196827600507e-07, 0.00013326633725254728, 0.005744713391354091, 0.0032256119113561943]
1470797296921034752	[0.0005072406543414881, -9.346526033228458e-07, 0.0005072406543414881, 0.8512756741418306, 0.0009453091059479099]	[0.0, 1.0587911840678754e-22, 0.0, 0.0, 1.0842021724855044e-19]
878199957500686336	[0.0005130984341004133, -1.0604630996342919e-06, 0.0005138319426165257, 0.850440881255242, 0.0011842871852685616]	[1.1715559517850444e-05, 2.516209926228922e-07, 1.3182576550075386e-05, 0.0016695857731772624, 0.00047795615864130363]
1264179482648248320	[0.0005072406543414881, -9.346526033228458e-07, 0.0005072406543414881, 0.8512756741418306, 0.0009453091059479099]	[0.0, 1.0587911840678754e-22, 0.0, 0.0, 1.0842021724855044e-19]
1010300612129509376	[0.00040579252347319045, -7.477220826582765e-07, -0.013879921762241093, 0.8673219091764782, 0.07548152201003305]	[0.00020289626173659522, 3.7386104132913827e-07, 0.028774324833165166, 0.032092470069295144, 0.1490724258081703]
1217558606842859522	[0.0005011988470373003, 3.3976797014588716e-07, 0.00029296869515469336, 0.8479524637628273, 0.010087455769425989]	[1.6165414772742687e-05, 1.1122616669514384e-06, 0.0002289313789831347, 0.003549378999331594, 0.010180803143344136]
1184331211721736192	[0.0005072406543414881, -9.346526033228458e-07, 0.0005072406543414881, 0.8512756741418306, 0.0009453091059479099]	[0.0, 1.0587911840678754e-22, 0.0, 0.0, 1.0842021724855044e-19]
1558953336916922368	[0.0005072406543414881, -9.346526033228458e-07, 0.0005072406543414881, 0.8512756741418306, 0.0009453091059479099]	[0.0, 1.0587911840678754e-22, 0.0, 0.0, 1.0842021724855044e-19]
1347248904895672323	[0.0004575282561900751, -2.28826949964399e-06, 0.00027545987221118585, 0.8445330955199182, 0.012401489364209109]	[6.057954700871003e-05, 2.8499353587694504e-06, 0.0002407068921297408, 0.006872229226914642, 0.013934497910656098]
1405935500242915328	[0.0005072406543414881, -9.346526033228458e-07, 0.0005072406543414881, 0.8512756741418306, 0.0009453091059479099]	[0.0, 1.0587911840678754e-22, 0.0, 0.0, 1.0842021724855044e-19]
1390960631759523840	[0.0005072406543414881, -9.346526033228458e-07, 0.0005072406543414881, 0.8512756741418306, 0.0009453091059479099]	[0.0, 1.0587911840678754e-22, 0.0, 0.0, 1.0842021724855044e-19]
1267281706245128192	[0.0005072406543414881, -9.346526033228458e-07, 0.0005072406543414881, 0.8512756741418306, 0.0009453091059479099]	[0.0, 1.0587911840678754e-22, 0.0, 0.0, 1.0842021724855044e-19]
1582074009470267392	[0.0005483724215461628, -1.0807228377280312e-06, 0.0004587651388438619, 0.8451611676697489, 0.005814461514022035]	[0.00012693745436714952, 1.5582227057637601e-06, 0.00020536717015744556, 0.007400700322876425, 0.006626906059382429]
1296175329556406273	[0.0005072406543414881, -9.346526033228458e-07, 0.0005072406543414881, 0.8512756741418306, 0.0009453091059479099]	[0.0, 1.0587911840678754e-22, 0.0, 0.0, 1.0842021724855044e-19]
1470403383471263745	[0.0005072406543414881, -9.346526033228458e-07, 0.0005072406543414881, 0.8512756741418306, 0.0009453091059479099]	[0.0, 1.0587911840678754e-22, 0.0, 0.0, 1.0842021724855044e-19]
1253322173403394049	[0.00044928021207192917, -1.513419627770295e-06, 0.00038981735603231505, 0.8509701247014917, 0.0026754354330170904]	[0.00011592088453911765, 1.1575340488948988e-06, 0.0002348465966183461, 0.0006110988806777851, 0.0034602526541383607]
3141533716	[0.0004468840057671625, -7.477518627789643e-07, 0.0003647478993380919, 0.8481068411863987, 0.003685626841632496]	[0.0001207132971486511, 3.7380148108776283e-07, 0.0002849855100067923, 0.0063376659108636876, 0.005480635471369172]
1599013198501388288	[0.000505240227413385, -8.589059565576257e-07, 0.0004934969229458991, 0.8484719544196706, 0.0019697987148274915]	[7.911069674555868e-05, 4.803512266572636e-07, 8.132243005332499e-05, 0.0038557850000700256, 0.0015782922365655712]
952266549062139904	[0.0006943312254464719, -3.739345011732707e-07, 0.0006567891379720206, 0.834618055352208, 0.005807821874394934]	[0.00016533073145044082, 4.5782441341604673e-07, 0.0001489115177499746, 0.01517322878401367, 0.004056981831634428]
1303185624317321216	[0.00044442241959445037, -4.333525504148235e-06, 0.00022996031990894314, 0.8396380471199858, 0.011775809867426039]	[0.0002220429834703718, 4.218609823453803e-06, 0.00039236550825203403, 0.014255681196689537, 0.013561834978320473]
1314857412956839937	[0.0005072406543414881, -9.346526033228458e-07, 0.0005072406543414881, 0.8512756741418306, 0.0009453091059479099]	[0.0, 1.0587911840678754e-22, 0.0, 0.0, 1.0842021724855044e-19]
1343933675725996033	[-2.5900163408009183e-05, 4.6983888314685953e-07, -0.0004925501550467438, 0.8336677954041647, 0.016874839773579654]	[0.0008857182469034769, 1.7537359341735862e-06, 0.0015745072591868525, 0.02163358081566541, 0.020312708951026038]
1545674949968420864	[0.0007595785434549227, -6.144499118805801e-06, 0.0005471435124060964, 0.8307423833611838, 0.018500264455995515]	[0.0005105173868942418, 6.689428961619112e-06, 0.0006951939761530284, 0.027781904152947717, 0.02330326999047171]
1449841497298382850	[0.0005072406543414881, -9.346526033228458e-07, 0.0005072406543414881, 0.8512756741418306, 0.0009453091059479099]	[0.0, 1.0587911840678754e-22, 0.0, 0.0, 1.0842021724855044e-19]
1586612104127451136	[0.0009191166810477465, -3.7396976806541525e-07, 0.0008865184023648508, 0.8502129502536668, 0.01250915798152748]	[0.0003376561671984598, 4.5779561799563886e-07, 0.0003111115338523438, 0.0014514901301613144, 0.009453229345191263]
1419740808757055491	[0.0005072406543414881, -9.346526033228458e-07, 0.0005072406543414881, 0.8512756741418306, 0.0009453091059479099]	[0.0, 1.0587911840678754e-22, 0.0, 0.0, 1.0842021724855044e-19]
1567948218499239936	[0.0005072406543414881, -9.346526033228458e-07, 0.0005072406543414881, 0.8512756741418306, 0.0009453091059479099]	[0.0, 1.0587911840678754e-22, 0.0, 0.0, 1.0842021724855044e-19]
952266549062139905	[0.0005072406543414881, -9.346526033228458e-07, 0.0005072406543414881, 0.8512756741418306, 0.0009453091059479099]	[0.0, 1.0587911840678754e-22, 0.0, 0.0, 1.0842021724855044e-19]
800152580915499010	[0.0005072406543414881, -9.346526033228458e-07, 0.0005072406543414881, 0.8512756741418306, 0.0009453091059479099]	[0.0, 1.0587911840678754e-22, 0.0, 0.0, 1.0842021724855044e-19]
1394901053825556480	[0.0005072406543414881, -9.346526033228458e-07, 0.0005072406543414881, 0.8512756741418306, 0.0009453091059479099]	[0.0, 1.0587911840678754e-22, 0.0, 0.0, 1.0842021724855044e-19]
938634317294653440	[0.00047129161780583496, -4.801784927647355e-07, 0.0003708569128666265, 0.8442224630417041, 0.0046785836092051464]	[7.189807307130616e-05, 9.089482211162203e-07, 0.00027276748294972306, 0.0141064222002532, 0.0074665490065144715]
1551000216085618690	[0.0005072406543414881, -9.346526033228458e-07, 0.0005072406543414881, 0.8512756741418306, 0.0009453091059479099]	[0.0, 1.0587911840678754e-22, 0.0, 0.0, 1.0842021724855044e-19]
1524540516561559552	[0.0004801992072262595, -1.0873773169427052e-06, 0.0004731759395289831, 0.8502201829006546, 0.001250176419294161]	[5.408289423045707e-05, 3.0544942723971907e-07, 6.812942962500994e-05, 0.0021109824823520194, 0.0006097346266925022]
1295170777776619520	[0.0005072406543414881, -9.346526033228458e-07, 0.0005072406543414881, 0.8512756741418306, 0.0009453091059479099]	[0.0, 1.0587911840678754e-22, 0.0, 0.0, 1.0842021724855044e-19]
1334963880641114113	[0.0005362536531738478, -1.2789967678577509e-06, 0.0005203765511146757, 0.8505177041290602, 0.0018395268943835197]	[5.802599766471947e-05, 6.886883290698104e-07, 2.62717935463752e-05, 0.001515940025540541, 0.0017884355768712202]
1560479529881063424	[0.0005072406543414881, -9.346526033228458e-07, 0.0005072406543414881, 0.8512756741418306, 0.0009453091059479099]	[0.0, 1.0587911840678754e-22, 0.0, 0.0, 1.0842021724855044e-19]
1286433502037245955	[0.0005072406543414881, -9.346526033228458e-07, 0.0005072406543414881, 0.8512756741418306, 0.0009453091059479099]	[0.0, 1.0587911840678754e-22, 0.0, 0.0, 1.0842021724855044e-19]
1509439556860456960	[0.0004294949825490893, -4.816782513779088e-07, 0.00036142692040608493, 0.8502747074635592, 0.0032009817616776804]	[0.00010993883244518786, 5.687215251040628e-07, 0.00022577914016511962, 0.004090377297172743, 0.003644944550854308]
1221958979573764096	[0.0005072406543414881, -9.346526033228458e-07, 0.0005072406543414881, 0.8512756741418306, 0.0009453091059479099]	[0.0, 1.0587911840678754e-22, 0.0, 0.0, 1.0842021724855044e-19]
1559849276699729923	[0.0005072406543414881, -9.346526033228458e-07, 0.0005072406543414881, 0.8512756741418306, 0.0009453091059479099]	[0.0, 1.0587911840678754e-22, 0.0, 0.0, 1.0842021724855044e-19]
974798197531930624	[0.0005072406543414881, -9.346526033228458e-07, 0.0005072406543414881, 0.8512756741418306, 0.0009453091059479099]	[0.0, 1.0587911840678754e-22, 0.0, 0.0, 1.0842021724855044e-19]
1471505856378273792	[0.0005072406543414881, -9.346526033228458e-07, 0.0005072406543414881, 0.8512756741418306, 0.0009453091059479099]	[0.0, 1.0587911840678754e-22, 0.0, 0.0, 1.0842021724855044e-19]
1357459209537937408	[0.0005033495517548991, -5.608490761920121e-07, 0.0004209680232874145, 0.8519808165520993, 0.00605012719358284]	[0.0001336292244218501, 4.5781395383368237e-07, 0.00026763442080129425, 0.0038868171443152124, 0.007724193540907865]
1705999885	[0.0004882835950213596, -4.649039393758623e-07, 0.0003803092822309054, 0.8058298777757414, 0.002379000525265002]	[3.477145804407058e-05, 5.949636975044945e-07, 0.00022836927691920265, 0.08463602603736066, 0.0018649738317761655]
175625853	[0.0005072406543414881, -9.346526033228458e-07, 0.0005072406543414881, 0.8512756741418306, 0.0009453091059479099]	[0.0, 1.0587911840678754e-22, 0.0, 0.0, 1.0842021724855044e-19]
1557748313948147712	[0.0005072406543414881, -9.346526033228458e-07, 0.0005072406543414881, 0.8512756741418306, 0.0009453091059479099]	[0.0, 1.0587911840678754e-22, 0.0, 0.0, 1.0842021724855044e-19]
1581248279123197953	[0.0005072406543414881, -9.346526033228458e-07, 0.0005072406543414881, 0.8512756741418306, 0.0009453091059479099]	[0.0, 1.0587911840678754e-22, 0.0, 0.0, 1.0842021724855044e-19]
390960016	[0.0005072406543414881, -9.346526033228458e-07, 0.0005072406543414881, 0.8512756741418306, 0.0009453091059479099]	[0.0, 1.0587911840678754e-22, 0.0, 0.0, 1.0842021724855044e-19]
1536055318542794752	[0.0004821775024782482, -1.5074282541778693e-06, 0.0004207640959242698, 0.8491582340683385, 0.002649984135084026]	[5.0126303726479806e-05, 1.145551301710047e-06, 0.00017295311683443652, 0.004234880146984299, 0.0034093500582722328]
1573532345772146688	[0.0005072406543414881, -9.346526033228458e-07, 0.0005072406543414881, 0.8512756741418306, 0.0009453091059479099]	[0.0, 1.0587911840678754e-22, 0.0, 0.0, 1.0842021724855044e-19]
1461358161453928448	[0.0005241503597617287, -7.636863179836828e-07, 0.0005138303158512883, 0.8479832315491436, 0.0020294505458932433]	[5.377021754116577e-05, 7.105120150590501e-07, 5.412012641069875e-05, 0.004198930420466613, 0.0016183619518145389]
1534104823527661696	[0.0005072406543414881, -9.346526033228458e-07, 0.0005072406543414881, 0.8512756741418306, 0.0009453091059479099]	[0.0, 1.0587911840678754e-22, 0.0, 0.0, 1.0842021724855044e-19]
1432363068969734144	[0.000668511457386046, -3.7399548048292626e-07, 0.0006423139689266612, 0.8131516894877837, 0.013667189576198651]	[0.0005618640155169946, 4.577746281096973e-07, 0.0009283062448996142, 0.04540714944077701, 0.01253981771059543]
1212271430257147904	[0.0005072406543414881, -9.346526033228458e-07, 0.0005072406543414881, 0.8512756741418306, 0.0009453091059479099]	[0.0, 1.0587911840678754e-22, 0.0, 0.0, 1.0842021724855044e-19]
941038685818060800	[0.0005072406543414881, -9.346526033228458e-07, 0.0005072406543414881, 0.8512756741418306, 0.0009453091059479099]	[0.0, 1.0587911840678754e-22, 0.0, 0.0, 1.0842021724855044e-19]
285050738	[0.0005072406543414881, -9.346526033228458e-07, 0.0005072406543414881, 0.8512756741418306, 0.0009453091059479099]	[0.0, 1.0587911840678754e-22, 0.0, 0.0, 1.0842021724855044e-19]
1563911121681137669	[0.0005072406543414881, -9.346526033228458e-07, 0.0005072406543414881, 0.8512756741418306, 0.0009453091059479099]	[0.0, 1.0587911840678754e-22, 0.0, 0.0, 1.0842021724855044e-19]
1406907752065110016	[0.0005250415428411454, -8.416220909337696e-07, 0.0005185753812729645, 0.8487390562459586, 0.0021906860782868252]	[8.88387447698711e-05, 4.5835794874437806e-07, 9.577101238458811e-05, 0.003285274856355787, 0.002071595092496227]
1567761967015772161	[0.0005072406543414881, -9.346526033228458e-07, 0.0005072406543414881, 0.8512756741418306, 0.0009453091059479099]	[0.0, 1.0587911840678754e-22, 0.0, 0.0, 1.0842021724855044e-19]
1585801883985317889	[0.0005072406543414881, -9.346526033228458e-07, 0.0005072406543414881, 0.8512756741418306, 0.0009453091059479099]	[0.0, 1.0587911840678754e-22, 0.0, 0.0, 1.0842021724855044e-19]
938384349342429184	[0.0005072406543414881, -9.346526033228458e-07, 0.0005072406543414881, 0.8512756741418306, 0.0009453091059479099]	[0.0, 1.0587911840678754e-22, 0.0, 0.0, 1.0842021724855044e-19]
1425454693275168775	[0.0005072406543414881, -9.346526033228458e-07, 0.0005072406543414881, 0.8512756741418306, 0.0009453091059479099]	[0.0, 1.0587911840678754e-22, 0.0, 0.0, 1.0842021724855044e-19]
1513648688417193984	[0.0005072406543414881, -9.346526033228458e-07, 0.0005072406543414881, 0.8512756741418306, 0.0009453091059479099]	[0.0, 1.0587911840678754e-22, 0.0, 0.0, 1.0842021724855044e-19]
1576130850844184576	[0.0005072406543414881, -9.346526033228458e-07, 0.0005072406543414881, 0.8512756741418306, 0.0009453091059479099]	[0.0, 1.0587911840678754e-22, 0.0, 0.0, 1.0842021724855044e-19]
1541974408058773504	[0.0005072406543414881, -9.346526033228458e-07, 0.0005072406543414881, 0.8512756741418306, 0.0009453091059479099]	[0.0, 1.0587911840678754e-22, 0.0, 0.0, 1.0842021724855044e-19]
1573696002644664322	[0.0005072406543414881, -9.346526033228458e-07, 0.0005072406543414881, 0.8512756741418306, 0.0009453091059479099]	[0.0, 1.0587911840678754e-22, 0.0, 0.0, 1.0842021724855044e-19]
1577959393940881408	[0.0005072406543414881, -9.346526033228458e-07, 0.0005072406543414881, 0.8512756741418306, 0.0009453091059479099]	[0.0, 1.0587911840678754e-22, 0.0, 0.0, 1.0842021724855044e-19]
1526108537293680640	[0.0005072406543414881, -9.346526033228458e-07, 0.0005072406543414881, 0.8512756741418306, 0.0009453091059479099]	[0.0, 1.0587911840678754e-22, 0.0, 0.0, 1.0842021724855044e-19]
1219459547124858888	[0.00048421761038452103, -3.4432122617700453e-07, 0.00036468577163970256, 0.8492308580216102, 0.005653918273144652]	[0.0001310401591962696, 1.1570337601427767e-06, 0.0002705835931129029, 0.00440029797431599, 0.005885591679152499]
4405807395	[0.0005072406543414881, -9.346526033228458e-07, 0.0005072406543414881, 0.8512756741418306, 0.0009453091059479099]	[0.0, 1.0587911840678754e-22, 0.0, 0.0, 1.0842021724855044e-19]
1424640593938944005	[0.0005072406543414881, -9.346526033228458e-07, 0.0005072406543414881, 0.8512756741418306, 0.0009453091059479099]	[0.0, 1.0587911840678754e-22, 0.0, 0.0, 1.0842021724855044e-19]
1348724621034483712	[0.0005072406543414881, -9.346526033228458e-07, 0.0005072406543414881, 0.8512756741418306, 0.0009453091059479099]	[0.0, 1.0587911840678754e-22, 0.0, 0.0, 1.0842021724855044e-19]
1597126178804039682	[0.0005072406543414881, -9.346526033228458e-07, 0.0005072406543414881, 0.8512756741418306, 0.0009453091059479099]	[0.0, 1.0587911840678754e-22, 0.0, 0.0, 1.0842021724855044e-19]
3022955977	[0.0005072406543414881, -9.346526033228458e-07, 0.0005072406543414881, 0.8512756741418306, 0.0009453091059479099]	[0.0, 1.0587911840678754e-22, 0.0, 0.0, 1.0842021724855044e-19]
1304838924188123136	[0.0004958928481128375, -1.0974715377022389e-06, 0.0004883887218893595, 0.849928201691607, 0.001266157486051342]	[2.26956124573012e-05, 3.2563786875878635e-07, 3.77038649042572e-05, 0.002694944900447238, 0.0006416967602068644]
1535843539778564096	[0.0005072406543414881, -9.346526033228458e-07, 0.0005072406543414881, 0.8512756741418306, 0.0009453091059479099]	[0.0, 1.0587911840678754e-22, 0.0, 0.0, 1.0842021724855044e-19]
1307008631771148288	[0.0005072406543414881, -9.346526033228458e-07, 0.0005072406543414881, 0.8512756741418306, 0.0009453091059479099]	[0.0, 1.0587911840678754e-22, 0.0, 0.0, 1.0842021724855044e-19]
786189623944843264	[0.0004481794531484797, -1.6948927384030068e-06, 0.0003901764190499057, 0.8472600457257313, 0.0029245789347692995]	[0.0001000236909790999, 1.0667190381440266e-06, 0.00018843507053012661, 0.006122388735225934, 0.002938460565661726]
1381436262633111552	[0.0005072406543414881, -9.346526033228458e-07, 0.0005072406543414881, 0.8512756741418306, 0.0009453091059479099]	[0.0, 1.0587911840678754e-22, 0.0, 0.0, 1.0842021724855044e-19]
1103457912335331328	[0.00048542271050307326, -9.842132774615248e-07, 0.00048542272464023367, 0.8509198865520231, 0.00103694082574513]	[4.3635887676829684e-05, 9.912134827735833e-08, 4.363585940250867e-05, 0.0007115751796148207, 0.00018326343959444003]
1541974408058773512	[0.0005131811348240437, -1.420861919447116e-06, 0.0005076495058297194, 0.8513023628473932, 0.0018377136076915459]	[1.1880960965111269e-05, 9.724186322485403e-07, 8.177029764627232e-07, 5.337741112554362e-05, 0.0017848090034872722]
1241224210107658240	[0.00030435348324064145, -5.607915619937075e-07, -0.0002975344244579996, 0.8299850715936585, 0.02096704092979585]	[0.00024848502247345106, 4.57884392980981e-07, 0.0009876533118962296, 0.028649008650330786, 0.024536402762721413]
1265631236028084224	[0.0004950575615926525, -1.067730153588415e-06, 0.0004927270093713161, 0.8508278198273832, 0.0011999793781183564]	[2.4366185497671013e-05, 2.6615510053113816e-07, 2.902728994034387e-05, 0.0008957086288949867, 0.0005093405443408932]
1573022912000319488	[0.0005072406543414881, -9.346526033228458e-07, 0.0005072406543414881, 0.8512756741418306, 0.0009453091059479099]	[0.0, 1.0587911840678754e-22, 0.0, 0.0, 1.0842021724855044e-19]
1476984898477260800	[0.0004895702831692469, -1.0729287439217297e-06, 0.00048259274066572987, 0.8495904131073907, 0.00120812987641364]	[3.534074234448239e-05, 2.7655228119776794e-07, 4.929582735151627e-05, 0.0033705220688798223, 0.0005256415409314605]
1603172736351670272	[0.0005072406543414881, -9.346526033228458e-07, 0.0005072406543414881, 0.8512756741418306, 0.0009453091059479099]	[0.0, 1.0587911840678754e-22, 0.0, 0.0, 1.0842021724855044e-19]
1562198318276431876	[0.0005048404387345551, -6.76255834543585e-07, 0.0005058174425016748, 0.8501289537574875, 0.0012222362551896908]	[4.800431213866033e-06, 5.167935375585215e-07, 2.8464236796265503e-06, 0.00229344076868605, 0.0005538542984835622]
1604350270472916993	[0.0005072406543414881, -9.346526033228458e-07, 0.0005072406543414881, 0.8512756741418306, 0.0009453091059479099]	[0.0, 1.0587911840678754e-22, 0.0, 0.0, 1.0842021724855044e-19]
1176972315537694720	[0.0007064779687714084, -2.972451183632531e-07, 0.0006804412417692224, 0.8495065616857206, 0.007293018273151158]	[0.0002916300388763356, 5.389557860228766e-07, 0.0002754395901890805, 0.0032214262576327163, 0.007660209287060912]
1308151079222345728	[0.0005072406543414881, -9.346526033228458e-07, 0.0005072406543414881, 0.8512756741418306, 0.0009453091059479099]	[0.0, 1.0587911840678754e-22, 0.0, 0.0, 1.0842021724855044e-19]
1360507235936456704	[0.0006145826345845867, -2.6760931272347333e-07, 0.0005708611091535286, 0.8500770463987284, 0.0036658665246587993]	[0.00013422770223445445, 8.173587367326805e-07, 8.131888925561948e-05, 0.001750968916850005, 0.0033582904555624826]
1559593258086305792	[0.0005072406543414881, -9.346526033228458e-07, 0.0005072406543414881, 0.8512756741418306, 0.0009453091059479099]	[0.0, 1.0587911840678754e-22, 0.0, 0.0, 1.0842021724855044e-19]
1518068230341881856	[0.0005072406543414881, -9.346526033228458e-07, 0.0005072406543414881, 0.8512756741418306, 0.0009453091059479099]	[0.0, 1.0587911840678754e-22, 0.0, 0.0, 1.0842021724855044e-19]
