855091879003738113	[0.0, -2.0504460729513292e-10, 0.0, 0.8515623794194129, 0.005248145654015881]	[0.0, 1.5008723012816056e-10, 0.0, 0.001254261852312638, 0.005343385911450249]
1524084713178431488	[0.0, -3.1180372643729285e-10, 0.0, 0.8512756741418306, 0.0009453091059479099]	[0.0, 0.0, 0.0, 0.0, 1.0842021724855044e-19]
1257959303945900032	[0.0, -3.173563405446853e-10, 0.0, 0.8476393071151632, 0.0020638049531804064]	[0.0, 1.1105228214784908e-11, 0.0, 0.007272734053334817, 0.002236991694464993]
1530832682095190018	[0.0, -3.1180372643729285e-10, 0.0, 0.8512756741418306, 0.0009453091059479099]	[0.0, 0.0, 0.0, 0.0, 1.0842021724855044e-19]
3295465306	[0.0, -3.709914681310165e-10, 0.0, 0.8501077733560176, 0.0013183603506069193]	[0.0, 1.1837548338744736e-10, 0.0, 0.0023358015716258506, 0.0007461024893180192]
1552006530374852608	[0.0, -3.1180372643729285e-10, 0.0, 0.8512756741418306, 0.0009453091059479099]	[0.0, 0.0, 0.0, 0.0, 1.0842021724855044e-19]
975175578365190144	[0.0, -3.1180372643729285e-10, 0.0, 0.8512756741418306, 0.0009453091059479099]	[0.0, 0.0, 0.0, 0.0, 1.0842021724855044e-19]
1512708407329198084	[0.0, -2.889159594513538e-10, 0.0, 0.8529432181744845, 0.003079636043160786]	[0.0, 2.857910504449218e-11, 0.0, 0.005744713391354091, 0.0032256119113561943]
1470797296921034752	[0.0, -3.1180372643729285e-10, 0.0, 0.8512756741418306, 0.0009453091059479099]	[0.0, 0.0, 0.0, 0.0, 1.0842021724855044e-19]
878199957500686336	[0.0, -3.491002363749939e-10, 0.0, 0.850440881255242, 0.0011842871852685616]	[0.0, 7.459301987540209e-11, 0.0, 0.0016695857731772624, 0.00047795615864130363]
1264179482648248320	[0.0, -3.1180372643729285e-10, 0.0, 0.8512756741418306, 0.0009453091059479099]	[0.0, 0.0, 0.0, 0.0, 1.0842021724855044e-19]
1010300612129509376	[-1.5604624460258105e-12, -2.4944996753971606e-10, -0.014285714285326262, 0.8673219091764782, 0.07548152201003305]	[3.120924892051621e-12, 1.2470751779515366e-10, 0.028571428570652525, 0.032092470069295144, 0.1490724258081703]
1217558606842859522	[0.0, 1.1053206591849183e-09, 0.0, 0.8479524637628273, 0.010087455769425989]	[0.0, 1.3410677606959384e-09, 0.0, 0.003549378999331594, 0.010180803143344136]
1184331211721736192	[0.0, -3.1180372643729285e-10, 0.0, 0.8512756741418306, 0.0009453091059479099]	[0.0, 0.0, 0.0, 0.0, 1.0842021724855044e-19]
1558953336916922368	[0.0, -3.1180372643729285e-10, 0.0, 0.8512756741418306, 0.0009453091059479099]	[0.0, 0.0, 0.0, 0.0, 1.0842021724855044e-19]
1347248904895672323	[0.0, -1.2767935401083397e-09, 0.0, 0.8445330955199182, 0.012401489364209109]	[0.0, 1.831747198076541e-09, 0.0, 0.006872229226914642, 0.013934497910656098]
1405935500242915328	[0.0, -3.1180372643729285e-10, 0.0, 0.8512756741418306, 0.0009453091059479099]	[0.0, 0.0, 0.0, 0.0, 1.0842021724855044e-19]
1390960631759523840	[0.0, -3.1180372643729285e-10, 0.0, 0.8512756741418306, 0.0009453091059479099]	[0.0, 0.0, 0.0, 0.0, 1.0842021724855044e-19]
1267281706245128192	[0.0, -3.1180372643729285e-10, 0.0, 0.8512756741418306, 0.0009453091059479099]	[0.0, 0.0, 0.0, 0.0, 1.0842021724855044e-19]
1582074009470267392	[0.0, 1.2967996892029876e-10, 0.0, 0.8451611676697489, 0.005814461514022035]	[0.0, 1.4265006875338751e-09, 0.0, 0.007400700322876425, 0.006626906059382429]
1296175329556406273	[0.0, -3.1180372643729285e-10, 0.0, 0.8512756741418306, 0.0009453091059479099]	[0.0, 0.0, 0.0, 0.0, 1.0842021724855044e-19]
1470403383471263745	[0.0, -3.1180372643729285e-10, 0.0, 0.8512756741418306, 0.0009453091059479099]	[0.0, 0.0, 0.0, 0.0, 1.0842021724855044e-19]
1253322173403394049	[0.0, -4.943306646680358e-10, 0.0, 0.8509701247014917, 0.0026754354330170904]	[0.0, 3.6505387646148596e-10, 0.0, 0.0006110988806777851, 0.0034602526541383607]
3141533716	[0.0, -3.586025276417076e-10, 0.0, 0.8481068411863987, 0.003685626841632496]	[0.0, 9.359760240882947e-11, 0.0, 0.0063376659108636876, 0.005480635471369172]
1599013198501388288	[0.0, -3.481618453405884e-10, 0.0, 0.8484719544196706, 0.0019697987148274915]	[0.0, 6.388168291471856e-11, 0.0, 0.0038557850000700256, 0.0015782922365655712]
952266549062139904	[0.0, -3.093583118188229e-10, 0.0, 0.834618055352208, 0.005807821874394934]	[0.0, 3.762048400167583e-11, 0.0, 0.01517322878401367, 0.004056981831634428]
1303185624317321216	[0.0, -2.55007606318517e-09, 0.0, 0.8396380471199858, 0.011775809867426039]	[0.0, 2.774985736087194e-09, 0.0, 0.014255681196689537, 0.013561834978320473]
1314857412956839937	[0.0, -3.1180372643729285e-10, 0.0, 0.8512756741418306, 0.0009453091059479099]	[0.0, 0.0, 0.0, 0.0, 1.0842021724855044e-19]
1343933675725996033	[0.0, 1.49590272363225e-09, 0.0, 0.8336677954041647, 0.016874839773579654]	[0.0, 2.2827114292424e-09, 0.0, 0.02163358081566541, 0.020312708951026038]
1545674949968420864	[0.0, -3.700055927360283e-09, 0.0, 0.8307423833611838, 0.018500264455995515]	[0.0, 4.455240503358356e-09, 0.0, 0.027781904152947717, 0.02330326999047171]
1449841497298382850	[0.0, -3.1180372643729285e-10, 0.0, 0.8512756741418306, 0.0009453091059479099]	[0.0, 0.0, 0.0, 0.0, 1.0842021724855044e-19]
1586612104127451136	[0.0, -3.748735231575222e-10, 0.0, 0.8502129502536668, 0.01250915798152748]	[0.0, 5.28828883552384e-11, 0.0, 0.0014514901301613144, 0.009453229345191263]
1419740808757055491	[0.0, -3.1180372643729285e-10, 0.0, 0.8512756741418306, 0.0009453091059479099]	[0.0, 0.0, 0.0, 0.0, 1.0842021724855044e-19]
1567948218499239936	[0.0, -3.1180372643729285e-10, 0.0, 0.8512756741418306, 0.0009453091059479099]	[0.0, 0.0, 0.0, 0.0, 1.0842021724855044e-19]
952266549062139905	[0.0, -3.1180372643729285e-10, 0.0, 0.8512756741418306, 0.0009453091059479099]	[0.0, 0.0, 0.0, 0.0, 1.0842021724855044e-19]
800152580915499010	[0.0, -3.1180372643729285e-10, 0.0, 0.8512756741418306, 0.0009453091059479099]	[0.0, 0.0, 0.0, 0.0, 1.0842021724855044e-19]
1394901053825556480	[0.0, -3.1180372643729285e-10, 0.0, 0.8512756741418306, 0.0009453091059479099]	[0.0, 0.0, 0.0, 0.0, 1.0842021724855044e-19]
938634317294653440	[0.0, 1.9391673822962847e-10, 0.0, 0.8442224630417041, 0.0046785836092051464]	[0.0, 1.0114409293338427e-09, 0.0, 0.0141064222002532, 0.0074665490065144715]
1551000216085618690	[0.0, -3.1180372643729285e-10, 0.0, 0.8512756741418306, 0.0009453091059479099]	[0.0, 0.0, 0.0, 0.0, 1.0842021724855044e-19]
1524540516561559552	[0.0, -3.556262756147803e-10, 0.0, 0.8502201829006546, 0.001250176419294161]	[0.0, 8.764509835497492e-11, 0.0, 0.0021109824823520194, 0.0006097346266925022]
1295170777776619520	[0.0, -3.1180372643729285e-10, 0.0, 0.8512756741418306, 0.0009453091059479099]	[0.0, 0.0, 0.0, 0.0, 1.0842021724855044e-19]
1334963880641114113	[0.0, -4.266052515104383e-10, 0.0, 0.8505177041290602, 0.0018395268943835197]	[0.0, 2.2960305014629075e-10, 0.0, 0.001515940025540541, 0.0017884355768712202]
1560479529881063424	[0.0, -3.1180372643729285e-10, 0.0, 0.8512756741418306, 0.0009453091059479099]	[0.0, 0.0, 0.0, 0.0, 1.0842021724855044e-19]
1286433502037245955	[0.0, -3.1180372643729285e-10, 0.0, 0.8512756741418306, 0.0009453091059479099]	[0.0, 0.0, 0.0, 0.0, 1.0842021724855044e-19]
1509439556860456960	[0.0, -1.0443731667858301e-10, 0.0, 0.8502747074635592, 0.0032009817616776804]	[0.0, 3.8931791990726565e-10, 0.0, 0.004090377297172743, 0.003644944550854308]
1221958979573764096	[0.0, -3.1180372643729285e-10, 0.0, 0.8512756741418306, 0.0009453091059479099]	[0.0, 0.0, 0.0, 0.0, 1.0842021724855044e-19]
1559849276699729923	[0.0, -3.1180372643729285e-10, 0.0, 0.8512756741418306, 0.0009453091059479099]	[0.0, 0.0, 0.0, 0.0, 1.0842021724855044e-19]
974798197531930624	[0.0, -3.1180372643729285e-10, 0.0, 0.8512756741418306, 0.0009453091059479099]	[0.0, 0.0, 0.0, 0.0, 1.0842021724855044e-19]
1471505856378273792	[0.0, -3.1180372643729285e-10, 0.0, 0.8512756741418306, 0.0009453091059479099]	[0.0, 0.0, 0.0, 0.0, 1.0842021724855044e-19]
1357459209537937408	[0.0, -3.5852961559249416e-10, 0.0, 0.8519808165520993, 0.00605012719358284]	[0.0, 6.240778976419026e-11, 0.0, 0.0038868171443152124, 0.007724193540907865]
1705999885	[0.0, -1.3149568893362757e-11, 0.0, 0.8058298777757414, 0.002379000525265002]	[0.0, 4.406767112582285e-10, 0.0, 0.08463602603736066, 0.0018649738317761655]
175625853	[0.0, -3.1180372643729285e-10, 0.0, 0.8512756741418306, 0.0009453091059479099]	[0.0, 0.0, 0.0, 0.0, 1.0842021724855044e-19]
1557748313948147712	[0.0, -3.1180372643729285e-10, 0.0, 0.8512756741418306, 0.0009453091059479099]	[0.0, 0.0, 0.0, 0.0, 1.0842021724855044e-19]
1581248279123197953	[0.0, -3.1180372643729285e-10, 0.0, 0.8512756741418306, 0.0009453091059479099]	[0.0, 0.0, 0.0, 0.0, 1.0842021724855044e-19]
390960016	[0.0, -3.1180372643729285e-10, 0.0, 0.8512756741418306, 0.0009453091059479099]	[0.0, 0.0, 0.0, 0.0, 1.0842021724855044e-19]
1536055318542794752	[0.0, -4.940419664861485e-10, 0.0, 0.8491582340683385, 0.002649984135084026]	[0.0, 3.644764800977111e-10, 0.0, 0.004234880146984299, 0.0034093500582722328]
1573532345772146688	[0.0, -3.1180372643729285e-10, 0.0, 0.8512756741418306, 0.0009453091059479099]	[0.0, 0.0, 0.0, 0.0, 1.0842021724855044e-19]
1461358161453928448	[0.0, -1.2134115408301104e-10, 0.0, 0.8479832315491436, 0.0020294505458932433]	[0.0, 4.827329059753813e-10, 0.0, 0.004198930420466613, 0.0016183619518145389]
1534104823527661696	[0.0, -3.1180372643729285e-10, 0.0, 0.8512756741418306, 0.0009453091059479099]	[0.0, 0.0, 0.0, 0.0, 1.0842021724855044e-19]
1432363068969734144	[0.0, -5.238648238993402e-10, 0.0, 0.8131516894877837, 0.013667189576198651]	[0.0, 2.2622451869346741e-10, 0.0, 0.04540714944077701, 0.01253981771059543]
1212271430257147904	[0.0, -3.1180372643729285e-10, 0.0, 0.8512756741418306, 0.0009453091059479099]	[0.0, 0.0, 0.0, 0.0, 1.0842021724855044e-19]
941038685818060800	[0.0, -3.1180372643729285e-10, 0.0, 0.8512756741418306, 0.0009453091059479099]	[0.0, 0.0, 0.0, 0.0, 1.0842021724855044e-19]
285050738	[0.0, -3.1180372643729285e-10, 0.0, 0.8512756741418306, 0.0009453091059479099]	[0.0, 0.0, 0.0, 0.0, 1.0842021724855044e-19]
1563911121681137669	[0.0, -3.1180372643729285e-10, 0.0, 0.8512756741418306, 0.0009453091059479099]	[0.0, 0.0, 0.0, 0.0, 1.0842021724855044e-19]
1406907752065110016	[0.0, -3.559791241085017e-10, 0.0, 0.8487390562459586, 0.0021906860782868252]	[0.0, 5.64426217238098e-11, 0.0, 0.003285274856355787, 0.002071595092496227]
1567761967015772161	[0.0, -3.1180372643729285e-10, 0.0, 0.8512756741418306, 0.0009453091059479099]	[0.0, 0.0, 0.0, 0.0, 1.0842021724855044e-19]
1585801883985317889	[0.0, -3.1180372643729285e-10, 0.0, 0.8512756741418306, 0.0009453091059479099]	[0.0, 0.0, 0.0, 0.0, 1.0842021724855044e-19]
938384349342429184	[0.0, -3.1180372643729285e-10, 0.0, 0.8512756741418306, 0.0009453091059479099]	[0.0, 0.0, 0.0, 0.0, 1.0842021724855044e-19]
1425454693275168775	[0.0, -3.1180372643729285e-10, 0.0, 0.8512756741418306, 0.0009453091059479099]	[0.0, 0.0, 0.0, 0.0, 1.0842021724855044e-19]
1513648688417193984	[0.0, -3.1180372643729285e-10, 0.0, 0.8512756741418306, 0.0009453091059479099]	[0.0, 0.0, 0.0, 0.0, 1.0842021724855044e-19]
1576130850844184576	[0.0, -3.1180372643729285e-10, 0.0, 0.8512756741418306, 0.0009453091059479099]	[0.0, 0.0, 0.0, 0.0, 1.0842021724855044e-19]
1541974408058773504	[0.0, -3.1180372643729285e-10, 0.0, 0.8512756741418306, 0.0009453091059479099]	[0.0, 0.0, 0.0, 0.0, 1.0842021724855044e-19]
1573696002644664322	[0.0, -3.1180372643729285e-10, 0.0, 0.8512756741418306, 0.0009453091059479099]	[0.0, 0.0, 0.0, 0.0, 1.0842021724855044e-19]
1577959393940881408	[0.0, -3.1180372643729285e-10, 0.0, 0.8512756741418306, 0.0009453091059479099]	[0.0, 0.0, 0.0, 0.0, 1.0842021724855044e-19]
1526108537293680640	[0.0, -3.1180372643729285e-10, 0.0, 0.8512756741418306, 0.0009453091059479099]	[0.0, 0.0, 0.0, 0.0, 1.0842021724855044e-19]
1219459547124858888	[0.0, 4.425816710843086e-10, 0.0, 0.8492308580216102, 0.005653918273144652]	[0.0, 1.0840901843598466e-09, 0.0, 0.00440029797431599, 0.005885591679152499]
4405807395	[0.0, -3.1180372643729285e-10, 0.0, 0.8512756741418306, 0.0009453091059479099]	[0.0, 0.0, 0.0, 0.0, 1.0842021724855044e-19]
1424640593938944005	[0.0, -3.1180372643729285e-10, 0.0, 0.8512756741418306, 0.0009453091059479099]	[0.0, 0.0, 0.0, 0.0, 1.0842021724855044e-19]
1348724621034483712	[0.0, -3.1180372643729285e-10, 0.0, 0.8512756741418306, 0.0009453091059479099]	[0.0, 0.0, 0.0, 0.0, 1.0842021724855044e-19]
1597126178804039682	[0.0, -3.1180372643729285e-10, 0.0, 0.8512756741418306, 0.0009453091059479099]	[0.0, 0.0, 0.0, 0.0, 1.0842021724855044e-19]
3022955977	[0.0, -3.1180372643729285e-10, 0.0, 0.8512756741418306, 0.0009453091059479099]	[0.0, 0.0, 0.0, 0.0, 1.0842021724855044e-19]
1304838924188123136	[0.0, -3.6106929594346653e-10, 0.0, 0.849928201691607, 0.001266157486051342]	[0.0, 9.853113901234744e-11, 0.0, 0.002694944900447238, 0.0006416967602068644]
1535843539778564096	[0.0, -3.1180372643729285e-10, 0.0, 0.8512756741418306, 0.0009453091059479099]	[0.0, 0.0, 0.0, 0.0, 1.0842021724855044e-19]
1307008631771148288	[0.0, -3.1180372643729285e-10, 0.0, 0.8512756741418306, 0.0009453091059479099]	[0.0, 0.0, 0.0, 0.0, 1.0842021724855044e-19]
786189623944843264	[0.0, -5.49561420908335e-10, 0.0, 0.8472600457257313, 0.0029245789347692995]	[0.0, 3.360036702583275e-10, 0.0, 0.006122388735225934, 0.002938460565661726]
1381436262633111552	[0.0, -3.1180372643729285e-10, 0.0, 0.8512756741418306, 0.0009453091059479099]	[0.0, 0.0, 0.0, 0.0, 1.0842021724855044e-19]
1103457912335331328	[0.0, -3.416994824964921e-10, 0.0, 0.8509198865520231, 0.00103694082574513]	[0.0, 5.979151211839855e-11, 0.0, 0.0007115751796148207, 0.00018326343959444003]
1541974408058773512	[0.0, -6.776864428302527e-10, 0.0, 0.8513023628473932, 0.0018377136076915459]	[0.0, 7.317654327859198e-10, 0.0, 5.337741112554362e-05, 0.0017848090034872722]
1241224210107658240	[0.0, -1.9811295354134475e-10, 0.0, 0.8299850715936585, 0.02096704092979585]	[0.0, 1.3924279735186933e-10, 0.0, 0.028649008650330786, 0.024536402762721413]
1265631236028084224	[0.0, -3.5595404564638284e-10, 0.0, 0.8508278198273832, 0.0011999793781183564]	[0.0, 8.830063841817998e-11, 0.0, 0.0008957086288949867, 0.0005093405443408932]
1573022912000319488	[0.0, -3.1180372643729285e-10, 0.0, 0.8512756741418306, 0.0009453091059479099]	[0.0, 0.0, 0.0, 0.0, 1.0842021724855044e-19]
1476984898477260800	[0.0, -3.5776121777298926e-10, 0.0, 0.8495904131073907, 0.00120812987641364]	[0.0, 9.19149826713929e-11, 0.0, 0.0033705220688798223, 0.0005256415409314605]
1603172736351670272	[0.0, -3.1180372643729285e-10, 0.0, 0.8512756741418306, 0.0009453091059479099]	[0.0, 0.0, 0.0, 0.0, 1.0842021724855044e-19]
1562198318276431876	[0.0, -1.4429390126439411e-10, 0.0, 0.8501289537574875, 0.0012222362551896908]	[0.0, 3.3501965034579747e-10, 0.0, 0.00229344076868605, 0.0005538542984835622]
1604350270472916993	[0.0, -3.1180372643729285e-10, 0.0, 0.8512756741418306, 0.0009453091059479099]	[0.0, 0.0, 0.0, 0.0, 1.0842021724855044e-19]
1176972315537694720	[0.0, -1.5722753446893538e-10, 0.0, 0.8495065616857206, 0.007293018273151158]	[0.0, 3.647206290265249e-10, 0.0, 0.0032214262576327163, 0.007660209287060912]
1308151079222345728	[0.0, -3.1180372643729285e-10, 0.0, 0.8512756741418306, 0.0009453091059479099]	[0.0, 0.0, 0.0, 0.0, 1.0842021724855044e-19]
1360507235936456704	[0.0, 2.4141963583585914e-10, 0.0, 0.8500770463987284, 0.0036658665246587993]	[0.0, 6.785845154152742e-10, 0.0, 0.001750968916850005, 0.0033582904555624826]
1559593258086305792	[0.0, -3.1180372643729285e-10, 0.0, 0.8512756741418306, 0.0009453091059479099]	[0.0, 0.0, 0.0, 0.0, 1.0842021724855044e-19]
1518068230341881856	[0.0, -3.1180372643729285e-10, 0.0, 0.8512756741418306, 0.0009453091059479099]	[0.0, 0.0, 0.0, 0.0, 1.0842021724855044e-19]
