855091879003738113	[0.002797688723464891, -7.039067421781386e-05, 0.002336675177083923, 0.8515623794194129, 0.005248145654015881]	[0.001170343148284589, 3.988047314195878e-05, 0.0006232216762186697, 0.001254261852312638, 0.005343385911450249]
1524084713178431488	[0.0018676118536654189, -7.866222135357627e-05, 0.0018676118536654189, 0.8512756741418306, 0.0009453091059479099]	[0.0, 0.0, 0.0, 0.0, 1.0842021724855044e-19]
1257959303945900032	[0.002566606777088488, -0.00010293017024590848, 0.0025316394954870377, 0.8476393071151632, 0.0020638049531804064]	[0.0013979898468461384, 4.8535897784664437e-05, 0.0013280552836432379, 0.007272734053334817, 0.002236991694464993]
1530832682095190018	[0.0018676118536654189, -7.866222135357627e-05, 0.0018676118536654189, 0.8512756741418306, 0.0009453091059479099]	[0.0, 0.0, 0.0, 0.0, 1.0842021724855044e-19]
3295465306	[0.0020603296142374, -0.00010154328946835974, 0.0020633796883509376, 0.8501077733560176, 0.0013183603506069193]	[0.00038543552114396294, 4.576213622956693e-05, 0.0003915356693710373, 0.0023358015716258506, 0.0007461024893180192]
1552006530374852608	[0.0018676118536654189, -7.866222135357627e-05, 0.0018676118536654189, 0.8512756741418306, 0.0009453091059479099]	[0.0, 0.0, 0.0, 0.0, 1.0842021724855044e-19]
975175578365190144	[0.0018676118536654189, -7.866222135357627e-05, 0.0018676118536654189, 0.8512756741418306, 0.0009453091059479099]	[0.0, 0.0, 0.0, 0.0, 1.0842021724855044e-19]
1512708407329198084	[0.002611584428075367, -0.00010818864188486042, 0.0023704062615962406, 0.8529432181744845, 0.003079636043160786]	[0.0011054397207929246, 3.637314293939666e-05, 0.000743535142175938, 0.005744713391354091, 0.0032256119113561943]
1470797296921034752	[0.0018676118536654189, -7.866222135357627e-05, 0.0018676118536654189, 0.8512756741418306, 0.0009453091059479099]	[0.0, 0.0, 0.0, 0.0, 1.0842021724855044e-19]
878199957500686336	[0.0020252513532768818, -9.563101295854474e-05, 0.0020519441143950373, 0.850440881255242, 0.0011842871852685616]	[0.0003152789992229261, 3.393758320993695e-05, 0.00036866452145923624, 0.0016695857731772624, 0.00047795615864130363]
1264179482648248320	[0.0018676118536654189, -7.866222135357627e-05, 0.0018676118536654189, 0.8512756741418306, 0.0009453091059479099]	[0.0, 0.0, 0.0, 0.0, 1.0842021724855044e-19]
1010300612129509376	[0.001494089482932335, -6.292977708286101e-05, -0.01279162480278195, 0.8673219091764782, 0.07548152201003305]	[0.0007470447414661676, 3.1464888541430505e-05, 0.029318473312894736, 0.032092470069295144, 0.1490724258081703]
1217558606842859522	[0.004770699857240864, 0.0001904428614827399, 0.004170142919482211, 0.8479524637628273, 0.010087455769425989]	[0.0032280943302831983, 0.0002514096243822338, 0.002587134608686712, 0.003549378999331594, 0.010180803143344136]
1184331211721736192	[0.0018676118536654189, -7.866222135357627e-05, 0.0018676118536654189, 0.8512756741418306, 0.0009453091059479099]	[0.0, 0.0, 0.0, 0.0, 1.0842021724855044e-19]
1558953336916922368	[0.0018676118536654189, -7.866222135357627e-05, 0.0018676118536654189, 0.8512756741418306, 0.0009453091059479099]	[0.0, 0.0, 0.0, 0.0, 1.0842021724855044e-19]
1347248904895672323	[0.004330927730256632, -0.0003934705205606459, 0.004197926669513159, 0.8445330955199182, 0.012401489364209109]	[0.0029701197532246396, 0.0005003865898390458, 0.002767309277049681, 0.006872229226914642, 0.013934497910656098]
1405935500242915328	[0.0018676118536654189, -7.866222135357627e-05, 0.0018676118536654189, 0.8512756741418306, 0.0009453091059479099]	[0.0, 0.0, 0.0, 0.0, 1.0842021724855044e-19]
1390960631759523840	[0.0018676118536654189, -7.866222135357627e-05, 0.0018676118536654189, 0.8512756741418306, 0.0009453091059479099]	[0.0, 0.0, 0.0, 0.0, 1.0842021724855044e-19]
1267281706245128192	[0.0018676118536654189, -7.866222135357627e-05, 0.0018676118536654189, 0.8512756741418306, 0.0009453091059479099]	[0.0, 0.0, 0.0, 0.0, 1.0842021724855044e-19]
1582074009470267392	[0.00323454369535152, -4.2973666812019634e-06, 0.0028813181144487477, 0.8451611676697489, 0.005814461514022035]	[0.001840277379309441, 0.00035802255638102626, 0.0013976840517332598, 0.007400700322876425, 0.006626906059382429]
1296175329556406273	[0.0018676118536654189, -7.866222135357627e-05, 0.0018676118536654189, 0.8512756741418306, 0.0009453091059479099]	[0.0, 0.0, 0.0, 0.0, 1.0842021724855044e-19]
1470403383471263745	[0.0018676118536654189, -7.866222135357627e-05, 0.0018676118536654189, 0.8512756741418306, 0.0009453091059479099]	[0.0, 0.0, 0.0, 0.0, 1.0842021724855044e-19]
1253322173403394049	[0.0022727975731010675, -0.00014298591202000535, 0.0021878754571362457, 0.8509701247014917, 0.0026754354330170904]	[0.0008103714388712974, 0.0001286473813328581, 0.0006405272069416536, 0.0006110988806777851, 0.0034602526541383607]
3141533716	[0.002890894087627813, -0.00012688798431719877, 0.0026361564445688624, 0.8481068411863987, 0.003685626841632496]	[0.002046564467924788, 9.645152592724498e-05, 0.0015370891818068872, 0.0063376659108636876, 0.005480635471369172]
1599013198501388288	[0.002271204294449522, -0.00011766930152317771, 0.0021436733821956684, 0.8484719544196706, 0.0019697987148274915]	[0.0005432523523927968, 4.947366271403267e-05, 0.00033944816584546497, 0.0038557850000700256, 0.0015782922365655712]
952266549062139904	[0.0036754179338435193, -0.000132464020553895, 0.00343216838111808, 0.834618055352208, 0.005807821874394934]	[0.001503189104938753, 4.967992751630418e-05, 0.0013405025406060013, 0.01517322878401367, 0.004056981831634428]
1303185624317321216	[0.0030036931811003474, -0.0007027861047313879, 0.002542064589240573, 0.8396380471199858, 0.011775809867426039]	[0.0018097949279894815, 0.0007757083757761292, 0.0014902597652918076, 0.014255681196689537, 0.013561834978320473]
1314857412956839937	[0.0018676118536654189, -7.866222135357627e-05, 0.0018676118536654189, 0.8512756741418306, 0.0009453091059479099]	[0.0, 0.0, 0.0, 0.0, 1.0842021724855044e-19]
1343933675725996033	[0.004176682710865029, 0.00024445780217974424, 0.0032647785639917048, 0.8336677954041647, 0.016874839773579654]	[0.0031540541115975236, 0.00040737571976194636, 0.003017863454770843, 0.02163358081566541, 0.020312708951026038]
1545674949968420864	[0.0022700996122997506, -0.0010271138251647066, 0.001132182073362, 0.8307423833611838, 0.018500264455995515]	[0.0025446516045561527, 0.0012283339319536881, 0.004298449708079321, 0.027781904152947717, 0.02330326999047171]
1449841497298382850	[0.0018676118536654189, -7.866222135357627e-05, 0.0018676118536654189, 0.8512756741418306, 0.0009453091059479099]	[0.0, 0.0, 0.0, 0.0, 1.0842021724855044e-19]
1586612104127451136	[0.005365770516546483, -0.000186331842094557, 0.005203412399696624, 0.8502129502536668, 0.01250915798152748]	[0.0028608834937720283, 8.815541606766105e-05, 0.002746426027280512, 0.0014514901301613144, 0.009453229345191263]
1419740808757055491	[0.0018676118536654189, -7.866222135357627e-05, 0.0018676118536654189, 0.8512756741418306, 0.0009453091059479099]	[0.0, 0.0, 0.0, 0.0, 1.0842021724855044e-19]
1567948218499239936	[0.0018676118536654189, -7.866222135357627e-05, 0.0018676118536654189, 0.8512756741418306, 0.0009453091059479099]	[0.0, 0.0, 0.0, 0.0, 1.0842021724855044e-19]
952266549062139905	[0.0018676118536654189, -7.866222135357627e-05, 0.0018676118536654189, 0.8512756741418306, 0.0009453091059479099]	[0.0, 0.0, 0.0, 0.0, 1.0842021724855044e-19]
800152580915499010	[0.0018676118536654189, -7.866222135357627e-05, 0.0018676118536654189, 0.8512756741418306, 0.0009453091059479099]	[0.0, 0.0, 0.0, 0.0, 1.0842021724855044e-19]
1394901053825556480	[0.0018676118536654189, -7.866222135357627e-05, 0.0018676118536654189, 0.8512756741418306, 0.0009453091059479099]	[0.0, 0.0, 0.0, 0.0, 1.0842021724855044e-19]
938634317294653440	[0.003452478557156946, 1.95541917335398e-05, 0.003411513033522274, 0.8442224630417041, 0.0046785836092051464]	[0.003169733406983054, 0.00019643282617423213, 0.00308780235971371, 0.0141064222002532, 0.0074665490065144715]
1551000216085618690	[0.0018676118536654189, -7.866222135357627e-05, 0.0018676118536654189, 0.8512756741418306, 0.0009453091059479099]	[0.0, 0.0, 0.0, 0.0, 1.0842021724855044e-19]
1524540516561559552	[0.001803205610211744, -9.842892724496092e-05, 0.0017785708956222037, 0.8502201829006546, 0.001250176419294161]	[0.00012881248690734955, 3.95334117827693e-05, 0.00017808191608643047, 0.0021109824823520194, 0.0006097346266925022]
1295170777776619520	[0.0018676118536654189, -7.866222135357627e-05, 0.0018676118536654189, 0.8512756741418306, 0.0009453091059479099]	[0.0, 0.0, 0.0, 0.0, 1.0842021724855044e-19]
1334963880641114113	[0.00205385676884695, -0.00011910680747277452, 0.002015724583631846, 0.8505177041290602, 0.0018395268943835197]	[0.00037248983036306156, 8.088917223839651e-05, 0.00029622545993285434, 0.001515940025540541, 0.0017884355768712202]
1560479529881063424	[0.0018676118536654189, -7.866222135357627e-05, 0.0018676118536654189, 0.8512756741418306, 0.0009453091059479099]	[0.0, 0.0, 0.0, 0.0, 1.0842021724855044e-19]
1286433502037245955	[0.0018676118536654189, -7.866222135357627e-05, 0.0018676118536654189, 0.8512756741418306, 0.0009453091059479099]	[0.0, 0.0, 0.0, 0.0, 1.0842021724855044e-19]
1509439556860456960	[0.002830510317941466, -4.041042205106952e-05, 0.002754411993224901, 0.8502747074635592, 0.0032009817616776804]	[0.001506814862133171, 0.00011146036352397449, 0.0013783270381984224, 0.004090377297172743, 0.003644944550854308]
1221958979573764096	[0.0018676118536654189, -7.866222135357627e-05, 0.0018676118536654189, 0.8512756741418306, 0.0009453091059479099]	[0.0, 0.0, 0.0, 0.0, 1.0842021724855044e-19]
1559849276699729923	[0.0018676118536654189, -7.866222135357627e-05, 0.0018676118536654189, 0.8512756741418306, 0.0009453091059479099]	[0.0, 0.0, 0.0, 0.0, 1.0842021724855044e-19]
974798197531930624	[0.0018676118536654189, -7.866222135357627e-05, 0.0018676118536654189, 0.8512756741418306, 0.0009453091059479099]	[0.0, 0.0, 0.0, 0.0, 1.0842021724855044e-19]
1471505856378273792	[0.0018676118536654189, -7.866222135357627e-05, 0.0018676118536654189, 0.8512756741418306, 0.0009453091059479099]	[0.0, 0.0, 0.0, 0.0, 1.0842021724855044e-19]
1357459209537937408	[0.003225949174545202, -0.00014688008195820019, 0.002835062115545696, 0.8519808165520993, 0.00605012719358284]	[0.0016655279010346128, 8.517702334944267e-05, 0.00134046074026372, 0.0038868171443152124, 0.007724193540907865]
1705999885	[0.0022280529955533584, -1.6579836610508407e-05, 0.0019795351737853907, 0.8058298777757414, 0.002379000525265002]	[0.0004415548518716073, 8.879347164427908e-05, 0.000323890836607301, 0.08463602603736066, 0.0018649738317761655]
175625853	[0.0018676118536654189, -7.866222135357627e-05, 0.0018676118536654189, 0.8512756741418306, 0.0009453091059479099]	[0.0, 0.0, 0.0, 0.0, 1.0842021724855044e-19]
1557748313948147712	[0.0018676118536654189, -7.866222135357627e-05, 0.0018676118536654189, 0.8512756741418306, 0.0009453091059479099]	[0.0, 0.0, 0.0, 0.0, 1.0842021724855044e-19]
1581248279123197953	[0.0018676118536654189, -7.866222135357627e-05, 0.0018676118536654189, 0.8512756741418306, 0.0009453091059479099]	[0.0, 0.0, 0.0, 0.0, 1.0842021724855044e-19]
390960016	[0.0018676118536654189, -7.866222135357627e-05, 0.0018676118536654189, 0.8512756741418306, 0.0009453091059479099]	[0.0, 0.0, 0.0, 0.0, 1.0842021724855044e-19]
1536055318542794752	[0.0020990395332410087, -0.00014236419164394696, 0.0019685058442828938, 0.8491582340683385, 0.002649984135084026]	[0.00046285535915118007, 0.00012740394058074139, 0.00020178798123494994, 0.004234880146984299, 0.0034093500582722328]
1573532345772146688	[0.0018676118536654189, -7.866222135357627e-05, 0.0018676118536654189, 0.8512756741418306, 0.0009453091059479099]	[0.0, 0.0, 0.0, 0.0, 1.0842021724855044e-19]
1461358161453928448	[0.00248861444229881, -6.05241355206239e-05, 0.0024889634060360237, 0.8479832315491436, 0.0020294505458932433]	[0.0008485914847969616, 8.637251454151406e-05, 0.0008185576131951665, 0.004198930420466613, 0.0016183619518145389]
1534104823527661696	[0.0018676118536654189, -7.866222135357627e-05, 0.0018676118536654189, 0.8512756741418306, 0.0009453091059479099]	[0.0, 0.0, 0.0, 0.0, 1.0842021724855044e-19]
1432363068969734144	[0.006942133020687724, -0.00022081055658250835, 0.006661054908950784, 0.8131516894877837, 0.013667189576198651]	[0.004771707136369106, 0.0001238295496468835, 0.004830702160992523, 0.04540714944077701, 0.01253981771059543]
1212271430257147904	[0.0018676118536654189, -7.866222135357627e-05, 0.0018676118536654189, 0.8512756741418306, 0.0009453091059479099]	[0.0, 0.0, 0.0, 0.0, 1.0842021724855044e-19]
941038685818060800	[0.0018676118536654189, -7.866222135357627e-05, 0.0018676118536654189, 0.8512756741418306, 0.0009453091059479099]	[0.0, 0.0, 0.0, 0.0, 1.0842021724855044e-19]
285050738	[0.0018676118536654189, -7.866222135357627e-05, 0.0018676118536654189, 0.8512756741418306, 0.0009453091059479099]	[0.0, 0.0, 0.0, 0.0, 1.0842021724855044e-19]
1563911121681137669	[0.0018676118536654189, -7.866222135357627e-05, 0.0018676118536654189, 0.8512756741418306, 0.0009453091059479099]	[0.0, 0.0, 0.0, 0.0, 1.0842021724855044e-19]
1406907752065110016	[0.002189525535255141, -0.0001224641874999035, 0.0020861340824679907, 0.8487390562459586, 0.0021906860782868252]	[0.0003943233559490115, 5.968244169698298e-05, 0.00033419554143269715, 0.003285274856355787, 0.002071595092496227]
1567761967015772161	[0.0018676118536654189, -7.866222135357627e-05, 0.0018676118536654189, 0.8512756741418306, 0.0009453091059479099]	[0.0, 0.0, 0.0, 0.0, 1.0842021724855044e-19]
1585801883985317889	[0.0018676118536654189, -7.866222135357627e-05, 0.0018676118536654189, 0.8512756741418306, 0.0009453091059479099]	[0.0, 0.0, 0.0, 0.0, 1.0842021724855044e-19]
938384349342429184	[0.0018676118536654189, -7.866222135357627e-05, 0.0018676118536654189, 0.8512756741418306, 0.0009453091059479099]	[0.0, 0.0, 0.0, 0.0, 1.0842021724855044e-19]
1425454693275168775	[0.0018676118536654189, -7.866222135357627e-05, 0.0018676118536654189, 0.8512756741418306, 0.0009453091059479099]	[0.0, 0.0, 0.0, 0.0, 1.0842021724855044e-19]
1513648688417193984	[0.0018676118536654189, -7.866222135357627e-05, 0.0018676118536654189, 0.8512756741418306, 0.0009453091059479099]	[0.0, 0.0, 0.0, 0.0, 1.0842021724855044e-19]
1576130850844184576	[0.0018676118536654189, -7.866222135357627e-05, 0.0018676118536654189, 0.8512756741418306, 0.0009453091059479099]	[0.0, 0.0, 0.0, 0.0, 1.0842021724855044e-19]
1541974408058773504	[0.0018676118536654189, -7.866222135357627e-05, 0.0018676118536654189, 0.8512756741418306, 0.0009453091059479099]	[0.0, 0.0, 0.0, 0.0, 1.0842021724855044e-19]
1573696002644664322	[0.0018676118536654189, -7.866222135357627e-05, 0.0018676118536654189, 0.8512756741418306, 0.0009453091059479099]	[0.0, 0.0, 0.0, 0.0, 1.0842021724855044e-19]
1577959393940881408	[0.0018676118536654189, -7.866222135357627e-05, 0.0018676118536654189, 0.8512756741418306, 0.0009453091059479099]	[0.0, 0.0, 0.0, 0.0, 1.0842021724855044e-19]
1526108537293680640	[0.0018676118536654189, -7.866222135357627e-05, 0.0018676118536654189, 0.8512756741418306, 0.0009453091059479099]	[0.0, 0.0, 0.0, 0.0, 1.0842021724855044e-19]
1219459547124858888	[0.0035752932625416596, 5.360460006710015e-05, 0.003276162485522295, 0.8492308580216102, 0.005653918273144652]	[0.0021578334750567735, 0.00021970437990774308, 0.0017852179745405663, 0.00440029797431599, 0.005885591679152499]
4405807395	[0.0018676118536654189, -7.866222135357627e-05, 0.0018676118536654189, 0.8512756741418306, 0.0009453091059479099]	[0.0, 0.0, 0.0, 0.0, 1.0842021724855044e-19]
1424640593938944005	[0.0018676118536654189, -7.866222135357627e-05, 0.0018676118536654189, 0.8512756741418306, 0.0009453091059479099]	[0.0, 0.0, 0.0, 0.0, 1.0842021724855044e-19]
1348724621034483712	[0.0018676118536654189, -7.866222135357627e-05, 0.0018676118536654189, 0.8512756741418306, 0.0009453091059479099]	[0.0, 0.0, 0.0, 0.0, 1.0842021724855044e-19]
1597126178804039682	[0.0018676118536654189, -7.866222135357627e-05, 0.0018676118536654189, 0.8512756741418306, 0.0009453091059479099]	[0.0, 0.0, 0.0, 0.0, 1.0842021724855044e-19]
3022955977	[0.0018676118536654189, -7.866222135357627e-05, 0.0018676118536654189, 0.8512756741418306, 0.0009453091059479099]	[0.0, 0.0, 0.0, 0.0, 1.0842021724855044e-19]
1304838924188123136	[0.002040135094755695, -9.950073818096451e-05, 0.0020458552428616735, 0.849928201691607, 0.001266157486051342]	[0.0003450464821805515, 4.1677033654776456e-05, 0.000356486778392509, 0.002694944900447238, 0.0006416967602068644]
1535843539778564096	[0.0018676118536654189, -7.866222135357627e-05, 0.0018676118536654189, 0.8512756741418306, 0.0009453091059479099]	[0.0, 0.0, 0.0, 0.0, 1.0842021724855044e-19]
1307008631771148288	[0.0018676118536654189, -7.866222135357627e-05, 0.0018676118536654189, 0.8512756741418306, 0.0009453091059479099]	[0.0, 0.0, 0.0, 0.0, 1.0842021724855044e-19]
786189623944843264	[0.0019580629625406995, -0.0001657753141818992, 0.001634843062381041, 0.8472600457257313, 0.0029245789347692995]	[0.00030030869356367643, 0.00011976687399291788, 0.0006985330534484733, 0.006122388735225934, 0.002938460565661726]
1381436262633111552	[0.0018676118536654189, -7.866222135357627e-05, 0.0018676118536654189, 0.8512756741418306, 0.0009453091059479099]	[0.0, 0.0, 0.0, 0.0, 1.0842021724855044e-19]
1103457912335331328	[0.001922279686748387, -9.677654059871943e-05, 0.0019295242919418539, 0.8509198865520231, 0.00103694082574513]	[0.00010933566616593586, 3.622863849028631e-05, 0.00012382487655286976, 0.0007115751796148207, 0.00018326343959444003]
1541974408058773512	[0.0017208058983458657, -0.00018188544102140132, 0.0015651790975579213, 0.8513023628473932, 0.0018377136076915459]	[0.00029361191063910627, 0.00020644643933565013, 0.0006048655122149952, 5.337741112554362e-05, 0.0017848090034872722]
1241224210107658240	[0.004866681281517142, -4.7197333036673525e-05, 0.002164802169105555, 0.8299850715936585, 0.02096704092979585]	[0.003923892448667433, 3.853646059503576e-05, 0.0015482080560936214, 0.028649008650330786, 0.024536402762721413]
1265631236028084224	[0.001953131894924693, -9.677069030414345e-05, 0.001954294361057503, 0.8508278198273832, 0.0011999793781183564]	[0.00017104008251854805, 3.6216937901134334e-05, 0.00017336501478416877, 0.0008957086288949867, 0.0005093405443408932]
1573022912000319488	[0.0018676118536654189, -7.866222135357627e-05, 0.0018676118536654189, 0.8512756741418306, 0.0009453091059479099]	[0.0, 0.0, 0.0, 0.0, 1.0842021724855044e-19]
1476984898477260800	[0.0019942382606518835, -9.732044261478586e-05, 0.001989843998780794, 0.8495904131073907, 0.00120812987641364]	[0.00025325281397292924, 3.7316442522419173e-05, 0.0002444642902307501, 0.0033705220688798223, 0.0005256415409314605]
1603172736351670272	[0.0018676118536654189, -7.866222135357627e-05, 0.0018676118536654189, 0.8512756741418306, 0.0009453091059479099]	[0.0, 0.0, 0.0, 0.0, 1.0842021724855044e-19]
1562198318276431876	[0.00212706363491481, -5.048265908792487e-05, 0.0021673686409169808, 0.8501289537574875, 0.0012222362551896908]	[0.0005189035624987823, 5.63591245313028e-05, 0.0005995135745031235, 0.00229344076868605, 0.0005538542984835622]
1604350270472916993	[0.0018676118536654189, -7.866222135357627e-05, 0.0018676118536654189, 0.8512756741418306, 0.0009453091059479099]	[0.0, 0.0, 0.0, 0.0, 1.0842021724855044e-19]
1176972315537694720	[0.0037726111794034274, -0.00010693855366612914, 0.003617386492806922, 0.8495065616857206, 0.007293018273151158]	[0.002178223141638851, 0.00011130688695816026, 0.00211592057062248, 0.0032214262576327163, 0.007660209287060912]
1308151079222345728	[0.0018676118536654189, -7.866222135357627e-05, 0.0018676118536654189, 0.8512756741418306, 0.0009453091059479099]	[0.0, 0.0, 0.0, 0.0, 1.0842021724855044e-19]
1360507235936456704	[0.0035298618786972712, 3.878150791339276e-06, 0.0033491730572945055, 0.8500770463987284, 0.0036658665246587993]	[0.002041038780187207, 0.00010118919786259657, 0.0018201785175177368, 0.001750968916850005, 0.0033582904555624826]
1559593258086305792	[0.0018676118536654189, -7.866222135357627e-05, 0.0018676118536654189, 0.8512756741418306, 0.0009453091059479099]	[0.0, 0.0, 0.0, 0.0, 1.0842021724855044e-19]
1518068230341881856	[0.0018676118536654189, -7.866222135357627e-05, 0.0018676118536654189, 0.8512756741418306, 0.0009453091059479099]	[0.0, 0.0, 0.0, 0.0, 1.0842021724855044e-19]
