855091879003738113	[0.007074078245746513, -7.174846944174443e-05, 0.006111662671576634, 0.8515623794194129, 0.005248145654015881]	[0.002558275558955559, 0.00010616629043161883, 0.0014344000349481864, 0.001254261852312638, 0.005343385911450249]
1524084713178431488	[0.005079011392335605, -5.834439511337313e-05, 0.005079011392335605, 0.8512756741418306, 0.0009453091059479099]	[0.0, 6.776263578034403e-21, 0.0, 0.0, 1.0842021724855044e-19]
1257959303945900032	[0.007294681853300211, -0.0001095381636714533, 0.0073103874364518024, 0.8476393071151632, 0.0020638049531804064]	[0.0044313409219292116, 0.00010238753711616034, 0.004462752088232396, 0.007272734053334817, 0.002236991694464993]
1530832682095190018	[0.005079011392335605, -5.834439511337313e-05, 0.005079011392335605, 0.8512756741418306, 0.0009453091059479099]	[0.0, 6.776263578034403e-21, 0.0, 0.0, 1.0842021724855044e-19]
3295465306	[0.005657911003152541, -0.00014411655102521841, 0.005682104194130255, 0.8501077733560176, 0.0013183603506069193]	[0.0011577992216338713, 0.0001715443118236906, 0.0012061856035892999, 0.0023358015716258506, 0.0007461024893180192]
1552006530374852608	[0.005079011392335605, -5.834439511337313e-05, 0.005079011392335605, 0.8512756741418306, 0.0009453091059479099]	[0.0, 6.776263578034403e-21, 0.0, 0.0, 1.0842021724855044e-19]
975175578365190144	[0.005079011392335605, -5.834439511337313e-05, 0.005079011392335605, 0.8512756741418306, 0.0009453091059479099]	[0.0, 6.776263578034403e-21, 0.0, 0.0, 1.0842021724855044e-19]
1512708407329198084	[0.00645843376482611, -0.0001596227282558631, 0.005894315371751656, 0.8529432181744845, 0.003079636043160786]	[0.0021494982544181013, 0.00012424714164227714, 0.0013738374800453747, 0.005744713391354091, 0.0032256119113561943]
1470797296921034752	[0.005079011392335605, -5.834439511337313e-05, 0.005079011392335605, 0.8512756741418306, 0.0009453091059479099]	[0.0, 6.776263578034403e-21, 0.0, 0.0, 1.0842021724855044e-19]
878199957500686336	[0.005340445021464166, -0.00012270127203167395, 0.005356030624483307, 0.850440881255242, 0.0011842871852685616]	[0.0005228672582571217, 0.0001287137538366017, 0.000554038464295406, 0.0016695857731772624, 0.00047795615864130363]
1264179482648248320	[0.005079011392335605, -5.834439511337313e-05, 0.005079011392335605, 0.8512756741418306, 0.0009453091059479099]	[0.0, 6.776263578034403e-21, 0.0, 0.0, 1.0842021724855044e-19]
1010300612129509376	[0.004063209113868484, -4.667551609069849e-05, -0.010222505171845801, 0.8673219091764782, 0.07548152201003305]	[0.0020316045569342416, 2.3337758045349247e-05, 0.03060303312836281, 0.032092470069295144, 0.1490724258081703]
1217558606842859522	[0.00995722788152513, 0.0003153851762453013, 0.0081291737571478, 0.8479524637628273, 0.010087455769425989]	[0.004887115811646021, 0.00035895714584399256, 0.0028693294571836728, 0.003549378999331594, 0.010180803143344136]
1184331211721736192	[0.005079011392335605, -5.834439511337313e-05, 0.005079011392335605, 0.8512756741418306, 0.0009453091059479099]	[0.0, 6.776263578034403e-21, 0.0, 0.0, 1.0842021724855044e-19]
1558953336916922368	[0.005079011392335605, -5.834439511337313e-05, 0.005079011392335605, 0.8512756741418306, 0.0009453091059479099]	[0.0, 6.776263578034403e-21, 0.0, 0.0, 1.0842021724855044e-19]
1347248904895672323	[0.011630094760996496, -0.0007311032058244191, 0.010989483975395285, 0.8445330955199182, 0.012401489364209109]	[0.007664022007124524, 0.0010169043084456804, 0.006784702345460742, 0.006872229226914642, 0.013934497910656098]
1405935500242915328	[0.005079011392335605, -5.834439511337313e-05, 0.005079011392335605, 0.8512756741418306, 0.0009453091059479099]	[0.0, 6.776263578034403e-21, 0.0, 0.0, 1.0842021724855044e-19]
1390960631759523840	[0.005079011392335605, -5.834439511337313e-05, 0.005079011392335605, 0.8512756741418306, 0.0009453091059479099]	[0.0, 6.776263578034403e-21, 0.0, 0.0, 1.0842021724855044e-19]
1267281706245128192	[0.005079011392335605, -5.834439511337313e-05, 0.005079011392335605, 0.8512756741418306, 0.0009453091059479099]	[0.0, 6.776263578034403e-21, 0.0, 0.0, 1.0842021724855044e-19]
1582074009470267392	[0.0069021492278828174, -9.568720422874688e-05, 0.006177434857975614, 0.8451611676697489, 0.005814461514022035]	[0.0031986873300373525, 0.0006756331315287825, 0.002597172702504, 0.007400700322876425, 0.006626906059382429]
1296175329556406273	[0.005079011392335605, -5.834439511337313e-05, 0.005079011392335605, 0.8512756741418306, 0.0009453091059479099]	[0.0, 6.776263578034403e-21, 0.0, 0.0, 1.0842021724855044e-19]
1470403383471263745	[0.005079011392335605, -5.834439511337313e-05, 0.005079011392335605, 0.8512756741418306, 0.0009453091059479099]	[0.0, 6.776263578034403e-21, 0.0, 0.0, 1.0842021724855044e-19]
1253322173403394049	[0.0061839361573616455, -0.00023130655790979526, 0.005975041212532529, 0.8509701247014917, 0.0026754354330170904]	[0.002209849530052082, 0.0003459243255928443, 0.0017920596403938507, 0.0006110988806777851, 0.0034602526541383607]
3141533716	[0.008837094271853332, -0.00014527344897147666, 0.008580606435375417, 0.8481068411863987, 0.003685626841632496]	[0.007516165759035453, 0.0001738581077162071, 0.007003190086079628, 0.0063376659108636876, 0.005480635471369172]
1599013198501388288	[0.005918805356480582, -0.00019421727042648755, 0.005666069354902227, 0.8484719544196706, 0.0019697987148274915]	[0.0010708776197425804, 0.00016793200770901477, 0.0007327138875943433, 0.0038557850000700256, 0.0015782922365655712]
952266549062139904	[0.00804525411821188, -0.00020902638834328566, 0.00718037707776861, 0.834618055352208, 0.005807821874394934]	[0.0027294660100568306, 0.0001463511171065351, 0.002427733165794133, 0.01517322878401367, 0.004056981831634428]
1303185624317321216	[0.009006592168443373, -0.0013016726516658383, 0.008151857585315194, 0.8396380471199858, 0.011775809867426039]	[0.005102355932132897, 0.0015543154550418205, 0.004221012225303214, 0.014255681196689537, 0.013561834978320473]
1314857412956839937	[0.005079011392335605, -5.834439511337313e-05, 0.005079011392335605, 0.8512756741418306, 0.0009453091059479099]	[0.0, 6.776263578034403e-21, 0.0, 0.0, 1.0842021724855044e-19]
1343933675725996033	[0.013411554181115995, 0.00021599220553935512, 0.011670606578466376, 0.8336677954041647, 0.016874839773579654]	[0.010212271011896217, 0.00034613869430735847, 0.008328213159856452, 0.02163358081566541, 0.020312708951026038]
1545674949968420864	[0.005845478205709647, -0.0021122442841947685, 0.0035937346469950135, 0.8307423833611838, 0.018500264455995515]	[0.00555205712027806, 0.002621917033173974, 0.008648544416470763, 0.027781904152947717, 0.02330326999047171]
1449841497298382850	[0.005079011392335605, -5.834439511337313e-05, 0.005079011392335605, 0.8512756741418306, 0.0009453091059479099]	[0.0, 6.776263578034403e-21, 0.0, 0.0, 1.0842021724855044e-19]
1586612104127451136	[0.013155107128837603, -0.00031158034223849145, 0.012404410324291255, 0.8502129502536668, 0.01250915798152748]	[0.0065952653440165985, 0.00020712520762813908, 0.0059826900191747075, 0.0014514901301613144, 0.009453229345191263]
1419740808757055491	[0.005079011392335605, -5.834439511337313e-05, 0.005079011392335605, 0.8512756741418306, 0.0009453091059479099]	[0.0, 6.776263578034403e-21, 0.0, 0.0, 1.0842021724855044e-19]
1567948218499239936	[0.005079011392335605, -5.834439511337313e-05, 0.005079011392335605, 0.8512756741418306, 0.0009453091059479099]	[0.0, 6.776263578034403e-21, 0.0, 0.0, 1.0842021724855044e-19]
952266549062139905	[0.005079011392335605, -5.834439511337313e-05, 0.005079011392335605, 0.8512756741418306, 0.0009453091059479099]	[0.0, 6.776263578034403e-21, 0.0, 0.0, 1.0842021724855044e-19]
800152580915499010	[0.005079011392335605, -5.834439511337313e-05, 0.005079011392335605, 0.8512756741418306, 0.0009453091059479099]	[0.0, 6.776263578034403e-21, 0.0, 0.0, 1.0842021724855044e-19]
1394901053825556480	[0.005079011392335605, -5.834439511337313e-05, 0.005079011392335605, 0.8512756741418306, 0.0009453091059479099]	[0.0, 6.776263578034403e-21, 0.0, 0.0, 1.0842021724855044e-19]
938634317294653440	[0.00973011736091707, 6.433994866308724e-05, 0.009741969021742526, 0.8442224630417041, 0.0046785836092051464]	[0.009302211937162934, 0.00024536868755292067, 0.009325915258813842, 0.0141064222002532, 0.0074665490065144715]
1551000216085618690	[0.005079011392335605, -5.834439511337313e-05, 0.005079011392335605, 0.8512756741418306, 0.0009453091059479099]	[0.0, 6.776263578034403e-21, 0.0, 0.0, 1.0842021724855044e-19]
1524540516561559552	[0.0051892580063744595, -0.00012702977031047352, 0.0051369558565768384, 0.8502201829006546, 0.001250176419294161]	[0.00022049322807770957, 0.00013737075039420076, 0.0001158889284824674, 0.0021109824823520194, 0.0006097346266925022]
1295170777776619520	[0.005079011392335605, -5.834439511337313e-05, 0.005079011392335605, 0.8512756741418306, 0.0009453091059479099]	[0.0, 6.776263578034403e-21, 0.0, 0.0, 1.0842021724855044e-19]
1334963880641114113	[0.005883090251826225, -0.0001874101893400545, 0.005818240150264246, 0.8505177041290602, 0.0018395268943835197]	[0.0016081577189812424, 0.0002581315884533628, 0.0014784575158572845, 0.001515940025540541, 0.0017884355768712202]
1560479529881063424	[0.005079011392335605, -5.834439511337313e-05, 0.005079011392335605, 0.8512756741418306, 0.0009453091059479099]	[0.0, 6.776263578034403e-21, 0.0, 0.0, 1.0842021724855044e-19]
1286433502037245955	[0.005079011392335605, -5.834439511337313e-05, 0.005079011392335605, 0.8512756741418306, 0.0009453091059479099]	[0.0, 6.776263578034403e-21, 0.0, 0.0, 1.0842021724855044e-19]
1509439556860456960	[0.008362053313415652, 3.628072375438012e-05, 0.00823884978661483, 0.8502747074635592, 0.0032009817616776804]	[0.004641866650227047, 0.00025105181831336246, 0.004394438219734553, 0.004090377297172743, 0.003644944550854308]
1221958979573764096	[0.005079011392335605, -5.834439511337313e-05, 0.005079011392335605, 0.8512756741418306, 0.0009453091059479099]	[0.0, 6.776263578034403e-21, 0.0, 0.0, 1.0842021724855044e-19]
1559849276699729923	[0.005079011392335605, -5.834439511337313e-05, 0.005079011392335605, 0.8512756741418306, 0.0009453091059479099]	[0.0, 6.776263578034403e-21, 0.0, 0.0, 1.0842021724855044e-19]
974798197531930624	[0.005079011392335605, -5.834439511337313e-05, 0.005079011392335605, 0.8512756741418306, 0.0009453091059479099]	[0.0, 6.776263578034403e-21, 0.0, 0.0, 1.0842021724855044e-19]
1471505856378273792	[0.005079011392335605, -5.834439511337313e-05, 0.005079011392335605, 0.8512756741418306, 0.0009453091059479099]	[0.0, 6.776263578034403e-21, 0.0, 0.0, 1.0842021724855044e-19]
1357459209537937408	[0.007742753573689867, -0.00023797366512689567, 0.006745704463103669, 0.8519808165520993, 0.00605012719358284]	[0.0032759021837711335, 0.00022022144468236538, 0.002223628491672686, 0.0038868171443152124, 0.007724193540907865]
1705999885	[0.005546912760258616, 2.208698033669868e-05, 0.005011107359740809, 0.8058298777757414, 0.002379000525265002]	[0.0012123856956505964, 0.0001103465436256608, 0.00154393717166204, 0.08463602603736066, 0.0018649738317761655]
175625853	[0.005079011392335605, -5.834439511337313e-05, 0.005079011392335605, 0.8512756741418306, 0.0009453091059479099]	[0.0, 6.776263578034403e-21, 0.0, 0.0, 1.0842021724855044e-19]
1557748313948147712	[0.005079011392335605, -5.834439511337313e-05, 0.005079011392335605, 0.8512756741418306, 0.0009453091059479099]	[0.0, 6.776263578034403e-21, 0.0, 0.0, 1.0842021724855044e-19]
1581248279123197953	[0.005079011392335605, -5.834439511337313e-05, 0.005079011392335605, 0.8512756741418306, 0.0009453091059479099]	[0.0, 6.776263578034403e-21, 0.0, 0.0, 1.0842021724855044e-19]
390960016	[0.005079011392335605, -5.834439511337313e-05, 0.005079011392335605, 0.8512756741418306, 0.0009453091059479099]	[0.0, 6.776263578034403e-21, 0.0, 0.0, 1.0842021724855044e-19]
1536055318542794752	[0.00604542840018499, -0.00023072745957170246, 0.005871998901532645, 0.8491582340683385, 0.002649984135084026]	[0.0019328340156987707, 0.00034476612891665864, 0.0015859750183940813, 0.004234880146984299, 0.0034093500582722328]
1573532345772146688	[0.005079011392335605, -5.834439511337313e-05, 0.005079011392335605, 0.8512756741418306, 0.0009453091059479099]	[0.0, 6.776263578034403e-21, 0.0, 0.0, 1.0842021724855044e-19]
1461358161453928448	[0.006497439062733823, -9.908361502481951e-05, 0.006435794361817316, 0.8479832315491436, 0.0020294505458932433]	[0.0019183671800083741, 0.00015026436282157226, 0.0017652541556292436, 0.004198930420466613, 0.0016183619518145389]
1534104823527661696	[0.005079011392335605, -5.834439511337313e-05, 0.005079011392335605, 0.8512756741418306, 0.0009453091059479099]	[0.0, 6.776263578034403e-21, 0.0, 0.0, 1.0842021724855044e-19]
1432363068969734144	[0.019561968759441918, -0.0003257491372802823, 0.019151158130224562, 0.8131516894877837, 0.013667189576198651]	[0.012889454383831841, 0.0002318221305307023, 0.01260300347281799, 0.04540714944077701, 0.01253981771059543]
1212271430257147904	[0.005079011392335605, -5.834439511337313e-05, 0.005079011392335605, 0.8512756741418306, 0.0009453091059479099]	[0.0, 6.776263578034403e-21, 0.0, 0.0, 1.0842021724855044e-19]
941038685818060800	[0.005079011392335605, -5.834439511337313e-05, 0.005079011392335605, 0.8512756741418306, 0.0009453091059479099]	[0.0, 6.776263578034403e-21, 0.0, 0.0, 1.0842021724855044e-19]
285050738	[0.005079011392335605, -5.834439511337313e-05, 0.005079011392335605, 0.8512756741418306, 0.0009453091059479099]	[0.0, 6.776263578034403e-21, 0.0, 0.0, 1.0842021724855044e-19]
1563911121681137669	[0.005079011392335605, -5.834439511337313e-05, 0.005079011392335605, 0.8512756741418306, 0.0009453091059479099]	[0.0, 6.776263578034403e-21, 0.0, 0.0, 1.0842021724855044e-19]
1406907752065110016	[0.00618313051150836, -0.00020556613132996607, 0.006001760385884685, 0.8487390562459586, 0.0021906860782868252]	[0.001364468285165344, 0.00018816283328179956, 0.0011454151335021224, 0.003285274856355787, 0.002071595092496227]
1567761967015772161	[0.005079011392335605, -5.834439511337313e-05, 0.005079011392335605, 0.8512756741418306, 0.0009453091059479099]	[0.0, 6.776263578034403e-21, 0.0, 0.0, 1.0842021724855044e-19]
1585801883985317889	[0.005079011392335605, -5.834439511337313e-05, 0.005079011392335605, 0.8512756741418306, 0.0009453091059479099]	[0.0, 6.776263578034403e-21, 0.0, 0.0, 1.0842021724855044e-19]
938384349342429184	[0.005079011392335605, -5.834439511337313e-05, 0.005079011392335605, 0.8512756741418306, 0.0009453091059479099]	[0.0, 6.776263578034403e-21, 0.0, 0.0, 1.0842021724855044e-19]
1425454693275168775	[0.005079011392335605, -5.834439511337313e-05, 0.005079011392335605, 0.8512756741418306, 0.0009453091059479099]	[0.0, 6.776263578034403e-21, 0.0, 0.0, 1.0842021724855044e-19]
1513648688417193984	[0.005079011392335605, -5.834439511337313e-05, 0.005079011392335605, 0.8512756741418306, 0.0009453091059479099]	[0.0, 6.776263578034403e-21, 0.0, 0.0, 1.0842021724855044e-19]
1576130850844184576	[0.005079011392335605, -5.834439511337313e-05, 0.005079011392335605, 0.8512756741418306, 0.0009453091059479099]	[0.0, 6.776263578034403e-21, 0.0, 0.0, 1.0842021724855044e-19]
1541974408058773504	[0.005079011392335605, -5.834439511337313e-05, 0.005079011392335605, 0.8512756741418306, 0.0009453091059479099]	[0.0, 6.776263578034403e-21, 0.0, 0.0, 1.0842021724855044e-19]
1573696002644664322	[0.005079011392335605, -5.834439511337313e-05, 0.005079011392335605, 0.8512756741418306, 0.0009453091059479099]	[0.0, 6.776263578034403e-21, 0.0, 0.0, 1.0842021724855044e-19]
1577959393940881408	[0.005079011392335605, -5.834439511337313e-05, 0.005079011392335605, 0.8512756741418306, 0.0009453091059479099]	[0.0, 6.776263578034403e-21, 0.0, 0.0, 1.0842021724855044e-19]
1526108537293680640	[0.005079011392335605, -5.834439511337313e-05, 0.005079011392335605, 0.8512756741418306, 0.0009453091059479099]	[0.0, 6.776263578034403e-21, 0.0, 0.0, 1.0842021724855044e-19]
1219459547124858888	[0.0093600699141416, 6.916632606663098e-05, 0.008544803561489112, 0.8492308580216102, 0.005653918273144652]	[0.004726897333705946, 0.0003717118197761037, 0.0036759845512009314, 0.00440029797431599, 0.005885591679152499]
4405807395	[0.005079011392335605, -5.834439511337313e-05, 0.005079011392335605, 0.8512756741418306, 0.0009453091059479099]	[0.0, 6.776263578034403e-21, 0.0, 0.0, 1.0842021724855044e-19]
1424640593938944005	[0.005079011392335605, -5.834439511337313e-05, 0.005079011392335605, 0.8512756741418306, 0.0009453091059479099]	[0.0, 6.776263578034403e-21, 0.0, 0.0, 1.0842021724855044e-19]
1348724621034483712	[0.005079011392335605, -5.834439511337313e-05, 0.005079011392335605, 0.8512756741418306, 0.0009453091059479099]	[0.0, 6.776263578034403e-21, 0.0, 0.0, 1.0842021724855044e-19]
1597126178804039682	[0.005079011392335605, -5.834439511337313e-05, 0.005079011392335605, 0.8512756741418306, 0.0009453091059479099]	[0.0, 6.776263578034403e-21, 0.0, 0.0, 1.0842021724855044e-19]
3022955977	[0.005079011392335605, -5.834439511337313e-05, 0.005079011392335605, 0.8512756741418306, 0.0009453091059479099]	[0.0, 6.776263578034403e-21, 0.0, 0.0, 1.0842021724855044e-19]
1304838924188123136	[0.005446850146619808, -0.00013170354650289054, 0.0054633547458605184, 0.849928201691607, 0.001266157486051342]	[0.0007356775085684067, 0.00014671830277903484, 0.0007686867070498288, 0.002694944900447238, 0.0006416967602068644]
1535843539778564096	[0.005079011392335605, -5.834439511337313e-05, 0.005079011392335605, 0.8512756741418306, 0.0009453091059479099]	[0.0, 6.776263578034403e-21, 0.0, 0.0, 1.0842021724855044e-19]
1307008631771148288	[0.005079011392335605, -5.834439511337313e-05, 0.005079011392335605, 0.8512756741418306, 0.0009453091059479099]	[0.0, 6.776263578034403e-21, 0.0, 0.0, 1.0842021724855044e-19]
786189623944843264	[0.0056067548793285295, -0.00030925891393606233, 0.005064641865013424, 0.8472600457257313, 0.0029245789347692995]	[0.0007248379467034144, 0.00033147984955408233, 0.0009089093172390668, 0.006122388735225934, 0.002938460565661726]
1381436262633111552	[0.005079011392335605, -5.834439511337313e-05, 0.005079011392335605, 0.8512756741418306, 0.0009453091059479099]	[0.0, 6.776263578034403e-21, 0.0, 0.0, 1.0842021724855044e-19]
1103457912335331328	[0.0052969988013561835, -0.0001250127939141901, 0.00530881757245631, 0.8509198865520231, 0.00103694082574513]	[0.0004359748180411578, 0.00013333679760163395, 0.0004596123602414105, 0.0007115751796148207, 0.00018326343959444003]
1541974408058773512	[0.0050087198334419665, -0.00029372722482783406, 0.0047024463566132145, 0.8513023628473932, 0.0018377136076915459]	[0.0001405831177872758, 0.0004707656594289219, 0.0007531300714447799, 5.337741112554362e-05, 0.0017848090034872722]
1241224210107658240	[0.020678018063861412, -3.505683060558828e-05, 0.015406951444474246, 0.8299850715936585, 0.02096704092979585]	[0.019383928880555932, 2.8521325259400926e-05, 0.013053811069273637, 0.028649008650330786, 0.024536402762721413]
1265631236028084224	[0.0052546892191994, -0.00013207518235144893, 0.00523881917035557, 0.8508278198273832, 0.0011999793781183564]	[0.0003513556537275895, 0.00014746157447615162, 0.00031961555603993196, 0.0008957086288949867, 0.0005093405443408932]
1573022912000319488	[0.005079011392335605, -5.834439511337313e-05, 0.005079011392335605, 0.8512756741418306, 0.0009453091059479099]	[0.0, 6.776263578034403e-21, 0.0, 0.0, 1.0842021724855044e-19]
1476984898477260800	[0.005287520350836798, -0.0001334677218532006, 0.005258106820071122, 0.8495904131073907, 0.00120812987641364]	[0.0004170179170023866, 0.00015024665347965492, 0.0003581908554710363, 0.0033705220688798223, 0.0005256415409314605]
1603172736351670272	[0.005079011392335605, -5.834439511337313e-05, 0.005079011392335605, 0.8512756741418306, 0.0009453091059479099]	[0.0, 6.776263578034403e-21, 0.0, 0.0, 1.0842021724855044e-19]
1562198318276431876	[0.005618981462854313, -3.926005140717212e-05, 0.0056478581578131085, 0.8501289537574875, 0.0012222362551896908]	[0.0010799401410374171, 3.8168687412402e-05, 0.0011376935309550084, 0.00229344076868605, 0.0005538542984835622]
1604350270472916993	[0.005079011392335605, -5.834439511337313e-05, 0.005079011392335605, 0.8512756741418306, 0.0009453091059479099]	[0.0, 6.776263578034403e-21, 0.0, 0.0, 1.0842021724855044e-19]
1176972315537694720	[0.009965361117119927, -0.00018187611651151415, 0.009463043785030881, 0.8495065616857206, 0.007293018273151158]	[0.005177457016755311, 0.00020174725126037042, 0.0046512029810126965, 0.0032214262576327163, 0.007660209287060912]
1308151079222345728	[0.005079011392335605, -5.834439511337313e-05, 0.005079011392335605, 0.8512756741418306, 0.0009453091059479099]	[0.0, 6.776263578034403e-21, 0.0, 0.0, 1.0842021724855044e-19]
1360507235936456704	[0.009360023376496843, -2.477269330651246e-06, 0.00909863025249937, 0.8500770463987284, 0.0036658665246587993]	[0.005244533117407746, 6.848188941464484e-05, 0.00492397077088619, 0.001750968916850005, 0.0033582904555624826]
1559593258086305792	[0.005079011392335605, -5.834439511337313e-05, 0.005079011392335605, 0.8512756741418306, 0.0009453091059479099]	[0.0, 6.776263578034403e-21, 0.0, 0.0, 1.0842021724855044e-19]
1518068230341881856	[0.005079011392335605, -5.834439511337313e-05, 0.005079011392335605, 0.8512756741418306, 0.0009453091059479099]	[0.0, 6.776263578034403e-21, 0.0, 0.0, 1.0842021724855044e-19]
