1524084713178431488	[0.08299267179560968, 0.03991020833008948, -0.061716504239783296, 0.6436549429657795, 0.009932487687529109]	[0.0, 0.0, 0.0, 0.0, 0.0]
1257959303945900032	[0.06116364451619179, 0.00598743181403188, -0.6344569436869318, 0.5243358129649309, 0.08793128029654976]	[0.0, 0.0, 0.0, 0.0, 0.0]
3295465306	[0.08299267179560968, 0.03991020833008948, -0.061716504239783296, 0.6436549429657795, 0.009932487687529109]	[0.0, 0.0, 0.0, 0.0, 0.0]
975175578365190144	[0.05645479965385536, -0.0017614964686309279, -0.8971932135036601, 0.4934873433275989, 0.1586599241466498]	[0.0, 0.0, 0.0, 0.0, 0.0]
1558953336916922368	[0.08299267179560968, 0.03991020833008948, -0.061716504239783296, 0.6436549429657795, 0.009932487687529109]	[0.0, 0.0, 0.0, 0.0, 0.0]
1390960631759523840	[0.08299267179560968, 0.03991020833008948, -0.061716504239783296, 0.6436549429657795, 0.009932487687529109]	[0.0, 0.0, 0.0, 0.0, 0.0]
1267281706245128192	[0.08299267179560968, 0.03991020833008948, -0.061716504239783296, 0.6436549429657795, 0.009932487687529109]	[0.0, 0.0, 0.0, 0.0, 0.0]
1582074009470267392	[0.2896529947389987, 0.24593861659349378, -4.560963867372656, 0.36324089178901575, 0.9515669515669515]	[0.0, 2.7755575615628914e-17, 0.0, 0.0, 1.1102230246251565e-16]
1567948218499239936	[0.06116364451619179, 0.00598743181403188, -0.6344569436869318, 0.5243358129649309, 0.08793128029654976]	[0.0, 0.0, 0.0, 0.0, 0.0]
938634317294653440	[-3.192044076452707e-16, -3.192044076452707e-16, 0.28850375412318474, 0.5, 1.0]	[0.0, 0.0, 0.0, 0.0, 0.0]
1524540516561559552	[0.08299267179560968, 0.03991020833008948, -0.061716504239783296, 0.6436549429657795, 0.009932487687529109]	[0.0, 0.0, 0.0, 0.0, 0.0]
1560479529881063424	[2.412676047673054e-69, 2.412676047673054e-69, -2.0058292010880117e-33, 0.6666666666666666, 1.0]	[0.0, 0.0, 0.0, 0.0, 0.0]
1509439556860456960	[0.08299267179560968, 0.03991020833008948, -0.061716504239783296, 0.6436549429657795, 0.009932487687529109]	[0.0, 0.0, 0.0, 0.0, 0.0]
1221958979573764096	[0.06116364451619179, 0.00598743181403188, -0.6344569436869318, 0.5243358129649309, 0.08793128029654976]	[0.0, 0.0, 0.0, 0.0, 0.0]
974798197531930624	[-3.173027367990618e-20, -3.118246260383988e-20, -1.5141030153989425e-16, 0.7982456140350878, 0.43333333333333335]	[0.0, 0.0, 0.0, 0.0, 0.0]
1705999885	[0.08299267179560968, 0.03991020833008948, -0.061716504239783296, 0.6436549429657795, 0.009932487687529109]	[0.0, 0.0, 0.0, 0.0, 0.0]
175625853	[0.08299267179560968, 0.03991020833008948, -0.061716504239783296, 0.6436549429657795, 0.009932487687529109]	[0.0, 0.0, 0.0, 0.0, 0.0]
1557748313948147712	[2.275523587069044e-05, 2.2755235870690433e-05, 2.2755236280883932e-05, 0.058823529411764705, 1.0]	[0.0, 0.0, 0.0, 0.0, 0.0]
390960016	[-6.8484037145553465e-19, -6.8484037145553465e-19, 3.5828260899839744e-19, 1.0, 7.5]	[0.0, 0.0, 0.0, 0.0, 0.0]
1536055318542794752	[0.05645479965385536, -0.0017614964686309279, -0.8971932135036601, 0.4934873433275989, 0.1586599241466498]	[0.0, 0.0, 0.0, 0.0, 0.0]
1212271430257147904	[0.06116364451619179, 0.00598743181403188, -0.6344569436869318, 0.5243358129649309, 0.08793128029654976]	[0.0, 0.0, 0.0, 0.0, 0.0]
941038685818060800	[0.3798365620557998, 0.32233716692779485, -5.9989742104220145, 0.33119906868451693, 1.3547619047619046]	[5.551115123125783e-17, 5.551115123125783e-17, 8.881784197001252e-16, 5.551115123125783e-17, 2.220446049250313e-16]
285050738	[0.2720055534782371, 0.21457736381555784, -3.819974242517573, 0.3768267223382045, 0.7278225806451614]	[0.0, 2.7755575615628914e-17, 0.0, 5.551115123125783e-17, 1.1102230246251565e-16]
1406907752065110016	[0.08299267179560968, 0.03991020833008948, -0.061716504239783296, 0.6436549429657795, 0.009932487687529109]	[0.0, 0.0, 0.0, 0.0, 0.0]
1526108537293680640	[0.05645479965385536, -0.0017614964686309279, -0.8971932135036601, 0.4934873433275989, 0.1586599241466498]	[0.0, 0.0, 0.0, 0.0, 0.0]
4405807395	[0.05645479965385536, -0.0017614964686309279, -0.8971932135036601, 0.4934873433275989, 0.1586599241466498]	[0.0, 0.0, 0.0, 0.0, 0.0]
1535843539778564096	[0.08299267179560968, 0.03991020833008948, -0.061716504239783296, 0.6436549429657795, 0.009932487687529109]	[0.0, 0.0, 0.0, 0.0, 0.0]
1307008631771148288	[0.05645479965385536, -0.0017614964686309279, -0.8971932135036601, 0.4934873433275989, 0.1586599241466498]	[0.0, 0.0, 0.0, 0.0, 0.0]
1265631236028084224	[0.05645479965385536, -0.0017614964686309279, -0.8971932135036601, 0.4934873433275989, 0.1586599241466498]	[0.0, 0.0, 0.0, 0.0, 0.0]
1573022912000319488	[2.751095359795813e-76, 2.751095359795813e-76, 2.9864001464269176e-09, 1.0, 1.5]	[0.0, 0.0, 0.0, 0.0, 0.0]
1176972315537694720	[0.05645479965385536, -0.0017614964686309279, -0.8971932135036601, 0.4934873433275989, 0.1586599241466498]	[0.0, 0.0, 0.0, 0.0, 0.0]
1308151079222345728	[0.05645479965385536, -0.0017614964686309279, -0.8971932135036601, 0.4934873433275989, 0.1586599241466498]	[0.0, 0.0, 0.0, 0.0, 0.0]
1360507235936456704	[0.05645479965385536, -0.0017614964686309279, -0.8971932135036601, 0.4934873433275989, 0.1586599241466498]	[0.0, 0.0, 0.0, 0.0, 0.0]
1559593258086305792	[0.05645479965385536, -0.0017614964686309279, -0.8971932135036601, 0.4934873433275989, 0.1586599241466498]	[0.0, 0.0, 0.0, 0.0, 0.0]
1518068230341881856	[-3.925759488155337e-06, -3.925759488155337e-06, -3.925766732954692e-06, 0.07692307692307693, 2.5]	[0.0, 0.0, 0.0, 0.0, 0.0]
