3494467722202453457	[3.6714897857632545e-07, -5.5142200145116784e-08, 3.538176290189819e-07, 0.6361953251562138, 0.009761207279183311]	[0.0, 0.0, 0.0, 0.0, 0.0]
1024693152511880938	[2.548078372801872e-06, -8.6053071305829e-07, 2.6738200925514377e-06, 0.539955357142857, 0.28893932154801744]	[1.6940658945086007e-21, 4.235164736271502e-22, 1.2705494208814505e-21, 1.1102230246251565e-16, 2.220446049250313e-16]
4178558502	[5.221332292515472e-07, -8.183362617854651e-08, 5.145457283407146e-07, 0.6267535070140281, 0.018189749182115595]	[0.0, 0.0, 0.0, 0.0, 0.0]
294988534320751376	[1.1181550398654146e-06, -8.667092218185347e-07, 9.213459212744805e-07, 0.5855490342147358, 0.1352519674138436]	[8.870637824028907e-07, 1.4020004019731885e-07, 1.06471694431708e-06, 0.016582152685374107, 0.07925017066502789]
6455640750484959777	[5.221332292515472e-07, -8.183362617854651e-08, 5.145457283407146e-07, 0.6267535070140281, 0.018189749182115595]	[0.0, 0.0, 0.0, 0.0, 0.0]
4560210361143373118	[3.0207923443762824e-07, -5.953760057905938e-07, 8.743867919437059e-08, 0.6110313128411377, 0.03482603356528858]	[0.0, 0.0, 0.0, 0.0, 0.0]
5178248530134753746	[5.221332292515472e-07, -8.183362617854651e-08, 5.145457283407146e-07, 0.6267535070140281, 0.018189749182115595]	[0.0, 0.0, 0.0, 0.0, 0.0]
4390662217311840551	[-2.9480752866771825e-07, -1.0651116293442038e-06, 3.6145343051900637e-06, 0.4675509237328281, 2.349999999999996]	[3.705769144237564e-22, 1.4823076576950256e-21, 4.658681209898652e-21, 5.551115123125783e-17, 3.9968028886505635e-15]
8362571115292085871	[4.1387467272682907e-07, -4.4082760518109586e-07, 2.46326093046759e-07, 0.6323823109843081, 0.0337351414699481]	[5.293955920339377e-23, 0.0, 0.0, 0.0, 0.0]
340331678738868651	[-4.6918932803282e-09, -4.6918932803282e-09, 1.220388943087662e-06, 0.5, 1.0]	[0.0, 0.0, 0.0, 0.0, 0.0]
6136514097930286821	[3.0207923443762824e-07, -5.953760057905938e-07, 8.743867919437059e-08, 0.6110313128411377, 0.03482603356528858]	[0.0, 0.0, 0.0, 0.0, 0.0]
9338692585369248602	[2.507980053581273e-10, 0.0, -4.529503573161749e-09, 0.6666666666666666, 1.0]	[0.0, 0.0, 0.0, 0.0, 0.0]
3401978167767482846	[3.6714897857632545e-07, -5.5142200145116784e-08, 3.538176290189819e-07, 0.6361953251562138, 0.009761207279183311]	[0.0, 0.0, 0.0, 0.0, 0.0]
8669607297224139560	[4.139967087399783e-07, -9.678303651256053e-07, 7.618582799756427e-08, 0.5944364088390374, 0.07067269575890266]	[4.062803020124376e-09, 1.374151785717142e-08, 4.847134144299898e-09, 0.0059707645813108215, 0.002724497404862878]
600224862451634614	[-3.4606087345273386e-09, -2.246844424426707e-09, -4.81902362889098e-09, 0.5, 1.6666666666666667]	[0.0, 0.0, 8.271806125530277e-25, 0.0, 0.0]
5690872758	[2.7721226738693285e-07, -5.412749979569058e-07, 7.700454311966212e-08, 0.6114285714285714, 0.029673971861471863]	[0.0, 0.0, 0.0, 0.0, 0.0]
733054061	[1.1119468319259062e-06, 8.656507705673436e-07, -1.1186027930629579e-06, 0.49006622516556314, 37.0]	[1.4823076576950256e-21, 3.1763735522036263e-22, 1.9058241313221758e-21, 2.220446049250313e-16, 0.0]
9612728508475910533	[2.0281731338416188e-08, 0.0, 1.419615278709831e-08, 0.058823529411764705, 1.0]	[0.0, 0.0, 0.0, 0.0, 0.0]
930758024	[-2.5696549771805027e-08, -2.5696549771805027e-08, -1.5346475912925986e-08, 1.0, 7.5]	[3.308722450212111e-24, 3.308722450212111e-24, 9.926167350636332e-24, 0.0, 0.0]
3436943350247801880	[-1.0783289025398934e-06, -1.6874745289593756e-06, 5.098543345053995e-06, 0.4270952927669351, 4.769230769230773]	[2.117582368135751e-22, 2.964615315390051e-21, 9.317362419797304e-21, 5.551115123125783e-16, 3.552713678800501e-15]
2498323155408435998	[4.168695443061335e-07, -9.775470855862071e-07, 7.961326942031958e-08, 0.5986583769633508, 0.07259920634920634]	[1.0587911840678754e-22, 2.117582368135751e-22, 0.0, 0.0, 0.0]
253551668057041976	[2.8702140356522266e-06, -6.784611453466217e-07, 4.175673511889621e-06, 0.5308554917504024, 0.30035261153779336]	[3.7359955411634874e-07, 1.0296087180022114e-07, 9.832111017880304e-07, 0.011289134786149398, 0.031995097840099754]
459798403	[4.850169057364303e-07, -1.2198461852919256e-06, 6.357043369375736e-08, 0.5777855641205327, 0.0979448800190069]	[0.0, 0.0, 0.0, 1.1102230246251565e-16, 1.3877787807814457e-17]
4857150667191835610	[1.9615138073727788e-06, -6.578950693656585e-07, 2.1167096401076602e-06, 0.5504016064257028, 0.1919467787114847]	[8.470329472543003e-22, 2.117582368135751e-22, 8.470329472543003e-22, 0.0, 8.326672684688674e-17]
5509745824675249035	[1.5450153423357704e-06, -7.826669578471886e-07, 1.5734273194702644e-06, 0.5592782572959065, 0.1589627513486295]	[4.850725948970154e-07, 4.4268144008995344e-07, 7.10462164787708e-07, 0.0022947523287445066, 0.004012599980864928]
6346444207	[4.168695443061335e-07, -9.775470855862071e-07, 7.961326942031958e-08, 0.5986583769633508, 0.07259920634920634]	[1.0587911840678754e-22, 2.117582368135751e-22, 0.0, 0.0, 0.0]
7214220406397692302	[3.6305365088466177e-07, -7.265646080709957e-07, 9.946878095107709e-08, 0.6131252868288205, 0.04849012775842044]	[5.293955920339377e-23, 0.0, 1.3234889800848443e-23, 1.1102230246251565e-16, 0.0]
6134905202863052505	[2.878611987810175e-06, -9.566952611950136e-07, 4.231832540416329e-06, 0.5464010147278356, 0.3670684063098924]	[1.0589737626976924e-06, 3.4502474237317916e-07, 2.4423335517247038e-06, 0.004619485387362398, 0.20221303766973223]
3280248786635602410	[3.0207923443762824e-07, -5.953760057905938e-07, 8.743867919437059e-08, 0.6110313128411377, 0.03482603356528858]	[0.0, 0.0, 0.0, 0.0, 0.0]
1333652305469402223	[7.497351241752863e-10, 7.497351241752863e-10, 1.6378150481781257e-08, 1.0, 3.5]	[2.0679515313825692e-25, 2.0679515313825692e-25, 3.308722450212111e-24, 0.0, 0.0]
9306606286951520629	[5.481077726984146e-07, -1.0726922806664935e-06, 1.2517129451802421e-06, 0.5259138369921182, 0.6389579103222286]	[2.067797264138563e-06, 1.8933219688182103e-07, 2.4342014891958295e-06, 0.009779786892178354, 0.1601205331618047]
1002984234154611898	[-2.376447459474327e-07, -7.452275793052796e-07, 2.3285377741991487e-06, 0.5186739404112471, 1.2459677419354847]	[3.441071348220595e-22, 2.117582368135751e-22, 2.964615315390051e-21, 7.771561172376096e-16, 8.881784197001252e-16]
4597038935581439412	[3.594076513360364e-06, -7.447211389730623e-07, 4.915969251622768e-06, 0.5229381443298968, 0.39690923317683874]	[8.470329472543003e-22, 2.117582368135751e-22, 3.3881317890172014e-21, 1.1102230246251565e-16, 5.551115123125783e-17]
6722999109224040041	[-9.605898511893599e-09, -2.8181074749060876e-09, -1.1664335981740956e-08, 0.07692307692307693, 2.5]	[0.0, 0.0, 0.0, 0.0, 0.0]
