1524084713178431488	[3.373888127496692e-05, 3.359115596955918e-05, 1.90425721638077e-05, 0.6436549429657795, 0.009932487687529109]	[0.0, 0.0, 0.0, 0.0, 0.0]
1257959303945900032	[0.00010595196584073477, 0.00010560309932085155, 8.052662886442419e-05, 0.5243358129649309, 0.08793128029654976]	[0.0, 0.0, 0.0, 0.0, 0.0]
3295465306	[3.373888127496692e-05, 3.359115596955918e-05, 1.90425721638077e-05, 0.6436549429657795, 0.009932487687529109]	[0.0, 0.0, 0.0, 0.0, 0.0]
975175578365190144	[0.00015198465670147095, 0.00015152765113720008, 0.00012831963388059943, 0.4934873433275989, 0.1586599241466498]	[0.0, 0.0, 0.0, 0.0, 0.0]
1558953336916922368	[3.373888127496692e-05, 3.359115596955918e-05, 1.90425721638077e-05, 0.6436549429657795, 0.009932487687529109]	[0.0, 0.0, 0.0, 0.0, 0.0]
1390960631759523840	[3.373888127496692e-05, 3.359115596955918e-05, 1.90425721638077e-05, 0.6436549429657795, 0.009932487687529109]	[0.0, 0.0, 0.0, 0.0, 0.0]
1267281706245128192	[3.373888127496692e-05, 3.359115596955918e-05, 1.90425721638077e-05, 0.6436549429657795, 0.009932487687529109]	[0.0, 0.0, 0.0, 0.0, 0.0]
1582074009470267392	[0.00015413675595056864, 0.000153674820655211, 3.4419257125373727e-06, 0.36324089178901575, 0.9515669515669515]	[2.710505431213761e-20, 2.710505431213761e-20, 4.235164736271502e-22, 0.0, 1.1102230246251565e-16]
1567948218499239936	[0.00010595196584073477, 0.00010560309932085155, 8.052662886442419e-05, 0.5243358129649309, 0.08793128029654976]	[0.0, 0.0, 0.0, 0.0, 0.0]
938634317294653440	[-2.802627743772561e-06, -2.802627743772561e-06, 8.750952434678595e-05, 0.5, 1.0]	[0.0, 0.0, 0.0, 0.0, 0.0]
1524540516561559552	[3.373888127496692e-05, 3.359115596955918e-05, 1.90425721638077e-05, 0.6436549429657795, 0.009932487687529109]	[0.0, 0.0, 0.0, 0.0, 0.0]
1560479529881063424	[9.469505666552191e-07, 9.469505666552191e-07, -4.1070500078514e-06, 0.6666666666666666, 1.0]	[0.0, 0.0, 0.0, 0.0, 0.0]
1509439556860456960	[3.373888127496692e-05, 3.359115596955918e-05, 1.90425721638077e-05, 0.6436549429657795, 0.009932487687529109]	[0.0, 0.0, 0.0, 0.0, 0.0]
1221958979573764096	[0.00010595196584073477, 0.00010560309932085155, 8.052662886442419e-05, 0.5243358129649309, 0.08793128029654976]	[0.0, 0.0, 0.0, 0.0, 0.0]
974798197531930624	[-2.6621276885447235e-06, -2.664717189075125e-06, -2.326050705000676e-06, 0.7982456140350878, 0.43333333333333335]	[0.0, 0.0, 0.0, 0.0, 0.0]
1705999885	[3.373888127496692e-05, 3.359115596955918e-05, 1.90425721638077e-05, 0.6436549429657795, 0.009932487687529109]	[0.0, 0.0, 0.0, 0.0, 0.0]
175625853	[3.373888127496692e-05, 3.359115596955918e-05, 1.90425721638077e-05, 0.6436549429657795, 0.009932487687529109]	[0.0, 0.0, 0.0, 0.0, 0.0]
1557748313948147712	[3.3680086121772273e-05, 3.3680086121772273e-05, 2.9482081721301614e-05, 0.058823529411764705, 1.0]	[0.0, 0.0, 0.0, 0.0, 0.0]
390960016	[-1.7616984422967004e-05, -1.7616984422967004e-05, -1.0295997642116034e-05, 1.0, 7.5]	[0.0, 0.0, 0.0, 0.0, 0.0]
1536055318542794752	[0.00015198465670147095, 0.00015152765113720008, 0.00012831963388059943, 0.4934873433275989, 0.1586599241466498]	[0.0, 0.0, 0.0, 0.0, 0.0]
1212271430257147904	[0.00010595196584073477, 0.00010560309932085155, 8.052662886442419e-05, 0.5243358129649309, 0.08793128029654976]	[0.0, 0.0, 0.0, 0.0, 0.0]
941038685818060800	[0.00020979609833914932, 0.00020916734172568655, 4.732078899689046e-06, 0.33119906868451693, 1.3547619047619046]	[2.710505431213761e-20, 2.710505431213761e-20, 0.0, 5.551115123125783e-17, 2.220446049250313e-16]
285050738	[0.0001335414922404884, 0.00013314223991553792, 5.496506403991922e-06, 0.3768267223382045, 0.7278225806451614]	[0.0, 0.0, 8.470329472543003e-22, 5.551115123125783e-17, 1.1102230246251565e-16]
1406907752065110016	[3.373888127496692e-05, 3.359115596955918e-05, 1.90425721638077e-05, 0.6436549429657795, 0.009932487687529109]	[0.0, 0.0, 0.0, 0.0, 0.0]
1526108537293680640	[0.00015198465670147095, 0.00015152765113720008, 0.00012831963388059943, 0.4934873433275989, 0.1586599241466498]	[0.0, 0.0, 0.0, 0.0, 0.0]
4405807395	[0.00015198465670147095, 0.00015152765113720008, 0.00012831963388059943, 0.4934873433275989, 0.1586599241466498]	[0.0, 0.0, 0.0, 0.0, 0.0]
1535843539778564096	[3.373888127496692e-05, 3.359115596955918e-05, 1.90425721638077e-05, 0.6436549429657795, 0.009932487687529109]	[0.0, 0.0, 0.0, 0.0, 0.0]
1307008631771148288	[0.00015198465670147095, 0.00015152765113720008, 0.00012831963388059943, 0.4934873433275989, 0.1586599241466498]	[0.0, 0.0, 0.0, 0.0, 0.0]
1265631236028084224	[0.00015198465670147095, 0.00015152765113720008, 0.00012831963388059943, 0.4934873433275989, 0.1586599241466498]	[0.0, 0.0, 0.0, 0.0, 0.0]
1573022912000319488	[1.5646818122529902e-06, 1.5646803337737734e-06, 6.469764190788759e-06, 1.0, 1.5]	[0.0, 0.0, 0.0, 0.0, 0.0]
1176972315537694720	[0.00015198465670147095, 0.00015152765113720008, 0.00012831963388059943, 0.4934873433275989, 0.1586599241466498]	[0.0, 0.0, 0.0, 0.0, 0.0]
1308151079222345728	[0.00015198465670147095, 0.00015152765113720008, 0.00012831963388059943, 0.4934873433275989, 0.1586599241466498]	[0.0, 0.0, 0.0, 0.0, 0.0]
1360507235936456704	[0.00015198465670147095, 0.00015152765113720008, 0.00012831963388059943, 0.4934873433275989, 0.1586599241466498]	[0.0, 0.0, 0.0, 0.0, 0.0]
1559593258086305792	[0.00015198465670147095, 0.00015152765113720008, 0.00012831963388059943, 0.4934873433275989, 0.1586599241466498]	[0.0, 0.0, 0.0, 0.0, 0.0]
1518068230341881856	[2.1652730824282296e-06, 2.1655066594773704e-06, 1.1266503289580836e-06, 0.07692307692307693, 2.5]	[0.0, 0.0, 0.0, 0.0, 0.0]
