1524084713178431488	[0.0001309367918589458, -1.3138256080267551e-05, 0.00014827543931599958, 0.6436972793156707, 0.00993432126472821]	[0.0, 0.0, 0.0, 0.0, 0.0]
1257959303945900032	[0.0006336798058361347, -1.7469231526724284e-09, 0.0007694143782574801, 0.5243358129649309, 0.08793128029654976]	[0.0, 0.0, 0.0, 0.0, 0.0]
3295465306	[0.0001309367918589458, -1.3138256080267551e-05, 0.00014827543931599958, 0.6436972793156707, 0.00993432126472821]	[0.0, 0.0, 0.0, 0.0, 0.0]
975175578365190144	[0.0009421080299156692, -2.597195483619186e-09, 0.0011439081021881123, 0.4934873433275989, 0.1586599241466498]	[0.0, 0.0, 0.0, 0.0, 0.0]
1558953336916922368	[0.0001309367918589458, -1.3138256080267551e-05, 0.00014827543931599958, 0.6436972793156707, 0.00993432126472821]	[0.0, 0.0, 0.0, 0.0, 0.0]
1390960631759523840	[0.0001309367918589458, -1.3138256080267551e-05, 0.00014827543931599958, 0.6436972793156707, 0.00993432126472821]	[0.0, 0.0, 0.0, 0.0, 0.0]
1267281706245128192	[0.0001309367918589458, -1.3138256080267551e-05, 0.00014827543931599958, 0.6436972793156707, 0.00993432126472821]	[0.0, 0.0, 0.0, 0.0, 0.0]
1582074009470267392	[2.0445068807192612e-12, 8.190709704426514e-131, 0.00021835078197327286, 0.36324089178901575, 0.9515669515669515]	[0.0, 0.0, 0.0, 0.0, 1.1102230246251565e-16]
1567948218499239936	[0.0006336798058361347, -1.7469231526724284e-09, 0.0007694143782574801, 0.5243358129649309, 0.08793128029654976]	[0.0, 0.0, 0.0, 0.0, 0.0]
938634317294653440	[0.0, 0.0, 6.563212177341535e-25, 0.5, 1.0]	[0.0, 0.0, 0.0, 0.0, 0.0]
1524540516561559552	[0.0001309367918589458, -1.3138256080267551e-05, 0.00014827543931599958, 0.6436972793156707, 0.00993432126472821]	[0.0, 0.0, 0.0, 0.0, 0.0]
1560479529881063424	[0.0, 0.0, 0.0, 0.6666666666666666, 1.0]	[0.0, 0.0, 0.0, 0.0, 0.0]
1509439556860456960	[0.0001309367918589458, -1.3138256080267551e-05, 0.00014827543931599958, 0.6436972793156707, 0.00993432126472821]	[0.0, 0.0, 0.0, 0.0, 0.0]
1221958979573764096	[0.0006336798058361347, -1.7469231526724284e-09, 0.0007694143782574801, 0.5243358129649309, 0.08793128029654976]	[0.0, 0.0, 0.0, 0.0, 0.0]
974798197531930624	[0.0, 0.0, 0.0, 0.7982456140350878, 0.43333333333333335]	[0.0, 0.0, 0.0, 0.0, 0.0]
1705999885	[0.0001309367918589458, -1.3138256080267551e-05, 0.00014827543931599958, 0.6436972793156707, 0.00993432126472821]	[0.0, 0.0, 0.0, 0.0, 0.0]
175625853	[0.0001309367918589458, -1.3138256080267551e-05, 0.00014827543931599958, 0.6436972793156707, 0.00993432126472821]	[0.0, 0.0, 0.0, 0.0, 0.0]
1557748313948147712	[0.0, 0.0, 0.0, 0.058823529411764705, 1.0]	[0.0, 0.0, 0.0, 0.0, 0.0]
390960016	[0.0, 0.0, 0.0, 1.0, 7.5]	[0.0, 0.0, 0.0, 0.0, 0.0]
1536055318542794752	[0.0009421080299156692, -2.597195483619186e-09, 0.0011439081021881123, 0.4934873433275989, 0.1586599241466498]	[0.0, 0.0, 0.0, 0.0, 0.0]
1212271430257147904	[0.0006336798058361347, -1.7469231526724284e-09, 0.0007694143782574801, 0.5243358129649309, 0.08793128029654976]	[0.0, 0.0, 0.0, 0.0, 0.0]
941038685818060800	[2.6286517037819072e-12, 1.0530912477119804e-130, 0.00028073671967992223, 0.33119906868451693, 1.3547619047619046]	[0.0, 0.0, 0.0, 5.551115123125783e-17, 2.220446049250313e-16]
285050738	[1.7250526806068765e-12, 8.289895338625461e-119, 0.000184233472289949, 0.3768267223382045, 0.7278225806451614]	[0.0, 0.0, 2.710505431213761e-20, 5.551115123125783e-17, 1.1102230246251565e-16]
1406907752065110016	[0.0001309367918589458, -1.3138256080267551e-05, 0.00014827543931599958, 0.6436972793156707, 0.00993432126472821]	[0.0, 0.0, 0.0, 0.0, 0.0]
1526108537293680640	[0.0009421080299156692, -2.597195483619186e-09, 0.0011439081021881123, 0.4934873433275989, 0.1586599241466498]	[0.0, 0.0, 0.0, 0.0, 0.0]
4405807395	[0.0009421080299156692, -2.597195483619186e-09, 0.0011439081021881123, 0.4934873433275989, 0.1586599241466498]	[0.0, 0.0, 0.0, 0.0, 0.0]
1535843539778564096	[0.0001309367918589458, -1.3138256080267551e-05, 0.00014827543931599958, 0.6436972793156707, 0.00993432126472821]	[0.0, 0.0, 0.0, 0.0, 0.0]
1307008631771148288	[0.0009421080299156692, -2.597195483619186e-09, 0.0011439081021881123, 0.4934873433275989, 0.1586599241466498]	[0.0, 0.0, 0.0, 0.0, 0.0]
1265631236028084224	[0.0009421080299156692, -2.597195483619186e-09, 0.0011439081021881123, 0.4934873433275989, 0.1586599241466498]	[0.0, 0.0, 0.0, 0.0, 0.0]
1573022912000319488	[0.0, 0.0, 0.0, 1.0, 1.5]	[0.0, 0.0, 0.0, 0.0, 0.0]
1176972315537694720	[0.0009421080299156692, -2.597195483619186e-09, 0.0011439081021881123, 0.4934873433275989, 0.1586599241466498]	[0.0, 0.0, 0.0, 0.0, 0.0]
1308151079222345728	[0.0009421080299156692, -2.597195483619186e-09, 0.0011439081021881123, 0.4934873433275989, 0.1586599241466498]	[0.0, 0.0, 0.0, 0.0, 0.0]
1360507235936456704	[0.0009421080299156692, -2.597195483619186e-09, 0.0011439081021881123, 0.4934873433275989, 0.1586599241466498]	[0.0, 0.0, 0.0, 0.0, 0.0]
1559593258086305792	[0.0009421080299156692, -2.597195483619186e-09, 0.0011439081021881123, 0.4934873433275989, 0.1586599241466498]	[0.0, 0.0, 0.0, 0.0, 0.0]
1518068230341881856	[0.0, 0.0, 0.0, 0.07692307692307693, 2.5]	[0.0, 0.0, 0.0, 0.0, 0.0]
