3494467722202453457	[0.0, -4.36003282101164e-09, 0.0, 0.6361953251562138, 0.009761207279183311]	[0.0, 0.0, 0.0, 0.0, 0.0]
1024693152511880938	[0.0, -2.1856248538656554e-08, 0.0, 0.539955357142857, 0.28893932154801744]	[0.0, 6.617444900424222e-24, 0.0, 1.1102230246251565e-16, 2.220446049250313e-16]
4178558502	[0.0, -6.250656688464029e-09, 0.0, 0.6267535070140281, 0.018189749182115595]	[0.0, 0.0, 0.0, 0.0, 0.0]
294988534320751376	[0.0, -3.1893122881936103e-08, 0.0, 0.5855490342147358, 0.1352519674138436]	[0.0, 1.0723815398627705e-08, 0.0, 0.016582152685374107, 0.07925017066502789]
6455640750484959777	[0.0, -6.250656688464029e-09, 0.0, 0.6267535070140281, 0.018189749182115595]	[0.0, 0.0, 0.0, 0.0, 0.0]
4560210361143373118	[0.0, -2.5634921588479183e-08, 0.0, 0.6110313128411377, 0.03482603356528858]	[0.0, 0.0, 0.0, 0.0, 0.0]
5178248530134753746	[0.0, -6.250656688464029e-09, 0.0, 0.6267535070140281, 0.018189749182115595]	[0.0, 0.0, 0.0, 0.0, 0.0]
4390662217311840551	[0.0, -2.5033647560454273e-08, 0.0, 0.4675509237328281, 2.349999999999996]	[0.0, 1.9852334701272664e-23, 0.0, 5.551115123125783e-17, 3.9968028886505635e-15]
8362571115292085871	[0.0, -2.0849093921860893e-08, 0.0, 0.6323823109843081, 0.0337351414699481]	[0.0, 0.0, 0.0, 0.0, 0.0]
340331678738868651	[-7.854722270163677e-12, -7.854722270163677e-12, 1.652022737071658e-08, 0.5, 1.0]	[0.0, 0.0, 0.0, 0.0, 0.0]
6136514097930286821	[0.0, -2.5634921588479183e-08, 0.0, 0.6110313128411377, 0.03482603356528858]	[0.0, 0.0, 0.0, 0.0, 0.0]
9338692585369248602	[1.9927008348636456e-13, 0.0, -4.501292195785322e-12, 0.6666666666666666, 1.0]	[0.0, 0.0, 0.0, 0.0, 0.0]
3401978167767482846	[0.0, -4.36003282101164e-09, 0.0, 0.6361953251562138, 0.009761207279183311]	[0.0, 0.0, 0.0, 0.0, 0.0]
8669607297224139560	[0.0, -3.995837863948339e-08, 0.0, 0.5944364088390374, 0.07067269575890266]	[0.0, 5.835960284142043e-10, 0.0, 0.0059707645813108215, 0.002724497404862878]
600224862451634614	[-4.294139646659426e-12, -2.34604007978858e-12, -6.613002166947106e-12, 0.5, 1.6666666666666667]	[8.077935669463161e-28, 0.0, 8.077935669463161e-28, 0.0, 0.0]
5690872758	[0.0, -2.3304685094350158e-08, 0.0, 0.6114285714285714, 0.029673971861471863]	[0.0, 0.0, 0.0, 0.0, 0.0]
733054061	[8.53442204067911e-09, 6.8464587784197234e-09, -1.035830636808782e-08, 0.49006622516556314, 37.0]	[1.6543612251060553e-24, 1.2407709188295415e-23, 1.9852334701272664e-23, 2.220446049250313e-16, 0.0]
9612728508475910533	[3.7509309884783645e-11, 0.0, 2.8613179884290217e-11, 0.058823529411764705, 1.0]	[0.0, 0.0, 0.0, 0.0, 0.0]
930758024	[-3.78793966319597e-11, -3.78793966319597e-11, -2.284261136269645e-11, 1.0, 7.5]	[1.9387045606711586e-26, 1.9387045606711586e-26, 1.2924697071141057e-26, 0.0, 0.0]
3436943350247801880	[0.0, -4.035704141385867e-08, 0.0, 0.4270952927669351, 4.769230769230773]	[0.0, 3.970466940254533e-23, 0.0, 5.551115123125783e-16, 3.552713678800501e-15]
2498323155408435998	[0.0, -4.0371043348648616e-08, 0.0, 0.5986583769633508, 0.07259920634920634]	[0.0, 0.0, 0.0, 0.0, 0.0]
253551668057041976	[0.0, -1.7193867874062727e-08, 0.0, 0.5308554917504024, 0.30035261153779336]	[0.0, 2.4550110157791825e-09, 0.0, 0.011289134786149398, 0.031995097840099754]
459798403	[0.0, -4.9600814719054854e-08, 0.0, 0.5777855641205327, 0.0979448800190069]	[0.0, 0.0, 0.0, 1.1102230246251565e-16, 1.3877787807814457e-17]
4857150667191835610	[0.0, -1.674366999216351e-08, 0.0, 0.5504016064257028, 0.1919467787114847]	[0.0, 6.617444900424222e-24, 0.0, 0.0, 8.326672684688674e-17]
5509745824675249035	[0.0, -2.340902564670818e-08, 0.0, 0.5592782572959065, 0.1589627513486295]	[0.0, 1.941490605630269e-08, 0.0, 0.0022947523287445066, 0.004012599980864928]
6346444207	[0.0, -4.0371043348648616e-08, 0.0, 0.5986583769633508, 0.07259920634920634]	[0.0, 0.0, 0.0, 0.0, 0.0]
7214220406397692302	[0.0, -3.1169822468762535e-08, 0.0, 0.6131252868288205, 0.04849012775842044]	[0.0, 0.0, 0.0, 1.1102230246251565e-16, 0.0]
6134905202863052505	[0.0, -2.453340619634535e-08, 0.0, 0.5464010147278356, 0.3670684063098924]	[0.0, 8.994812588801143e-09, 0.0, 0.004619485387362398, 0.20221303766973223]
3280248786635602410	[0.0, -2.5634921588479183e-08, 0.0, 0.6110313128411377, 0.03482603356528858]	[0.0, 0.0, 0.0, 0.0, 0.0]
1333652305469402223	[4.719835769191922e-13, 4.719835769191922e-13, 3.4244098160530525e-11, 1.0, 3.5]	[1.0097419586828951e-28, 1.0097419586828951e-28, 0.0, 0.0, 0.0]
9306606286951520629	[0.0, -2.631843068733129e-08, 0.0, 0.5259138369921182, 0.6389579103222286]	[0.0, 4.282045181505097e-09, 0.0, 0.009779786892178354, 0.1601205331618047]
1002984234154611898	[0.0, -1.692037197692618e-08, 0.0, 0.5186739404112471, 1.2459677419354847]	[0.0, 9.926167350636332e-24, 0.0, 7.771561172376096e-16, 8.881784197001252e-16]
4597038935581439412	[0.0, -1.8376812188114466e-08, 0.0, 0.5229381443298968, 0.39690923317683874]	[0.0, 0.0, 0.0, 1.1102230246251565e-16, 5.551115123125783e-17]
6722999109224040041	[-3.3313896170689947e-11, -3.1593176476917426e-12, -3.765559613738503e-11, 0.07692307692307693, 2.5]	[0.0, 0.0, 0.0, 0.0, 0.0]
