1524084713178431488	[0.0012154444070142168, 0.00121195403842408, 0.0016558450699194153, 0.6436549429657795, 0.009932487687529109]	[0.0, 0.0, 0.0, 0.0, 0.0]
1257959303945900032	[0.005821147002842617, 0.005821331911286205, 0.00856587331127404, 0.5243358129649309, 0.08793128029654976]	[0.0, 0.0, 0.0, 0.0, 0.0]
3295465306	[0.0012154444070142168, 0.00121195403842408, 0.0016558450699194153, 0.6436549429657795, 0.009932487687529109]	[0.0, 0.0, 0.0, 0.0, 0.0]
975175578365190144	[0.008654448641401568, 0.008654723549530074, 0.012735103684028927, 0.4934873433275989, 0.1586599241466498]	[0.0, 0.0, 0.0, 0.0, 0.0]
1558953336916922368	[0.0012154444070142168, 0.00121195403842408, 0.0016558450699194153, 0.6436549429657795, 0.009932487687529109]	[0.0, 0.0, 0.0, 0.0, 0.0]
1390960631759523840	[0.0012154444070142168, 0.00121195403842408, 0.0016558450699194153, 0.6436549429657795, 0.009932487687529109]	[0.0, 0.0, 0.0, 0.0, 0.0]
1267281706245128192	[0.0012154444070142168, 0.00121195403842408, 0.0016558450699194153, 0.6436549429657795, 0.009932487687529109]	[0.0, 0.0, 0.0, 0.0, 0.0]
1582074009470267392	[8.183841474213931e-07, 8.183841474213931e-07, 0.0025583310574067504, 0.36324089178901575, 0.9515669515669515]	[0.0, 0.0, 4.336808689942018e-19, 0.0, 1.1102230246251565e-16]
1567948218499239936	[0.005821147002842617, 0.005821331911286205, 0.00856587331127404, 0.5243358129649309, 0.08793128029654976]	[0.0, 0.0, 0.0, 0.0, 0.0]
938634317294653440	[0.0, 0.0, 5.728530429936432e-13, 0.5, 1.0]	[0.0, 0.0, 0.0, 0.0, 0.0]
1524540516561559552	[0.0012154444070142168, 0.00121195403842408, 0.0016558450699194153, 0.6436549429657795, 0.009932487687529109]	[0.0, 0.0, 0.0, 0.0, 0.0]
1560479529881063424	[0.0, 0.0, 0.0, 0.6666666666666666, 1.0]	[0.0, 0.0, 0.0, 0.0, 0.0]
1509439556860456960	[0.0012154444070142168, 0.00121195403842408, 0.0016558450699194153, 0.6436549429657795, 0.009932487687529109]	[0.0, 0.0, 0.0, 0.0, 0.0]
1221958979573764096	[0.005821147002842617, 0.005821331911286205, 0.00856587331127404, 0.5243358129649309, 0.08793128029654976]	[0.0, 0.0, 0.0, 0.0, 0.0]
974798197531930624	[0.0, 0.0, 0.0, 0.7982456140350878, 0.43333333333333335]	[0.0, 0.0, 0.0, 0.0, 0.0]
1705999885	[0.0012154444070142168, 0.00121195403842408, 0.0016558450699194153, 0.6436549429657795, 0.009932487687529109]	[0.0, 0.0, 0.0, 0.0, 0.0]
175625853	[0.0012154444070142168, 0.00121195403842408, 0.0016558450699194153, 0.6436549429657795, 0.009932487687529109]	[0.0, 0.0, 0.0, 0.0, 0.0]
1557748313948147712	[-4.842598220575316e-229, -4.842598220575316e-229, -4.842598220575316e-229, 0.058823529411764705, 1.0]	[0.0, 0.0, 0.0, 0.0, 0.0]
390960016	[0.0, 0.0, 0.0, 1.0, 7.5]	[0.0, 0.0, 0.0, 0.0, 0.0]
1536055318542794752	[0.008654448641401568, 0.008654723549530074, 0.012735103684028927, 0.4934873433275989, 0.1586599241466498]	[0.0, 0.0, 0.0, 0.0, 0.0]
1212271430257147904	[0.005821147002842617, 0.005821331911286205, 0.00856587331127404, 0.5243358129649309, 0.08793128029654976]	[0.0, 0.0, 0.0, 0.0, 0.0]
941038685818060800	[1.052208189541791e-06, 1.052208189541791e-06, 0.0032892827880943933, 0.33119906868451693, 1.3547619047619046]	[2.117582368135751e-22, 2.117582368135751e-22, 4.336808689942018e-19, 5.551115123125783e-17, 2.220446049250313e-16]
285050738	[6.905116243868005e-07, 6.905116243868005e-07, 0.002158591831555725, 0.3768267223382045, 0.7278225806451614]	[0.0, 0.0, 0.0, 5.551115123125783e-17, 1.1102230246251565e-16]
1406907752065110016	[0.0012154444070142168, 0.00121195403842408, 0.0016558450699194153, 0.6436549429657795, 0.009932487687529109]	[0.0, 0.0, 0.0, 0.0, 0.0]
1526108537293680640	[0.008654448641401568, 0.008654723549530074, 0.012735103684028927, 0.4934873433275989, 0.1586599241466498]	[0.0, 0.0, 0.0, 0.0, 0.0]
4405807395	[0.008654448641401568, 0.008654723549530074, 0.012735103684028927, 0.4934873433275989, 0.1586599241466498]	[0.0, 0.0, 0.0, 0.0, 0.0]
1535843539778564096	[0.0012154444070142168, 0.00121195403842408, 0.0016558450699194153, 0.6436549429657795, 0.009932487687529109]	[0.0, 0.0, 0.0, 0.0, 0.0]
1307008631771148288	[0.008654448641401568, 0.008654723549530074, 0.012735103684028927, 0.4934873433275989, 0.1586599241466498]	[0.0, 0.0, 0.0, 0.0, 0.0]
1265631236028084224	[0.008654448641401568, 0.008654723549530074, 0.012735103684028927, 0.4934873433275989, 0.1586599241466498]	[0.0, 0.0, 0.0, 0.0, 0.0]
1573022912000319488	[0.0, 0.0, 0.0, 1.0, 1.5]	[0.0, 0.0, 0.0, 0.0, 0.0]
1176972315537694720	[0.008654448641401568, 0.008654723549530074, 0.012735103684028927, 0.4934873433275989, 0.1586599241466498]	[0.0, 0.0, 0.0, 0.0, 0.0]
1308151079222345728	[0.008654448641401568, 0.008654723549530074, 0.012735103684028927, 0.4934873433275989, 0.1586599241466498]	[0.0, 0.0, 0.0, 0.0, 0.0]
1360507235936456704	[0.008654448641401568, 0.008654723549530074, 0.012735103684028927, 0.4934873433275989, 0.1586599241466498]	[0.0, 0.0, 0.0, 0.0, 0.0]
1559593258086305792	[0.008654448641401568, 0.008654723549530074, 0.012735103684028927, 0.4934873433275989, 0.1586599241466498]	[0.0, 0.0, 0.0, 0.0, 0.0]
1518068230341881856	[-3.463281712624505e-285, -3.463281712624505e-285, -3.463281712624505e-285, 0.07692307692307693, 2.5]	[0.0, 0.0, 0.0, 0.0, 0.0]
