3494467722202453457	[0.10348229317330412, 0.06023992367328115, 0.08062414532121952, 0.6361953251562138, 0.009761207279183311]	[0.0, 0.0, 0.0, 0.0, 0.0]
1024693152511880938	[0.08012102301754752, 0.025110827350428126, -0.141522903140194, 0.539955357142857, 0.28893932154801744]	[4.163336342344337e-17, 1.734723475976807e-17, 5.551115123125783e-17, 1.1102230246251565e-16, 2.220446049250313e-16]
4178558502	[0.14782502517199012, 0.08771384848119423, 0.10679424321520087, 0.6267535070140281, 0.018189749182115595]	[0.0, 0.0, 0.0, 0.0, 0.0]
294988534320751376	[0.14718159042905088, 0.0733419132325701, 0.001407132746364907, 0.5855490342147358, 0.1352519674138436]	[0.08952750676875969, 0.05802508841502989, 0.14179727131775346, 0.016582152685374107, 0.07925017066502789]
6455640750484959777	[0.14782502517199012, 0.08771384848119423, 0.10679424321520087, 0.6267535070140281, 0.018189749182115595]	[0.0, 0.0, 0.0, 0.0, 0.0]
4560210361143373118	[0.16223932031252525, 0.09907648774986477, 0.09523942900172087, 0.6110313128411377, 0.03482603356528858]	[0.0, 0.0, 0.0, 0.0, 0.0]
5178248530134753746	[0.14782502517199012, 0.08771384848119423, 0.10679424321520087, 0.6267535070140281, 0.018189749182115595]	[0.0, 0.0, 0.0, 0.0, 0.0]
4390662217311840551	[0.051045647674957444, -0.06923171475874511, -0.35693228022935836, 0.4675509237328281, 2.349999999999996]	[3.469446951953614e-17, 1.1102230246251565e-16, 3.885780586188048e-16, 5.551115123125783e-17, 3.9968028886505635e-15]
8362571115292085871	[0.2009870323496039, 0.12153672609324578, 0.13826184969709115, 0.6323823109843081, 0.0337351414699481]	[0.0, 0.0, 0.0, 0.0, 0.0]
340331678738868651	[3.8938549434169634e-16, 3.8938549434169634e-16, 0.0033242874992982516, 0.5, 1.0]	[0.0, 0.0, 0.0, 0.0, 0.0]
6136514097930286821	[0.16223932031252525, 0.09907648774986477, 0.09523942900172087, 0.6110313128411377, 0.03482603356528858]	[0.0, 0.0, 0.0, 0.0, 0.0]
9338692585369248602	[8.042253492243512e-70, 8.68305370792079e-89, 1.4498412822760487e-33, 0.6666666666666666, 1.0]	[0.0, 0.0, 0.0, 0.0, 0.0]
3401978167767482846	[0.10348229317330412, 0.06023992367328115, 0.08062414532121952, 0.6361953251562138, 0.009761207279183311]	[0.0, 0.0, 0.0, 0.0, 0.0]
8669607297224139560	[0.22102645654789063, 0.12071185711698772, 0.11741892172534857, 0.5944364088390374, 0.07067269575890266]	[0.00433761568137901, 0.002117196041974662, 0.005531276524005294, 0.0059707645813108215, 0.002724497404862878]
600224862451634614	[-1.855863230390326e-18, -2.570463443732359e-29, -5.701489664160364e-16, 0.5, 1.6666666666666667]	[3.851859888774472e-34, 0.0, 9.860761315262648e-32, 0.0, 0.0]
5690872758	[0.1483653135157963, 0.09006917976008197, 0.08722471167160241, 0.6114285714285714, 0.029673971861471863]	[0.0, 0.0, 0.0, 0.0, 0.0]
733054061	[0.11470957378189621, 0.2887352247941724, -0.590811819232092, 0.49006622516556314, 37.0]	[1.5265566588595902e-16, 5.551115123125783e-16, 9.992007221626409e-16, 2.220446049250313e-16, 0.0]
9612728508475910533	[4.571678453492498e-06, 0.0, 4.571680011447546e-06, 0.058823529411764705, 1.0]	[0.0, 0.0, 0.0, 0.0, 0.0]
930758024	[3.263017087496799e-19, 3.263017087496799e-19, 3.2251386711969694e-19, 1.0, 7.5]	[1.4444474582904269e-34, 1.4444474582904269e-34, 2.407412430484045e-34, 0.0, 0.0]
3436943350247801880	[-0.05395479119130637, -0.12320662354258317, -0.6843960655980149, 0.4270952927669351, 4.769230769230773]	[7.632783294297951e-17, 3.0531133177191805e-16, 3.3306690738754696e-16, 5.551115123125783e-16, 3.552713678800501e-15]
2498323155408435998	[0.21795929908540643, 0.11921477343860612, 0.11350771858660648, 0.5986583769633508, 0.07259920634920634]	[2.7755575615628914e-17, 1.3877787807814457e-17, 0.0, 0.0, 0.0]
253551668057041976	[0.05681460872993819, -4.144749011078733e-05, -0.15883216414712573, 0.5308554917504024, 0.30035261153779336]	[0.00823935587774415, 0.012451184780295473, 0.018581659458295686, 0.011289134786149398, 0.031995097840099754]
459798403	[0.2757510039973753, 0.14842150888083477, 0.145918804668228, 0.5777855641205327, 0.0979448800190069]	[5.551115123125783e-17, 2.7755575615628914e-17, 0.0, 1.1102230246251565e-16, 1.3877787807814457e-17]
4857150667191835610	[0.06607034299341777, 0.018478588174973904, -0.10370599365011009, 0.5504016064257028, 0.1919467787114847]	[1.3877787807814457e-17, 6.938893903907228e-18, 5.551115123125783e-17, 0.0, 8.326672684688674e-17]
5509745824675249035	[0.05304534601890405, 0.01200256580216453, -0.1019419631784788, 0.5592782572959065, 0.1589627513486295]	[0.014113100173069507, 0.010570450290308491, 0.014250967660522251, 0.0022947523287445066, 0.004012599980864928]
6346444207	[0.21795929908540643, 0.11921477343860612, 0.11350771858660648, 0.5986583769633508, 0.07259920634920634]	[2.7755575615628914e-17, 1.3877787807814457e-17, 0.0, 0.0, 0.0]
7214220406397692302	[0.19572676448520054, 0.12007722573289083, 0.114305675935913, 0.6131252868288205, 0.04849012775842044]	[0.0, 1.3877787807814457e-17, 0.0, 1.1102230246251565e-16, 0.0]
6134905202863052505	[0.04322895137607845, -0.005132340368446688, -0.16398600964118118, 0.5464010147278356, 0.3670684063098924]	[0.02637496719787306, 0.027263551900721793, 0.0696053669183997, 0.004619485387362398, 0.20221303766973223]
3280248786635602410	[0.16223932031252525, 0.09907648774986477, 0.09523942900172087, 0.6110313128411377, 0.03482603356528858]	[0.0, 0.0, 0.0, 0.0, 0.0]
1333652305469402223	[5.699471951478156e-109, 5.699471951478156e-109, -2.367225647052707e-09, 1.0, 3.5]	[9.454570104612593e-125, 9.454570104612593e-125, 0.0, 0.0, 0.0]
9306606286951520629	[0.0410278752595458, -0.02715387976548544, -0.2668583086079535, 0.5259138369921182, 0.6389579103222286]	[0.0018202978455166107, 0.008401408330510765, 0.031152900054212514, 0.009779786892178354, 0.1601205331618047]
1002984234154611898	[0.10089322150749012, 0.006873889975521043, -0.16584914301919126, 0.5186739404112471, 1.2459677419354847]	[5.551115123125783e-17, 6.071532165918825e-18, 3.0531133177191805e-16, 7.771561172376096e-16, 8.881784197001252e-16]
4597038935581439412	[0.04030340059035307, -0.020253334287803265, -0.22482280467214277, 0.5229381443298968, 0.39690923317683874]	[1.3877787807814457e-17, 6.938893903907228e-18, 0.0, 1.1102230246251565e-16, 5.551115123125783e-17]
6722999109224040041	[1.3018007137019655e-07, 4.5373454712772615e-35, 1.301790363984646e-07, 0.07692307692307693, 2.5]	[0.0, 0.0, 0.0, 0.0, 0.0]
