1524084713178431488	[0.009111073469752158, 0.00686877430977672, -0.0074114628385697915, 0.6436549429657795, 0.009932487687529109]	[0.0, 0.0, 0.0, 0.0, 0.0]
1257959303945900032	[0.025090148544188208, 0.020028827145753818, -0.044119448136019646, 0.5243358129649309, 0.08793128029654976]	[0.0, 0.0, 0.0, 0.0, 0.0]
3295465306	[0.009111073469752158, 0.00686877430977672, -0.0074114628385697915, 0.6436549429657795, 0.009932487687529109]	[0.0, 0.0, 0.0, 0.0, 0.0]
975175578365190144	[0.03334623411844253, 0.027209213906974346, -0.06558801322903626, 0.4934873433275989, 0.1586599241466498]	[0.0, 0.0, 0.0, 0.0, 0.0]
1558953336916922368	[0.009111073469752158, 0.00686877430977672, -0.0074114628385697915, 0.6436549429657795, 0.009932487687529109]	[0.0, 0.0, 0.0, 0.0, 0.0]
1390960631759523840	[0.009111073469752158, 0.00686877430977672, -0.0074114628385697915, 0.6436549429657795, 0.009932487687529109]	[0.0, 0.0, 0.0, 0.0, 0.0]
1267281706245128192	[0.009111073469752158, 0.00686877430977672, -0.0074114628385697915, 0.6436549429657795, 0.009932487687529109]	[0.0, 0.0, 0.0, 0.0, 0.0]
1582074009470267392	[0.09100602329134876, 0.08450860523112265, -0.33627484887443043, 0.36324089178901575, 0.9515669515669515]	[1.3877787807814457e-17, 0.0, 0.0, 0.0, 1.1102230246251565e-16]
1567948218499239936	[0.025090148544188208, 0.020028827145753818, -0.044119448136019646, 0.5243358129649309, 0.08793128029654976]	[0.0, 0.0, 0.0, 0.0, 0.0]
938634317294653440	[-0.0016741050575673443, -0.0016741050575673443, 0.004888448487154417, 0.5, 1.0]	[0.0, 0.0, 0.0, 0.0, 0.0]
1524540516561559552	[0.009111073469752158, 0.00686877430977672, -0.0074114628385697915, 0.6436549429657795, 0.009932487687529109]	[0.0, 0.0, 0.0, 0.0, 0.0]
1560479529881063424	[0.0011918161980703351, 0.0011918161980703351, -0.004491516485341569, 0.6666666666666666, 1.0]	[0.0, 0.0, 0.0, 0.0, 0.0]
1509439556860456960	[0.009111073469752158, 0.00686877430977672, -0.0074114628385697915, 0.6436549429657795, 0.009932487687529109]	[0.0, 0.0, 0.0, 0.0, 0.0]
1221958979573764096	[0.025090148544188208, 0.020028827145753818, -0.044119448136019646, 0.5243358129649309, 0.08793128029654976]	[0.0, 0.0, 0.0, 0.0, 0.0]
974798197531930624	[-0.002208620791088797, -0.0022290324503904447, -0.0015979503335272578, 0.7982456140350878, 0.43333333333333335]	[0.0, 0.0, 0.0, 0.0, 0.0]
1705999885	[0.009111073469752158, 0.00686877430977672, -0.0074114628385697915, 0.6436549429657795, 0.009932487687529109]	[0.0, 0.0, 0.0, 0.0, 0.0]
175625853	[0.009111073469752158, 0.00686877430977672, -0.0074114628385697915, 0.6436549429657795, 0.009932487687529109]	[0.0, 0.0, 0.0, 0.0, 0.0]
1557748313948147712	[0.020995866723096883, 0.020995866723096883, 0.017523108781136186, 0.058823529411764705, 1.0]	[0.0, 0.0, 0.0, 0.0, 0.0]
390960016	[-0.014827370393388151, -0.014827370393388151, -0.00834249908271467, 1.0, 7.5]	[0.0, 0.0, 0.0, 0.0, 0.0]
1536055318542794752	[0.03334623411844253, 0.027209213906974346, -0.06558801322903626, 0.4934873433275989, 0.1586599241466498]	[0.0, 0.0, 0.0, 0.0, 0.0]
1212271430257147904	[0.025090148544188208, 0.020028827145753818, -0.044119448136019646, 0.5243358129649309, 0.08793128029654976]	[0.0, 0.0, 0.0, 0.0, 0.0]
941038685818060800	[0.12132516256658696, 0.11314757222282193, -0.43876136628955725, 0.33119906868451693, 1.3547619047619046]	[0.0, 2.7755575615628914e-17, 5.551115123125783e-17, 5.551115123125783e-17, 2.220446049250313e-16]
285050738	[0.07821633089247022, 0.07219777222550362, -0.28389712191430916, 0.3768267223382045, 0.7278225806451614]	[0.0, 0.0, 0.0, 5.551115123125783e-17, 1.1102230246251565e-16]
1406907752065110016	[0.009111073469752158, 0.00686877430977672, -0.0074114628385697915, 0.6436549429657795, 0.009932487687529109]	[0.0, 0.0, 0.0, 0.0, 0.0]
1526108537293680640	[0.03334623411844253, 0.027209213906974346, -0.06558801322903626, 0.4934873433275989, 0.1586599241466498]	[0.0, 0.0, 0.0, 0.0, 0.0]
4405807395	[0.03334623411844253, 0.027209213906974346, -0.06558801322903626, 0.4934873433275989, 0.1586599241466498]	[0.0, 0.0, 0.0, 0.0, 0.0]
1535843539778564096	[0.009111073469752158, 0.00686877430977672, -0.0074114628385697915, 0.6436549429657795, 0.009932487687529109]	[0.0, 0.0, 0.0, 0.0, 0.0]
1307008631771148288	[0.03334623411844253, 0.027209213906974346, -0.06558801322903626, 0.4934873433275989, 0.1586599241466498]	[0.0, 0.0, 0.0, 0.0, 0.0]
1265631236028084224	[0.03334623411844253, 0.027209213906974346, -0.06558801322903626, 0.4934873433275989, 0.1586599241466498]	[0.0, 0.0, 0.0, 0.0, 0.0]
1573022912000319488	[0.0024553774389482427, 0.002453657858619797, 0.004016112858178257, 1.0, 1.5]	[0.0, 0.0, 0.0, 0.0, 0.0]
1176972315537694720	[0.03334623411844253, 0.027209213906974346, -0.06558801322903626, 0.4934873433275989, 0.1586599241466498]	[0.0, 0.0, 0.0, 0.0, 0.0]
1308151079222345728	[0.03334623411844253, 0.027209213906974346, -0.06558801322903626, 0.4934873433275989, 0.1586599241466498]	[0.0, 0.0, 0.0, 0.0, 0.0]
1360507235936456704	[0.03334623411844253, 0.027209213906974346, -0.06558801322903626, 0.4934873433275989, 0.1586599241466498]	[0.0, 0.0, 0.0, 0.0, 0.0]
1559593258086305792	[0.03334623411844253, 0.027209213906974346, -0.06558801322903626, 0.4934873433275989, 0.1586599241466498]	[0.0, 0.0, 0.0, 0.0, 0.0]
1518068230341881856	[0.013141851605634301, 0.013185113198130684, 0.01233716101390145, 0.07692307692307693, 2.5]	[0.0, 0.0, 0.0, 0.0, 0.0]
