687502882211372976	[0.0, 0.0, -0.0001784985256903815, 0.7037037037037014, 3.4444444444444473]	[0.0, 0.0, 3.155437948686744e-05, 0.05237828008789249, 0.7856742013183842]
3494467722202453457	[0.0, 0.0, 0.012013980163629694, 0.2440903054448882, 1.3346613545816732]	[0.0, 0.0, 0.0021174140714609714, 0.06272760443718668, 0.2352285166394501]
1024693152511880938	[2.818225605896739e-50, 0.0, -1.4138407798457888e-23, 0.004140786749482397, 1.0]	[5.697340647455879e-65, 0.0, 1.7632415262334313e-38, 5.204170427930421e-18, 0.0]
7526198142328807468	[0.0, 0.0, 0.0, 0.40000000000000135, 1.0]	[0.0, 0.0, 0.0, 1.3322676295501878e-15, 0.0]
4178558502	[0.0, 0.0, 0.0, 0.0, 0.0]	[0.0, 0.0, 0.0, 0.0, 0.0]
4908677609206082653	[0.0, 0.0, -4.03450702818542e-26, 0.0, 0.0]	[0.0, 0.0, 1.8367099231598242e-40, 0.0, 0.0]
294988534320751376	[0.0, 0.0, -0.026070321230069575, 1.0, 1.0816733067729083]	[0.0, 0.0, 0.011519368802843726, 0.0, 0.18484080812210438]
7104844123842141351	[0.0, 0.0, 0.013502279145422234, 0.3333333333333329, 1.0]	[0.0, 0.0, 5.204170427930421e-18, 3.885780586188048e-16, 0.0]
8430661869875134112	[0.0, 0.0, 0.0, 0.0, 0.0]	[0.0, 0.0, 0.0, 0.0, 0.0]
945217690101677404	[0.0, 0.0, 0.0, 0.5714285714285715, 2.0]	[0.0, 0.0, 0.0, 1.1102230246251565e-16, 0.0]
4615407383644695987	[0.0, 0.0, 0.0, 0.0, 0.0]	[0.0, 0.0, 0.0, 0.0, 0.0]
8233524724846761188	[0.0, 0.0, 0.0, 0.8015873015873013, 1.6388888888888855]	[0.0, 0.0, 0.0, 0.02244783432338251, 0.27498597046143547]
1933854219261018752	[0.0, 0.0, 0.0, 0.0, 0.0]	[0.0, 0.0, 0.0, 0.0, 0.0]
9509180398980953246	[0.0, 0.0, 1.512942179175618e-112, 0.6666666666666659, 0.6115537848605578]	[0.0, 0.0, 1.9397974655103784e-113, 7.771561172376096e-16, 0.07840950554648338]
6455640750484959777	[0.0, 0.0, 0.0, 0.5384615384615381, 0.6888888888888904]	[0.0, 0.0, 0.0, 0.05439282932204204, 0.2042752923427807]
6644480288361451084	[0.0, 0.0, 0.0, 0.0, 0.0]	[0.0, 0.0, 0.0, 0.0, 0.0]
5897761173277386759	[0.0, 0.0, 4.011276043311354e-31, 0.8980743691899046, 1.1955511288180605]	[0.0, 0.0, 5.143000974774618e-32, 0.013068250924413933, 0.19602376386620873]
4560210361143373118	[0.0, 0.0, -0.00020081084140167972, 0.75, 1.5]	[0.0, 0.0, 6.776263578034403e-19, 0.0, 0.0]
5178248530134753746	[-1.38901398006e-313, 0.0, -0.0023053319230640283, 0.7140668096843417, 3.8446215139442232]	[0.0, 0.0, 0.02357389730852467, 0.13922867260028182, 1.6687188098388752]
4390662217311840551	[4.238293091611234e-126, -5.873538970450327e-261, 0.002582109179709134, 0.7023638778220445, 0.39707835325365254]	[2.9790335315804624e-126, 0.0, 0.001814926354144826, 0.02509104177487474, 0.0448054317408476]
3817470987725623391	[0.0, 0.0, 0.0, 0.7217795484727746, 0.9448871181938918]	[0.0, 0.0, 0.0, 0.07840950554648358, 0.07840950554648363]
4214744352023227036	[2.818225605896739e-50, 0.0, -1.4138407798457888e-23, 0.004166666666666657, 1.0]	[5.697340647455879e-65, 0.0, 1.7632415262334313e-38, 9.540979117872439e-18, 0.0]
7593847387420551914	[0.0, 0.0, 0.0, 0.0, 0.0]	[0.0, 0.0, 0.0, 0.0, 0.0]
3259140537	[0.0, 0.0, 0.0, 0.5, 1.5]	[0.0, 0.0, 0.0, 0.0, 0.0]
2611479507433454325	[0.0, 0.0, 0.0, 0.0, 0.0]	[0.0, 0.0, 0.0, 0.0, 0.0]
997820563438953978	[0.0, 0.0, 2.83081664735107e-275, 1.0, 3.2777777777777803]	[0.0, 0.0, 0.0, 0.0, 0.3142696805273546]
4672903023876615309	[0.0, 0.0, 0.0, 1.0, 4.0]	[0.0, 0.0, 0.0, 0.0, 0.0]
1976936737527470567	[2.818225605896739e-50, 0.0, -1.4138407798457888e-23, 0.006224066390041476, 1.5]	[5.697340647455879e-65, 0.0, 1.7632415262334313e-38, 1.734723475976807e-17, 0.0]
7178492336009101768	[0.0, 0.0, 0.0, 0.6666666666666657, 1.0]	[0.0, 0.0, 0.0, 8.881784197001252e-16, 0.0]
9268103894444270578	[0.0, 0.0, 0.0, 1.0, 1.2777777777777775]	[0.0, 0.0, 0.0, 0.0, 0.31426968052735466]
2100929128288071137	[2.6610337394323794e-50, 0.0, 0.0015062303429156276, 0.027248338413657952, 5.830677290836653]	[3.506538152560697e-51, 0.0, 0.003360004739924454, 0.001480030495300349, 1.4930833692904135]
6807339267475810945	[0.0, 0.0, 0.0, 0.0, 0.0]	[0.0, 0.0, 0.0, 0.0, 0.0]
7732969018151433257	[0.0, 0.0, 0.0, 0.5952380952380956, 1.6111111111111098]	[0.0, 0.0, 0.0, 0.13468700594029473, 0.1571348402636773]
8362571115292085871	[0.0, 0.0, -1.2511526385675967e-26, 0.909090909090907, 5.0]	[0.0, 0.0, 8.322591839317954e-41, 2.1094237467877974e-15, 0.0]
811711201929012148	[-3.925183450441069e-275, 0.0, -1.536881019145482e-275, 0.8000000000000027, 2.0]	[0.0, 0.0, 0.0, 2.6645352591003757e-15, 0.0]
873974867641040942	[0.0, 0.0, 7.331499862442796e-55, 0.0, 0.0]	[0.0, 0.0, 1.0142360568285918e-69, 0.0, 0.0]
5463240023630481193	[0.0, 0.0, 0.0, 1.0, 1.0]	[0.0, 0.0, 0.0, 0.0, 0.0]
340331678738868651	[0.0, 0.0, -7.519755086263076e-08, 0.9310344827586258, 13.5]	[0.0, 0.0, 1.0587911840678754e-22, 5.10702591327572e-15, 0.0]
2385173011011253023	[1.068639388790459e-114, 0.0, 0.003423250819971992, 0.39813659162247533, 3.712459253893535]	[2.1606865405819096e-114, 0.0, 0.0016876578597704458, 0.09494455722799314, 6.092711686223856]
6136514097930286821	[0.0, 0.0, 2.8794167414643066e-247, 0.7111111111111101, 0.8888888888888882]	[0.0, 0.0, 0.0, 0.06285393610547094, 0.15713484026367697]
5088042049590341248	[0.0, 0.0, -8.829972920960133e-101, 0.819724610330609, 0.22586379627688014]	[0.0, 0.0, 2.333208242296568e-101, 0.028062349353478247, 0.05805054621160716]
5878083591238455248	[0.0, 0.0, 0.0, 0.0, 0.0]	[0.0, 0.0, 0.0, 0.0, 0.0]
9338692585369248602	[0.0, 0.0, 0.013502279305632312, 0.8333333333333359, 2.5]	[0.0, 0.0, 4.336808689942018e-17, 2.55351295663786e-15, 0.0]
3214025345551251611	[0.0, 0.0, -0.01284900316857764, 0.81487383798141, 1.8884462151394412]	[0.0, 0.0, 0.018821057757879137, 0.03317963042867589, 0.24884722821506905]
3401978167767482846	[0.0, 0.0, 0.0, 0.0, 0.0]	[0.0, 0.0, 0.0, 0.0, 0.0]
8669607297224139560	[0.0, 0.0, 0.013502279305632327, 0.8979591836734658, 22.0]	[0.0, 0.0, 3.8163916471489756e-17, 3.552713678800501e-15, 0.0]
4896991572788579269	[0.0, 0.0, 1.0053878352889185e-33, 0.22404925751539392, 0.8346613545816733]	[0.0, 0.0, 1.771954273872604e-34, 0.03421505696573819, 0.2352285166394501]
600224862451634614	[0.0, 0.0, -3.780648525209519e-153, 0.3688888888888879, 0.8611111111111126]	[0.0, 0.0, 4.86058583537923e-154, 0.05028314888437686, 0.03928371006591923]
2175574082367824677	[0.0, 0.0, 0.0, 0.0, 0.0]	[0.0, 0.0, 0.0, 0.0, 0.0]
2988008210671584488	[0.0, 0.0, 1.033064013518216e-206, 0.0, 0.0]	[0.0, 0.0, 0.0, 0.0, 0.0]
5690872758	[0.0, 0.0, 0.0, 0.2352941176470581, 2.0]	[0.0, 0.0, 0.0, 7.216449660063518e-16, 0.0]
733054061	[1.138367275892977e-54, 1.138367275892977e-54, -7.970034478224457e-41, 0.49006622516556314, 37.0]	[1.7386903831347288e-69, 1.7386903831347288e-69, 4.180273174811555e-55, 2.220446049250313e-16, 0.0]
9612728508475910533	[0.0, 0.0, 0.0, 0.07625272331154662, 0.8888888888888882]	[0.0, 0.0, 0.0, 0.024648602394302315, 0.15713484026367697]
5724828020837972900	[0.0, 0.0, 0.0, 0.0, 0.0]	[0.0, 0.0, 0.0, 0.0, 0.0]
930758024	[0.0, 0.0, 0.0, 1.0, 0.9448871181938918]	[0.0, 0.0, 0.0, 0.0, 0.07840950554648363]
3436943350247801880	[2.818225605896739e-50, 0.0, -1.4138407798457888e-23, 0.09142857142857158, 24.0]	[5.697340647455879e-65, 0.0, 1.7632415262334313e-38, 1.5265566588595902e-16, 0.0]
4709586137969737782	[5.619989988014231e-103, 0.0, 0.012013980116112745, 0.1405046480743692, 0.8897742363877815]	[9.904998776438689e-104, 0.0, 0.0021174140630863024, 0.04181840295812461, 0.15681901109296695]
1681027657275871324	[0.0, 0.0, 0.0, 0.0, 0.0]	[0.0, 0.0, 0.0, 0.0, 0.0]
6907359682303923238	[0.0, 0.0, 8.823403688804245e-34, 0.6027888446215117, 1.3067729083665336]	[0.0, 0.0, 4.135068247000675e-34, 0.061735176530568266, 0.279050415431271]
4984476018243336503	[0.0, 0.0, 0.0, 0.0, 0.0]	[0.0, 0.0, 0.0, 0.0, 0.0]
2498323155408435998	[0.0, 0.0, -2.4778824650421684e-124, 0.035087719298245626, 1.0]	[0.0, 0.0, 4.1986725672294305e-140, 1.3877787807814457e-17, 0.0]
253551668057041976	[-3.0950189270239045e-200, 0.0, 5.650666671561821e-10, 0.8744588744588755, 0.4444444444444441]	[0.0, 0.0, 9.989061804215438e-11, 0.024488546534599018, 0.07856742013183848]
459798403	[0.0, 0.0, 2.490960905342692e-34, 0.31758679567444514, 0.7782204515272252]	[0.0, 0.0, 3.54390854774522e-34, 0.022402715870423848, 0.07840950554648365]
3158312972724618664	[0.0, 0.0, 0.0, 1.0, 1.0277777777777781]	[0.0, 0.0, 0.0, 0.0, 0.27498597046143525]
4857150667191835610	[0.0, 0.0, 0.008257369915626743, 0.716533864541831, 1.0288844621513922]	[0.0, 0.0, 0.001058707031543151, 0.023522851663945084, 0.19602376386620843]
6955107523153985553	[-3.456274591275472e-27, 0.0, -1.5947078928931133e-21, 0.30726574222590297, 0.5131284386264449]	[2.571946406858099e-28, 0.0, 1.1249143216421287e-22, 0.0025966784304354974, 0.07616923395944103]
3583973792814181202	[3.00358208593369e-78, 0.0, 3.959277318522097e-34, 0.21573624530219263, 0.4232356289129196]	[6.049069965722504e-79, 0.0, 7.973794232426742e-35, 0.03333197604202739, 0.1092132398683162]
914072800723042990	[0.0, 0.0, 0.0, 0.0, 0.0]	[0.0, 0.0, 0.0, 0.0, 0.0]
3934568492068795312	[2.7164222940634735e-98, 0.0, -0.011748573711874825, 0.19366964806654866, 0.9452734516479512]	[5.282304707666367e-99, 0.0, 0.002284605982001687, 0.08450032638369276, 0.05763607810299965]
3259185306701867808	[0.0, 0.0, 0.0, 0.9373219373219419, 1.1349206349206362]	[0.0, 0.0, 0.0, 0.010072746170748529, 0.39844905924003904]
7690998241915678799	[0.0, 0.0, 0.0, 0.0, 0.0]	[0.0, 0.0, 0.0, 0.0, 0.0]
1227926499169237194	[0.0, 0.0, 0.0, 0.0, 0.0]	[0.0, 0.0, 0.0, 0.0, 0.0]
8192571484372443884	[0.0, 0.0, 0.002976598093937548, 0.3947287771988976, 1.1102257636122193]	[0.0, 0.0, 0.004234828176420597, 0.15509572525678067, 0.15681901109296717]
8408952312967662074	[0.0, 0.0, 0.0, 0.9192388425448184, 0.3373940136888345]	[0.0, 0.0, 0.0, 0.08413503756925168, 0.1035584850254782]
5509745824675249035	[3.3729209440329794e-103, 0.0, -3.541871274359445e-30, 0.3672360785169819, 9.645418326693232]	[1.580711796402523e-103, 0.0, 1.6598899878231064e-30, 0.015624093703763055, 4.887625197443712]
7751260072282696905	[0.0, 0.0, 0.0, 0.4545454545454535, 2.5]	[0.0, 0.0, 0.0, 1.0547118733938987e-15, 0.0]
6346444207	[0.0, 0.0, 0.0, 0.09523809523809497, 1.0]	[0.0, 0.0, 0.0, 2.636779683484747e-16, 0.0]
5332394504637977286	[0.0, 0.0, -5.26184535204523e-122, 0.7486417964505611, 0.8057768924302805]	[0.0, 0.0, 6.74640076685979e-123, 0.04887865280819746, 0.03920475277324179]
2452380673329905180	[0.0, 0.0, 0.0, 1.0, 1.5]	[0.0, 0.0, 0.0, 0.0, 0.0]
1469838558882075908	[0.0, 0.0, -3.27382546e-316, 0.1677018633540376, 1.2777777777777775]	[0.0, 0.0, 0.0, 0.03513574068007688, 0.31426968052735466]
7072230751	[0.0, 0.0, 0.0, 1.0, 5.0]	[0.0, 0.0, 0.0, 0.0, 0.0]
3890823921124263338	[0.0, 0.0, 0.0, 0.0, 0.0]	[0.0, 0.0, 0.0, 0.0, 0.0]
7214220406397692302	[0.0, 0.0, 3.0713714199646514e-260, 0.0, 0.0]	[0.0, 0.0, 0.0, 0.0, 0.0]
6134905202863052505	[0.0, 0.0, 0.0, 0.47056219566179863, 1.2795484727755642]	[0.0, 0.0, 0.0, 0.05974057565446355, 0.3136380221859336]
305704159467468685	[0.0, 0.0, 0.0, 0.0, 0.0]	[0.0, 0.0, 0.0, 0.0, 0.0]
7491101740622089986	[0.0, 0.0, 0.0, 0.0, 0.0]	[0.0, 0.0, 0.0, 0.0, 0.0]
8229283001624212117	[0.0, 0.0, 0.0, 0.0, 0.0]	[0.0, 0.0, 0.0, 0.0, 0.0]
5719067917116862691	[0.0, 0.0, 0.0, 0.0, 0.0]	[0.0, 0.0, 0.0, 0.0, 0.0]
8696960088889366603	[0.0, 0.0, 0.0, 0.0, 0.0]	[0.0, 0.0, 0.0, 0.0, 0.0]
3280248786635602410	[0.0, 0.0, 0.0, 0.0, 0.0]	[0.0, 0.0, 0.0, 0.0, 0.0]
1333652305469402223	[0.0, 0.0, -4.728275011779026e-162, 1.0, 1.1102257636122193]	[0.0, 0.0, 7.028980337440464e-162, 0.0, 0.15681901109296717]
6722194958684415419	[0.0, 0.0, 0.0, 0.0, 0.0]	[0.0, 0.0, 0.0, 0.0, 0.0]
5362236065673453439	[0.0, 0.0, -3.9137478355464326e-08, 0.9357237715803427, 3.973771580345281]	[0.0, 0.0, 5.017956559434696e-09, 0.013939467652708213, 0.2744332694126918]
8294525869272618575	[0.0, 0.0, 0.0, 0.3333333333333329, 1.0]	[0.0, 0.0, 0.0, 3.885780586188048e-16, 0.0]
4844833659132042651	[-2.242126153600932e-196, 0.0, -9.527155509854228e-176, 0.0, 0.0]	[0.0, 0.0, 0.0, 0.0, 0.0]
2790756141067306105	[0.0, 0.0, 0.013502279145422234, 0.5, 1.0]	[0.0, 0.0, 5.204170427930421e-18, 0.0, 0.0]
9306606286951520629	[0.0, 0.0, 0.0, 0.19187192118226598, 1.2142857142857149]	[0.0, 0.0, 0.0, 0.02891126248201152, 0.40406101782088516]
1002984234154611898	[0.0, 0.0, 0.0, 0.0, 0.0]	[0.0, 0.0, 0.0, 0.0, 0.0]
4597038935581439412	[2.7585392958589916e-172, 0.0, -8.703190283736179e-46, 0.5853032315183692, 1.2795484727755642]	[0.0, 0.0, 1.2382093341180944e-45, 0.020909201479062278, 0.3136380221859336]
6722999109224040041	[0.0, 0.0, 0.0, 0.08603473591283524, 2.059096945551132]	[0.0, 0.0, 0.0, 0.012963224797581625, 0.6272760443718673]
