855091879003738113	[1.6344424524277782e-43, 1.6343422079251815e-43, 0.13930119041530803, 0.4872824706158038, 5.7499999999999964]	[2.224118109753236e-43, 2.2240198564439468e-43, 0.05055176664180058, 0.17509027513290767, 5.046018389512825]
1524084713178431488	[0.0, 0.0, -0.017053572571844568, 0.20836653386454254, 1.360557768924303]	[0.0, 0.0, 0.038042046452952984, 0.01866354211613022, 0.3110590352688377]
1257959303945900032	[3.5611816725276037e-25, 3.5611816725276037e-25, -2.6588680204994024e-12, 0.004140786749482397, 1.0]	[6.887662211849341e-40, 6.887662211849341e-40, 7.674038885990003e-27, 5.204170427930421e-18, 0.0]
1530832682095190018	[0.0, 0.0, 0.0, 0.5, 1.5]	[0.0, 0.0, 0.0, 0.0, 0.0]
3295465306	[0.0, 0.0, 0.0, 0.0, 0.0]	[0.0, 0.0, 0.0, 0.0, 0.0]
1552006530374852608	[0.0, 0.0, -3.0863343176580515e-13, 0.0, 0.0]	[0.0, 0.0, 1.666074231826777e-27, 0.0, 0.0]
975175578365190144	[0.0, 0.0, -0.06820955412858568, 1.0, 0.8605577689243051]	[0.0, 0.0, 0.04795355464196442, 0.0, 0.06161360270736823]
1512708407329198084	[0.0, 0.0, 0.19002742296581956, 0.3333333333333329, 1.0]	[0.0, 0.0, 4.718447854656915e-16, 3.885780586188048e-16, 0.0]
1470797296921034752	[0.0, 0.0, 1.0215615350741624e-242, 0.0, 0.0]	[0.0, 0.0, 0.0, 0.0, 0.0]
878199957500686336	[-7.395648998007429e-198, -7.395648998007429e-198, -7.395648998007429e-198, 0.4000000000000014, 1.0]	[0.0, 0.0, 0.0, 1.3877787807814457e-15, 0.0]
1264179482648248320	[0.0, 0.0, -3.472261743689261e-174, 0.0, 0.0]	[0.0, 0.0, 0.0, 0.0, 0.0]
1010300612129509376	[0.0, 0.0, 0.0, 1.0, 0.8888888888888882]	[0.0, 0.0, 0.0, 0.0, 0.15713484026367697]
1217558606842859522	[0.0, 0.0, 0.0, 0.0, 0.0]	[0.0, 0.0, 0.0, 0.0, 0.0]
1184331211721736192	[0.0, 0.0, 7.54907572619935e-48, 0.8110225763612245, 1.167994687915008]	[0.0, 0.0, 9.67894091538028e-49, 0.01568190110929669, 0.23522851663945085]
1558953336916922368	[0.0, 0.0, 4.621760549996011e-18, 0.5021830021830024, 0.8055555555555555]	[0.0, 0.0, 6.635445525437603e-18, 0.08362141176351905, 0.1145307118227128]
1347248904895672323	[0.0, 0.0, 0.0, 0.0, 0.0]	[0.0, 0.0, 0.0, 0.0, 0.0]
1405935500242915328	[0.0, 0.0, -5.519986580400441e-17, 0.7095427812559263, 1.0013280212483362]	[0.0, 0.0, 1.4174844390690056e-31, 0.09707843543850357, 0.23522851663945105]
1390960631759523840	[0.0, 0.0, -0.15287309698332066, 0.6666666666666659, 1.0]	[0.0, 0.0, 3.608224830031759e-16, 7.771561172376096e-16, 0.0]
1267281706245128192	[-7.682399322681697e-157, -7.682399322681697e-157, 0.021198278259135287, 0.5522908366533864, 1.6115537848605586]	[1.0123368949582989e-157, 1.0123368949582989e-157, 0.04728779748989692, 0.11664713822581388, 0.24884722821506902]
1582074009470267392	[-3.902901133783189e-64, -3.9028238000526974e-64, -1.8876437152330926e-63, 0.7490597375012781, 0.4080043462513574]	[4.197483159215895e-64, 4.197399988512795e-64, 4.2043326334955596e-64, 0.05461217229236812, 0.11929272523520999]
1296175329556406273	[0.0, 0.0, 0.021198278259135287, 0.7131474103585648, 1.3067729083665336]	[0.0, 0.0, 0.04728779748989692, 0.10368634508961252, 0.6843298775914417]
1470403383471263745	[0.0, 0.0, 0.19002742296581956, 0.5, 1.0]	[0.0, 0.0, 4.718447854656915e-16, 0.0, 0.0]
1253322173403394049	[-6.6375730742e-313, -6.6375730742e-313, -6.6375730742e-313, 0.0, 0.0]	[0.0, 0.0, 0.0, 0.0, 0.0]
3141533716	[0.0, 0.0, 0.029519242791493386, 0.9423076923076867, 24.5]	[0.0, 0.0, 5.204170427930421e-17, 5.551115123125783e-15, 0.0]
1599013198501388288	[0.0, 0.0, -2.761290337876092e-302, 0.0, 0.0]	[0.0, 0.0, 0.0, 0.0, 0.0]
952266549062139904	[0.0, 0.0, 9.110277232104434e-138, 1.0, 3.2777777777777803]	[0.0, 0.0, 1.6104847023276165e-138, 0.0, 0.3142696805273546]
1303185624317321216	[0.0, 0.0, 0.0, 1.0, 4.0]	[0.0, 0.0, 0.0, 0.0, 0.0]
1314857412956839937	[3.5611816725276037e-25, 3.5611816725276037e-25, -2.6588680204994024e-12, 0.006224066390041476, 1.5]	[6.887662211849341e-40, 6.887662211849341e-40, 7.674038885990003e-27, 1.734723475976807e-17, 0.0]
1343933675725996033	[0.0, 0.0, -1.3620310405579676e-260, 0.6666666666666657, 1.0]	[0.0, 0.0, 0.0, 8.881784197001252e-16, 0.0]
1545674949968420864	[0.0, 0.0, 0.0, 1.0, 0.9444444444444453]	[0.0, 0.0, 0.0, 0.0, 0.07856742013183883]
1449841497298382850	[7.850679384323797e-26, 7.850679384323797e-26, -5.861515158073037e-13, 0.67877063175868, 1.1062416998671987]	[1.1169219764163517e-25, 1.1169219764163517e-25, 8.339221072028576e-13, 0.45701540375664534, 0.8625045610113176]
1586612104127451136	[0.0, 0.0, 0.0, 0.0, 0.0]	[0.0, 0.0, 0.0, 0.0, 0.0]
1419740808757055491	[0.0, 0.0, 0.0, 0.607142857142858, 1.9722222222222205]	[0.0, 0.0, 0.0, 0.07985957062499267, 0.062112999374994135]
1567948218499239936	[4.963842382249235e-55, 4.963842382249235e-55, -0.010020250530921128, 0.75, 1.5]	[1.3764632199816603e-69, 1.3764632199816603e-69, 1.5612511283791264e-17, 0.0, 0.0]
952266549062139905	[0.0, 0.0, 4.15080826027722e-139, 1.0, 4.0]	[0.0, 0.0, 2.237502219360062e-154, 0.0, 0.0]
800152580915499010	[0.0, 0.0, 8.562417802491788e-28, 0.0, 0.0]	[0.0, 0.0, 1.4349296274686127e-42, 0.0, 0.0]
1394901053825556480	[0.0, 0.0, 3.3849856702302905e-235, 1.0, 1.0]	[0.0, 0.0, 0.0, 0.0, 0.0]
938634317294653440	[0.0, 0.0, 0.02951924279206614, 0.8461538461538417, 5.5]	[0.0, 0.0, 1.5265566588595902e-16, 4.440892098500626e-15, 0.0]
1551000216085618690	[-6.0221000832173025e-58, -5.088099157254585e-58, 2.06635173429169e-55, 0.595373787405659, 2.0074610648315825]	[3.042318173812532e-58, 1.713508131863751e-58, 5.1852474973194795e-56, 0.060242389150824124, 0.6058916337682808]
1524540516561559552	[-4.25507074419937e-202, -4.25507074419937e-202, 3.577346466284929e-124, 0.7111111111111101, 0.8888888888888882]	[0.0, 0.0, 6.323914862409543e-125, 0.06285393610547094, 0.15713484026367697]
1295170777776619520	[-5.822336210173652e-216, -5.822336210173652e-216, -3.877563807672247e-51, 0.598985874683086, 0.22654284821498402]	[0.0, 0.0, 1.9176779642049547e-51, 0.07807387416267556, 0.08982656466134609]
1334963880641114113	[0.0, 0.0, 0.0, 0.0, 0.0]	[0.0, 0.0, 0.0, 0.0, 0.0]
1560479529881063424	[0.0, 0.0, -1.0257622231935142e-189, 0.6666666666666659, 1.0]	[0.0, 0.0, 0.0, 7.771561172376096e-16, 0.0]
1286433502037245955	[0.0, 0.0, -2.1634584503287537e-05, 0.6985391766268251, 1.0]	[0.0, 0.0, 4.8261082256935026e-05, 0.07109920806144847, 0.0]
1509439556860456960	[0.0, 0.0, -3.137620634776871e-231, 0.0, 0.0]	[0.0, 0.0, 0.0, 0.0, 0.0]
1221958979573764096	[0.0, 0.0, 0.19002742296581956, 0.8979591836734658, 22.0]	[0.0, 0.0, 4.718447854656915e-16, 3.552713678800501e-15, 0.0]
1559849276699729923	[0.0, 0.0, 2.651527964937952e-18, 0.1381544528954889, 0.5]	[0.0, 0.0, 5.914863269178484e-18, 0.060326600779410884, 0.0]
974798197531930624	[0.0, 0.0, -2.4718695415902626e-77, 0.407536231884059, 1.6111111111111098]	[0.0, 0.0, 1.747875715066954e-77, 0.02295535057765019, 0.1571348402636773]
1471505856378273792	[0.0, 0.0, -1.8504816408639246e-64, 0.0, 0.0]	[0.0, 0.0, 8.433758354584419e-79, 0.0, 0.0]
1357459209537937408	[0.0, 0.0, 1.0163975666628778e-103, 0.0, 0.0]	[0.0, 0.0, 2.8502276493290982e-118, 0.0, 0.0]
1705999885	[0.0, 0.0, 0.0, 0.17647058823529463, 1.5]	[0.0, 0.0, 0.0, 4.996003610813204e-16, 0.0]
175625853	[0.0, 0.0, -0.0004159661451036511, 1.0, 2.5]	[0.0, 0.0, 1.8973538018496328e-18, 0.0, 0.0]
1557748313948147712	[-4.304531751622505e-229, -4.304531751622505e-229, -4.304531751622505e-229, 0.07625272331154662, 0.8888888888888882]	[0.0, 0.0, 0.0, 0.024648602394302315, 0.15713484026367697]
1581248279123197953	[0.0, 0.0, 0.0, 0.0, 0.0]	[0.0, 0.0, 0.0, 0.0, 0.0]
390960016	[0.0, 0.0, 3.92994323374732e-18, 1.0, 2.5590969455511283]	[0.0, 0.0, 5.59115937482551e-18, 0.0, 0.6272760443718672]
1536055318542794752	[0.0, 0.0, -3.5001622656088756e-70, 0.6666666666666659, 1.0]	[0.0, 0.0, 3.217223493417518e-85, 7.771561172376096e-16, 0.0]
1573532345772146688	[1.591874181866016e-51, 1.591874181866016e-51, 1.591874181866016e-51, 0.20035147630031214, 1.6354581673306765]	[2.0976688382689224e-52, 2.0976688382689224e-52, 2.0976688382689224e-52, 0.06631976528706446, 0.38684075899318143]
1461358161453928448	[0.0, 0.0, -2.3093585018111505e-146, 0.0, 0.0]	[0.0, 0.0, 1.0669241997528372e-160, 0.0, 0.0]
1534104823527661696	[0.0, 0.0, 0.021198278259135287, 0.619123505976093, 1.3884462151394423]	[0.0, 0.0, 0.04728779748989692, 0.04265952483686912, 0.24884722821506908]
1432363068969734144	[0.0, 0.0, 1.2339492884878961e-267, 0.0, 0.0]	[0.0, 0.0, 0.0, 0.0, 0.0]
1212271430257147904	[0.0, 0.0, 0.0, 0.75, 1.5]	[0.0, 0.0, 0.0, 0.0, 0.0]
941038685818060800	[-2.241163719848695e-05, -2.241163719848695e-05, -2.241163719848695e-05, 1.0, 0.655555555555556]	[3.961855160135707e-06, 3.961855160135707e-06, 3.961855160135707e-06, 0.0, 0.1335646142241254]
285050738	[0.0, 0.0, -7.968899468024206e-64, 0.32739629716428464, 0.6391102257636121]	[0.0, 0.0, 1.0217212001719266e-64, 0.05930130671582779, 0.039204752773241654]
1563911121681137669	[0.0, 0.0, 0.0, 1.0, 0.9722222222222211]	[0.0, 0.0, 0.0, 0.0, 0.039283710065919325]
1406907752065110016	[0.0, 0.0, 0.0, 0.7728960319711824, 1.8635458167330725]	[0.0, 0.0, 0.0, 0.011652186582759197, 0.4312522805056598]
1567761967015772161	[-9.54205253090448e-15, -1.0164829783446544e-14, 9.472275458725975e-06, 0.2345464082047157, 0.3887118193891089]	[1.429602726415998e-14, 1.514580556727041e-14, 6.65795196024252e-06, 0.014307616858421959, 0.03136380221859338]
1585801883985317889	[9.534319059516359e-26, 9.534319059516359e-26, -7.118562987153783e-13, 0.07724973578010055, 0.7834661354581691]	[6.701531858498094e-26, 6.701531858498094e-26, 5.003532643217159e-13, 0.0673555127084781, 0.023522851663945094]
938384349342429184	[0.0, 0.0, 0.0, 0.0, 0.0]	[0.0, 0.0, 0.0, 0.0, 0.0]
1425454693275168775	[7.590442227110662e-50, 7.590426904740073e-50, -0.002027568484407846, 0.3903674118448885, 0.414830974375652]	[3.374482360149779e-50, 3.3745041594000257e-50, 0.0028846367149400315, 0.14712344003059308, 0.183707193811293]
1513648688417193984	[0.0, 0.0, -4.253733904343727e-185, 1.0, 0.9047619047619052]	[0.0, 0.0, 0.0, 0.0, 0.21886638465297864]
1576130850844184576	[0.0, 0.0, -7.575621495608132e-58, 0.0, 0.0]	[0.0, 0.0, 9.904648992466717e-73, 0.0, 0.0]
1541974408058773504	[0.0, 0.0, 0.0, 0.0, 0.0]	[0.0, 0.0, 0.0, 0.0, 0.0]
1573696002644664322	[0.0, 0.0, 0.021198278259135287, 0.23638778220451476, 0.6115537848605577]	[0.0, 0.0, 0.04728779748989692, 0.15552951763441863, 0.24884722821506916]
1577959393940881408	[0.0, 0.0, 0.0, 0.8419654714475395, 0.42762284196547223]	[0.0, 0.0, 0.0, 0.12321493728733109, 0.16802036902817896]
1526108537293680640	[1.6471419537879927e-105, 1.6471419537879927e-105, 4.301567889699352e-46, 0.38844621513944155, 0.8897742363877815]	[2.343401069386107e-105, 2.343401069386107e-105, 7.581334624280173e-47, 0.07840950554648364, 0.15681901109296695]
1219459547124858888	[0.0, 0.0, 0.0, 0.4545454545454535, 2.5]	[0.0, 0.0, 0.0, 1.0547118733938987e-15, 0.0]
4405807395	[0.0, 0.0, 0.0, 0.09523809523809497, 1.0]	[0.0, 0.0, 0.0, 2.636779683484747e-16, 0.0]
1424640593938944005	[0.0, 0.0, -1.1568872296317532e-61, 0.6792828685258964, 0.8605577689243051]	[0.0, 0.0, 5.111793578880959e-62, 0.07921748919518729, 0.06161360270736823]
1348724621034483712	[0.0, 0.0, 0.0, 1.0, 1.5]	[0.0, 0.0, 0.0, 0.0, 0.0]
1597126178804039682	[0.0, 0.0, -1.2062477119531905e-158, 0.13913043478260895, 0.9444444444444453]	[0.0, 0.0, 2.1323648869622903e-159, 0.055338791571121045, 0.07856742013183883]
3022955977	[0.0, 0.0, 0.0, 0.8000000000000028, 2.0]	[0.0, 0.0, 0.0, 2.7755575615628914e-15, 0.0]
1304838924188123136	[0.0, 0.0, 0.0, 0.0, 0.0]	[0.0, 0.0, 0.0, 0.0, 0.0]
1535843539778564096	[0.0, 0.0, 1.7525328584566375e-130, 0.0, 0.0]	[0.0, 0.0, 7.607915761695784e-145, 0.0, 0.0]
1307008631771148288	[0.0, 0.0, 2.1065292142827043e-176, 0.55221538090064, 2.00398406374502]	[0.0, 0.0, 0.0, 0.004752091245241463, 0.7056855499183508]
786189623944843264	[0.0, 0.0, 0.0, 0.0, 0.0]	[0.0, 0.0, 0.0, 0.0, 0.0]
1381436262633111552	[0.0, 0.0, 0.0, 0.0, 0.0]	[0.0, 0.0, 0.0, 0.0, 0.0]
1103457912335331328	[0.0, 0.0, -1.770920278670879e-47, 0.0, 0.0]	[0.0, 0.0, 9.723461371658034e-62, 0.0, 0.0]
1541974408058773512	[5.030898439198812e-229, 5.030898439198812e-229, 5.030898439198812e-229, 0.0, 0.0]	[0.0, 0.0, 0.0, 0.0, 0.0]
1241224210107658240	[0.0, 0.0, 3.0572642699352067e-59, 0.0, 0.0]	[0.0, 0.0, 1.7686873200833423e-74, 0.0, 0.0]
1265631236028084224	[0.0, 0.0, 0.0, 0.0, 0.0]	[0.0, 0.0, 0.0, 0.0, 0.0]
1573022912000319488	[0.0, 0.0, -7.219263977317287e-82, 1.0, 1.1102257636122193]	[0.0, 0.0, 1.0270900383369974e-81, 0.0, 0.15681901109296717]
1476984898477260800	[0.0, 0.0, 0.0, 0.0, 0.0]	[0.0, 0.0, 0.0, 0.0, 0.0]
1603172736351670272	[0.0, 0.0, -0.00018561039144067282, 0.9136786188578997, 3.6706507304116744]	[0.0, 0.0, 0.00013046279904661547, 0.017424334565885265, 0.7056855499183512]
1562198318276431876	[0.0, 0.0, 0.0, 0.8518518518518493, 11.5]	[0.0, 0.0, 0.0, 2.55351295663786e-15, 0.0]
1604350270472916993	[7.9597086620458e-98, 7.9597086620458e-98, -4.0886093555317064e-88, 0.0, 0.0]	[2.209024575199541e-112, 2.209024575199541e-112, 1.1720085555140515e-102, 0.0, 0.0]
1176972315537694720	[0.0, 0.0, -2.0741335331254974e-61, 0.6666666666666659, 2.0]	[0.0, 0.0, 1.3817869688151111e-76, 7.771561172376096e-16, 0.0]
1308151079222345728	[0.0, 0.0, -1.766907158344477e-172, 0.09503232505945854, 0.42857142857142894]	[0.0, 0.0, 0.0, 0.05836301573857408, 0.01683587574253685]
1360507235936456704	[0.0, 0.0, 2.4529676163318755e-31, 0.0, 0.0]	[0.0, 0.0, 8.758115402030107e-47, 0.0, 0.0]
1559593258086305792	[3.3234240445410826e-86, 3.3234240445410826e-86, -0.033701107701502406, 0.6661354581673284, 1.4448871181938907]	[5.857396750700956e-87, 5.857396750700956e-87, 0.047946815783287404, 0.09409140665577989, 0.07840950554648347]
1518068230341881856	[-3.2701106210836946e-285, -3.2701106210836946e-285, -0.0003248181850211768, 0.05001334611924504, 1.3067729083665336]	[0.0, 0.0, 0.00015222531012989247, 0.013285397802892025, 0.279050415431271]
