855091879003738113	[0.12601814498850844, 0.0, -4.54646770033047, 0.4872824706158038, 5.7499999999999964]	[0.23307973875768068, 0.0, 3.445213567856443, 0.17509027513290767, 5.046018389512825]
1524084713178431488	[6.15380605690919e-06, 0.0, -0.035632292961147914, 0.20836653386454254, 1.360557768924303]	[8.109087608417218e-07, 0.0, 0.07945206656018261, 0.01866354211613022, 0.3110590352688377]
1257959303945900032	[-0.23253142580090566, 0.0, -1.5278419502802192, 0.004140786749482397, 1.0]	[9.992007221626409e-16, 0.0, 8.881784197001252e-16, 5.204170427930421e-18, 0.0]
1530832682095190018	[-5.218807657632744e-66, 0.0, -7.545253245887385e-09, 0.5, 1.5]	[9.48797814890747e-81, 0.0, 1.3234889800848443e-23, 0.0, 0.0]
3295465306	[0.0, 0.0, -3.1346619610919946e-16, 0.0, 0.0]	[0.0, 0.0, 1.8242408433235898e-30, 0.0, 0.0]
1552006530374852608	[3.2031163856289585e-99, 0.0, -0.5567716989720153, 0.0, 0.0]	[8.933555267351085e-114, 0.0, 5.551115123125783e-16, 0.0, 0.0]
975175578365190144	[-2.7341886706018807e-41, 5.815225043796558e-58, 0.15106606320453814, 1.0, 0.8605577689243051]	[1.9218207791033775e-41, 9.937297054265946e-59, 0.28740541439902845, 0.0, 0.06161360270736823]
1512708407329198084	[-3.0500721231837845e-26, 0.0, -5.204962892073198, 0.3333333333333329, 1.0]	[6.887662211849341e-41, 0.0, 3.552713678800501e-15, 3.885780586188048e-16, 0.0]
1470797296921034752	[0.0, 0.0, 0.0, 0.0, 0.0]	[0.0, 0.0, 0.0, 0.0, 0.0]
878199957500686336	[0.00011218065444702504, 0.0, 0.0001551437062610855, 0.4000000000000014, 1.0]	[4.336808689942018e-19, 0.0, 1.8973538018496328e-19, 1.3877787807814457e-15, 0.0]
1264179482648248320	[0.0, 0.0, 0.0, 0.0, 0.0]	[0.0, 0.0, 0.0, 0.0, 0.0]
1010300612129509376	[2.4637582060293052e-88, 0.0, -1.7690105535609566e-84, 1.0, 0.8888888888888882]	[5.842118126199938e-88, 0.0, 4.137077245065756e-85, 0.0, 0.15713484026367697]
1217558606842859522	[-7.632373738941121e-54, 0.0, 5.061244581838381e-26, 0.0, 0.0]	[2.0864284597616745e-68, 0.0, 1.7793127380610797e-40, 0.0, 0.0]
1184331211721736192	[1.5011946879628766e-62, 0.0, 0.022764197538738273, 0.8110225763612245, 1.167994687915008]	[1.924735585423866e-63, 0.0, 0.002918679464279561, 0.01568190110929669, 0.23522851663945085]
1558953336916922368	[8.91323696791255e-13, 0.0, 0.046559447482447565, 0.5021830021830024, 0.8055555555555555]	[6.427426583633964e-13, 0.0, 0.06685022787124574, 0.08362141176351905, 0.1145307118227128]
1347248904895672323	[0.0, 0.0, 0.0, 0.0, 0.0]	[0.0, 0.0, 0.0, 0.0, 0.0]
1405935500242915328	[6.300725037329892e-66, 0.0, 0.0018546132179673993, 0.7095427812559263, 1.0013280212483362]	[4.42868579878113e-66, 0.0, 6.229608805506886e-10, 0.09707843543850357, 0.23522851663945105]
1390960631759523840	[4.7393087982352866e-14, 0.0, -0.3238125039518891, 0.6666666666666659, 1.0]	[2.524354896707238e-28, 0.0, 1.1102230246251565e-16, 7.771561172376096e-16, 0.0]
1267281706245128192	[-0.0003537783472824918, -2.653009731061267e-99, -0.3277924470588571, 0.5522908366533864, 1.6115537848605586]	[4.661862245160964e-05, 3.4959646333027985e-100, 0.7305217353368454, 0.11664713822581388, 0.24884722821506902]
1582074009470267392	[0.040802309456800634, 0.0006336538695642348, 0.020175324149020228, 0.7490597375012781, 0.4080043462513574]	[0.042668744946609174, 0.00033085809204698566, 0.04731033030706254, 0.05461217229236812, 0.11929272523520999]
1296175329556406273	[5.308463857266543e-10, 0.0, -0.24849281211835797, 0.7131474103585648, 1.3067729083665336]	[1.184179020561158e-09, 0.0, 0.5542877083256788, 0.10368634508961252, 0.6843298775914417]
1470403383471263745	[-2.661619558209288e-75, 0.0, -5.207138438207037, 0.5, 1.0]	[3.4363654257084086e-90, 0.0, 1.1546319456101628e-14, 0.0, 0.0]
1253322173403394049	[-5.583387387829041e-07, 0.0, -5.583387387829041e-07, 0.0, 0.0]	[7.411538288475128e-22, 0.0, 7.411538288475128e-22, 0.0, 0.0]
3141533716	[3.3209210723858877e-09, 0.0, -3.2382049927273258, 0.9423076923076867, 24.5]	[1.6957202557337067e-23, 0.0, 1.199040866595169e-14, 5.551115123125783e-15, 0.0]
1599013198501388288	[0.0, 0.0, 0.0, 0.0, 0.0]	[0.0, 0.0, 0.0, 0.0, 0.0]
952266549062139904	[4.3421129020270744e-58, 0.0, -0.00012154445530754687, 1.0, 3.2777777777777803]	[6.140675760102833e-58, 0.0, 2.1486227140897993e-05, 0.0, 0.3142696805273546]
1303185624317321216	[2.634521457179139e-35, 0.0, -4.5873836334644363e-23, 1.0, 4.0]	[4.810976478165952e-50, 0.0, 2.8799611595146044e-37, 0.0, 0.0]
1314857412956839937	[-0.2321733075020925, 0.0, -1.5274838319909765, 0.006224066390041476, 1.5]	[1.304512053934559e-15, 0.0, 5.773159728050814e-15, 1.734723475976807e-17, 0.0]
1343933675725996033	[-4.470088310017818e-49, 0.0, -3.218654377587992e-06, 0.6666666666666657, 1.0]	[1.367361755389411e-63, 0.0, 1.9058241313221758e-20, 8.881784197001252e-16, 0.0]
1545674949968420864	[-1.7573264664832983e-50, 0.0, 4.632713927000704e-08, 1.0, 0.9444444444444453]	[2.49077874089408e-50, 0.0, 8.387002220329778e-09, 0.0, 0.07856742013183883]
1449841497298382850	[-0.0512619079456413, 0.0, -0.33689437050370785, 0.67877063175868, 1.1062416998671987]	[0.07293069648449284, 0.0, 0.4791753548715919, 0.45701540375664534, 0.8625045610113176]
1586612104127451136	[0.0, 0.0, 0.0, 0.0, 0.0]	[0.0, 0.0, 0.0, 0.0, 0.0]
1419740808757055491	[-8.680560964237445e-17, 0.0, -1.8622520590246708e-16, 0.607142857142858, 1.9722222222222205]	[1.9410324398866072e-16, 0.0, 2.1746779348272704e-16, 0.07985957062499267, 0.062112999374994135]
1567948218499239936	[0.08201935688581803, 0.0, -13.154118668679398, 0.75, 1.5]	[3.191891195797325e-16, 0.0, 4.618527782440651e-14, 0.0, 0.0]
952266549062139905	[-3.592409743128569e-65, 0.0, 0.0018757487406122495, 1.0, 4.0]	[8.85544627231364e-80, 0.0, 5.637851296924623e-18, 0.0, 0.0]
800152580915499010	[-1.776415395065741e-27, 0.0, 0.28749620471624215, 0.0, 0.0]	[3.587324068671532e-43, 0.0, 3.3306690738754696e-16, 0.0, 0.0]
1394901053825556480	[1.4929863866159928e-42, 0.0, 1.034246706941931e-05, 1.0, 1.0]	[7.32822279120928e-57, 0.0, 1.6940658945086007e-20, 0.0, 0.0]
938634317294653440	[3.6767740335902405e-93, 0.0, -25.373034028682984, 0.8461538461538417, 5.5]	[1.1922287552022822e-107, 0.0, 9.947598300641403e-14, 4.440892098500626e-15, 0.0]
1551000216085618690	[-0.013069555380100791, 0.0, -0.017564391828092326, 0.595373787405659, 2.0074610648315825]	[0.008343815672948167, 0.0, 0.007142308332562126, 0.060242389150824124, 0.6058916337682808]
1524540516561559552	[-0.0001875841457939929, -0.0001875841457939929, 0.0011975423261909805, 0.7111111111111101, 0.8888888888888882]	[3.31605053835045e-05, 3.31605053835045e-05, 0.00021134015978968985, 0.06285393610547094, 0.15713484026367697]
1295170777776619520	[2.1074818778692925e-06, 0.0, 0.02236125677608288, 0.598985874683086, 0.22654284821498402]	[2.6748405149384193e-06, 0.0, 0.010665043284389263, 0.07807387416267556, 0.08982656466134609]
1334963880641114113	[3.373217604200257e-76, 0.0, -1.5894888523274622e-26, 0.0, 0.0]	[6.136366831622158e-92, 0.0, 2.8698592549372254e-41, 0.0, 0.0]
1560479529881063424	[3.8731315020736074e-36, 0.0, 0.0006441860074525121, 0.6666666666666659, 1.0]	[1.6704779438076223e-50, 0.0, 1.6263032587282567e-18, 7.771561172376096e-16, 0.0]
1286433502037245955	[-1.6544798450660095e-29, 0.0, -0.48401352729037705, 0.6985391766268251, 1.0]	[3.6907104863991376e-29, 0.0, 1.0797072277653783, 0.07109920806144847, 0.0]
1509439556860456960	[2.3053380493544107e-25, 0.0, -7.292976127219705e-05, 0.0, 0.0]	[2.2958874039497803e-40, 0.0, 4.87890977618477e-19, 0.0, 0.0]
1221958979573764096	[-5.3931845146597905e-11, 0.0, -0.19975353842196428, 0.8979591836734658, 22.0]	[2.261821987449685e-25, 0.0, 1.3877787807814457e-16, 3.552713678800501e-15, 0.0]
1559849276699729923	[1.4108578245108537e-31, 0.0, 0.026571663401911475, 0.1381544528954889, 0.5]	[1.8591371902490028e-32, 0.0, 0.059226493727398424, 0.060326600779410884, 0.0]
974798197531930624	[-2.4744838819314375e-18, 3.0580467328479655e-29, -0.006725309066030809, 0.407536231884059, 1.6111111111111098]	[3.129265766568061e-33, 1.0089348943138683e-43, 0.004755511646165222, 0.02295535057765019, 0.1571348402636773]
1471505856378273792	[0.0, 0.0, 0.0, 0.0, 0.0]	[0.0, 0.0, 0.0, 0.0, 0.0]
1357459209537937408	[3.0460941124229254e-42, 0.0, -0.00016815465959723027, 0.0, 0.0]	[2.039157646249539e-56, 0.0, 9.215718466126788e-19, 0.0, 0.0]
1705999885	[-1.092080390678013e-18, 7.927290270090297e-31, -7.749184004470597e-14, 0.17647058823529463, 1.5]	[2.1185229388259594e-33, 2.627434620609032e-45, 2.271919407036514e-28, 4.996003610813204e-16, 0.0]
175625853	[-6.047250583624417e-40, 0.0, -0.9773742119138835, 1.0, 2.5]	[2.5285554813494283e-54, 0.0, 2.220446049250313e-15, 0.0, 0.0]
1557748313948147712	[4.0637141808822025e-06, 0.0, 4.063715565731141e-06, 0.07625272331154662, 0.8888888888888882]	[7.183699635264406e-07, 0.0, 7.183702083354549e-07, 0.024648602394302315, 0.15713484026367697]
1581248279123197953	[0.0, 0.0, 0.0, 0.0, 0.0]	[0.0, 0.0, 0.0, 0.0, 0.0]
390960016	[2.177025549007588e-19, 1.9955104499233496e-19, 0.03935294037222293, 1.0, 2.5590969455511283]	[2.791242587087719e-20, 2.5585155642035088e-20, 0.05598772002599625, 0.0, 0.6272760443718672]
1536055318542794752	[-1.453631957502369e-98, 0.0, -0.020695330568586377, 0.6666666666666659, 1.0]	[4.5479917724696434e-113, 0.0, 2.42861286636753e-17, 7.771561172376096e-16, 0.0]
1573532345772146688	[1.2022960852518337e-05, 0.0, 0.00015034309113399143, 0.20035147630031214, 1.6354581673306765]	[1.5843080195252167e-06, 0.0, 1.9811239292191446e-05, 0.06631976528706446, 0.38684075899318143]
1461358161453928448	[0.0, 0.0, 0.0, 0.0, 0.0]	[0.0, 0.0, 0.0, 0.0, 0.0]
1534104823527661696	[-1.67966050953371e-18, 0.0, -0.5831903166738743, 0.619123505976093, 1.3884462151394423]	[2.213347983060844e-19, 0.0, 1.2954770017387702, 0.04265952483686912, 0.24884722821506908]
1432363068969734144	[0.0, 0.0, 0.0, 0.0, 0.0]	[0.0, 0.0, 0.0, 0.0, 0.0]
1212271430257147904	[7.374837996206881e-12, 0.0, -6.15360535483759e-08, 0.75, 1.5]	[2.4233807008389483e-26, 0.0, 3.8381180422460484e-22, 0.0, 0.0]
941038685818060800	[0.04220113321178051, 0.0, 0.040392196255799075, 1.0, 0.655555555555556]	[0.006522543963639925, 0.0, 0.00583112862045337, 0.0, 0.1335646142241254]
285050738	[0.0012677652772714709, 0.0, -0.02283958705196485, 0.32739629716428464, 0.6391102257636121]	[0.00016254473604888624, 0.0, 0.0029283454238266332, 0.05930130671582779, 0.039204752773241654]
1563911121681137669	[-5.026411983826196e-64, 0.0, -3.2041216873189975e-63, 1.0, 0.9722222222222211]	[6.903810333220314e-65, 0.0, 4.200858517554858e-64, 0.0, 0.039283710065919325]
1406907752065110016	[-4.57781061222052e-71, -4.577803406669316e-71, 5.994211843016903e-10, 0.7728960319711824, 1.8635458167330725]	[5.869434801591818e-72, 5.869366039289482e-72, 7.578393623090855e-11, 0.011652186582759197, 0.4312522805056598]
1567761967015772161	[0.40797663664566, 0.0, -0.6112175145800254, 0.2345464082047157, 0.3887118193891089]	[0.11563038770245286, 0.0, 0.07223461347461001, 0.014307616858421959, 0.03136380221859338]
1585801883985317889	[-0.09905101306491348, 0.0, -0.445871341247694, 0.07724973578010055, 0.7834661354581691]	[0.03976118102081511, 0.0, 0.28351331480546194, 0.0673555127084781, 0.023522851663945094]
938384349342429184	[0.0, 0.0, 0.0, 0.0, 0.0]	[0.0, 0.0, 0.0, 0.0, 0.0]
1425454693275168775	[0.0337185078900615, 0.0, -0.041994037040399924, 0.3903674118448885, 0.414830974375652]	[0.0026491816261157513, 0.0, 0.004428732549927255, 0.14712344003059308, 0.183707193811293]
1513648688417193984	[-2.9910693085871946e-13, 0.0, -1.512267183105258e-08, 1.0, 0.9047619047619052]	[4.230010782201934e-13, 0.0, 3.563330438544094e-09, 0.0, 0.21886638465297864]
1576130850844184576	[0.0, 0.0, 0.0, 0.0, 0.0]	[0.0, 0.0, 0.0, 0.0, 0.0]
1541974408058773504	[0.0, 0.0, 0.0, 0.0, 0.0]	[0.0, 0.0, 0.0, 0.0, 0.0]
1573696002644664322	[3.433117326264671e-16, 0.0, -0.45273901369417424, 0.23638778220451476, 0.6115537848605577]	[4.523939966778538e-17, 0.0, 1.009941964796517, 0.15552951763441863, 0.24884722821506916]
1577959393940881408	[-1.2382979174278622e-61, 0.0, -5.247142100611685e-62, 0.8419654714475395, 0.42762284196547223]	[8.703813309474577e-62, 0.0, 1.8859532749045074e-61, 0.12321493728733109, 0.16802036902817896]
1526108537293680640	[0.0018678309531491354, 0.0018678309531491354, 0.02114825726603016, 0.38844621513944155, 0.8897742363877815]	[0.0026573769449415273, 0.0026573769449415273, 0.029756626951486037, 0.07840950554648364, 0.15681901109296695]
1219459547124858888	[1.2634737763622553e-16, 0.0, 1.2634737763643953e-16, 0.4545454545454535, 2.5]	[1.9721522630525295e-31, 0.0, 2.9582283945787943e-31, 1.0547118733938987e-15, 0.0]
4405807395	[2.3041678666977177e-43, 0.0, 1.5941624209827793e-07, 0.09523809523809497, 1.0]	[5.17754871118047e-58, 0.0, 1.5881867761018131e-22, 2.636779683484747e-16, 0.0]
1424640593938944005	[5.543937291457224e-63, 0.0, -0.0013670023032810582, 0.6792828685258964, 0.8605577689243051]	[9.47370932345994e-64, 0.0, 0.0006038961825187155, 0.07921748919518729, 0.06161360270736823]
1348724621034483712	[-5.138137866788119e-36, 0.0, -2.442476542532785e-31, 1.0, 1.5]	[1.3363823550460978e-51, 0.0, 4.3790577010150533e-47, 0.0, 0.0]
1597126178804039682	[5.674083689098933e-17, 0.0, -0.0003136861096711222, 0.13913043478260895, 0.9444444444444453]	[1.0030457633954604e-17, 0.0, 5.545239382811933e-05, 0.055338791571121045, 0.07856742013183883]
3022955977	[2.9535714287099962e-96, 0.0, -1.088957172994884e-29, 0.8000000000000028, 2.0]	[1.1227042546896491e-110, 0.0, 6.305843089461677e-44, 2.7755575615628914e-15, 0.0]
1304838924188123136	[0.0, 0.0, 0.0, 0.0, 0.0]	[0.0, 0.0, 0.0, 0.0, 0.0]
1535843539778564096	[1.0954940069527651e-54, 0.0, -0.003078070817078218, 0.0, 0.0]	[6.375198071494006e-69, 0.0, 1.6046192152785466e-17, 0.0, 0.0]
1307008631771148288	[3.958267690501213e-12, 0.0, -0.00013867349203161607, 0.55221538090064, 2.00398406374502]	[5.62961651667763e-12, 0.0, 2.4440639236372206e-05, 0.004752091245241463, 0.7056855499183508]
786189623944843264	[0.0, 0.0, 0.0, 0.0, 0.0]	[0.0, 0.0, 0.0, 0.0, 0.0]
1381436262633111552	[0.0, 0.0, 0.0, 0.0, 0.0]	[0.0, 0.0, 0.0, 0.0, 0.0]
1103457912335331328	[0.0, 0.0, 0.0, 0.0, 0.0]	[0.0, 0.0, 0.0, 0.0, 0.0]
1541974408058773512	[2.657604845585929e-05, 0.0, 2.657604845585929e-05, 0.0, 0.0]	[9.825582188149884e-20, 0.0, 9.825582188149884e-20, 0.0, 0.0]
1241224210107658240	[0.0, 0.0, 0.0, 0.0, 0.0]	[0.0, 0.0, 0.0, 0.0, 0.0]
1265631236028084224	[0.0, 0.0, -3.3426978474383332e-15, 0.0, 0.0]	[0.0, 0.0, 2.2876966251409342e-29, 0.0, 0.0]
1573022912000319488	[9.105033094217344e-71, 3.671780659488447e-76, -0.002745410638839358, 1.0, 1.1102257636122193]	[1.2953739376815058e-70, 6.4713608061844496e-77, 0.003905916070053667, 0.0, 0.15681901109296717]
1476984898477260800	[0.0, 0.0, -1.0245167849069305e-12, 0.0, 0.0]	[0.0, 0.0, 4.0389678347315804e-27, 0.0, 0.0]
1603172736351670272	[-1.754463688555672e-33, 0.0, -0.6719060391220215, 0.9136786188578997, 3.6706507304116744]	[1.7195196450496046e-37, 0.0, 0.4722728177005251, 0.017424334565885265, 0.7056855499183512]
1562198318276431876	[-2.4051374641198893e-43, 0.0, -7.152470119160898e-15, 0.8518518518518493, 11.5]	[1.1549916355710279e-57, 0.0, 2.524354896707238e-29, 2.55351295663786e-15, 0.0]
1604350270472916993	[0.03374868156224053, 0.0, -0.001171486596851201, 0.0, 0.0]	[2.0816681711721685e-17, 0.0, 1.3010426069826053e-18, 0.0, 0.0]
1176972315537694720	[1.5873237877747674e-52, 0.0, -0.002450279167461288, 0.6666666666666659, 2.0]	[5.378348918496761e-67, 0.0, 5.637851296924623e-18, 7.771561172376096e-16, 0.0]
1308151079222345728	[2.7148473112104974e-08, 4.7932525324392713e-48, -0.00021536968355725318, 0.09503232505945854, 0.42857142857142894]	[6.398956478661023e-09, 6.778682739254807e-48, 5.076312123511179e-05, 0.05836301573857408, 0.01683587574253685]
1360507235936456704	[0.0, 0.0, 0.0, 0.0, 0.0]	[0.0, 0.0, 0.0, 0.0, 0.0]
1559593258086305792	[0.008633246162747127, 1.1418620374341567e-84, -0.16697731029621266, 0.6661354581673284, 1.4448871181938907]	[0.0015215737547767303, 2.0124843830270673e-85, 0.0736368313531729, 0.09409140665577989, 0.07840950554648347]
1518068230341881856	[1.2292145608839917e-07, 0.0, -0.40529626848341654, 0.05001334611924504, 1.3067729083665336]	[1.61976339699235e-08, 0.0, 0.1899412378513779, 0.013285397802892025, 0.279050415431271]
