855091879003738113	[0.04541261519240144, 0.04333591494634109, -2.1198079664520475, 0.4872824706158038, 5.7499999999999964]	[0.057167686703112196, 0.054582278314478136, 0.42056852015220136, 0.17509027513290767, 5.046018389512825]
1524084713178431488	[0.009210805620715846, 0.009188255022910059, -0.014468020213952461, 0.20836653386454254, 1.360557768924303]	[0.0012137403914220944, 0.001210768819495088, 0.014935968111144506, 0.01866354211613022, 0.3110590352688377]
1257959303945900032	[0.5613170593851301, 0.5597016068824162, -1.8667626390400034, 0.004140786749482397, 1.0]	[9.992007221626409e-16, 2.55351295663786e-15, 1.199040866595169e-14, 5.204170427930421e-18, 0.0]
1530832682095190018	[-0.0016519416623478294, -0.001664473280809055, -0.012204416675259287, 0.5, 1.5]	[7.589415207398531e-18, 3.2526065174565133e-18, 1.214306433183765e-17, 0.0, 0.0]
3295465306	[0.0, 0.0, -0.018509345387527278, 0.0, 0.0]	[0.0, 0.0, 7.979727989493313e-17, 0.0, 0.0]
1552006530374852608	[0.007863881682212527, 0.007863881682212527, -0.028346680886094842, 0.0, 0.0]	[8.673617379884035e-18, 8.673617379884035e-18, 1.0061396160665481e-16, 0.0, 0.0]
975175578365190144	[0.0013895549866900813, 0.0013880593537614748, -0.023201276816937934, 1.0, 0.8605577689243051]	[0.0003992119648598082, 0.0003986174737371787, 0.033984542070011746, 0.0, 0.06161360270736823]
1512708407329198084	[-0.0008337280649491845, -0.0008337280649491845, -2.358299495146399, 0.3333333333333329, 1.0]	[1.4094628242311558e-18, 1.4094628242311558e-18, 1.2878587085651816e-14, 3.885780586188048e-16, 0.0]
1470797296921034752	[0.0, 0.0, -0.010551174358291917, 0.0, 0.0]	[0.0, 0.0, 2.2551405187698492e-17, 0.0, 0.0]
878199957500686336	[-0.005535181729003752, -0.005541951161413728, -0.0025416818946040875, 0.4000000000000014, 1.0]	[4.336808689942018e-18, 1.9949319973733282e-17, 8.673617379884035e-18, 1.3877787807814457e-15, 0.0]
1264179482648248320	[0.0, 0.0, -0.017322318301119768, 0.0, 0.0]	[0.0, 0.0, 7.979727989493313e-17, 0.0, 0.0]
1010300612129509376	[0.00025766213103057623, 0.000253043932710894, 0.0016909027287722066, 1.0, 0.8888888888888882]	[0.00035386918065854377, 0.00034496510005683736, 0.0003678514392873493, 0.0, 0.15713484026367697]
1217558606842859522	[0.06021947879411019, 0.06021947879411019, 0.0614669119762099, 0.0, 0.0]	[1.1796119636642288e-16, 1.1796119636642288e-16, 2.983724378680108e-16, 0.0, 0.0]
1184331211721736192	[0.0011305684745790171, 0.0011292079778775816, 0.026569336767029064, 0.8110225763612245, 1.167994687915008]	[0.0005261919000790197, 0.0005254016640755293, 0.004085680782027798, 0.01568190110929669, 0.23522851663945085]
1558953336916922368	[-0.0009439422196838023, -0.0009037763513163453, 0.050412771101128295, 0.5021830021830024, 0.8055555555555555]	[0.001707202049042864, 0.0016899573993295867, 0.07396056835648786, 0.08362141176351905, 0.1145307118227128]
1347248904895672323	[0.0, 0.0, -0.00620924728917943, 0.0, 0.0]	[0.0, 0.0, 1.8214596497756474e-17, 0.0, 0.0]
1405935500242915328	[-0.0009201211072825101, -0.0009170275884779083, -0.0036950955651059115, 0.7095427812559263, 1.0013280212483362]	[0.00042231346977275445, 0.0004204609797532018, 9.907994099856781e-05, 0.09707843543850357, 0.23522851663945105]
1390960631759523840	[-0.00036910658271908545, -0.00036910658271908545, -0.07649803127918238, 0.6666666666666659, 1.0]	[1.3552527156068805e-18, 1.3552527156068805e-18, 4.440892098500626e-16, 7.771561172376096e-16, 0.0]
1267281706245128192	[-0.006652491722885039, -0.006651770807304599, -0.26788999808979963, 0.5522908366533864, 1.6115537848605586]	[0.0005911722086876246, 0.0005926099534269355, 0.5883889847753344, 0.11664713822581388, 0.24884722821506902]
1582074009470267392	[-0.00920977270356192, -0.008921243362557302, 0.029174322018520146, 0.7490597375012781, 0.4080043462513574]	[0.00310299332061579, 0.002823406044395338, 0.011808269823398039, 0.05461217229236812, 0.11929272523520999]
1296175329556406273	[0.0020951513098939737, 0.002089778134157738, -0.2673428115558401, 0.7131474103585648, 1.3067729083665336]	[0.0020215312486780404, 0.0020143834248757637, 0.5832949557553135, 0.10368634508961252, 0.6843298775914417]
1470403383471263745	[0.0007112807315723486, 0.0007112807315723486, -2.366902296303874, 0.5, 1.0]	[2.927345865710862e-18, 2.927345865710862e-18, 1.7763568394002505e-15, 0.0, 0.0]
1253322173403394049	[-0.007906133392255387, -0.007906133392255387, -0.013367654628508517, 0.0, 0.0]	[3.469446951953614e-17, 3.469446951953614e-17, 2.2551405187698492e-17, 0.0, 0.0]
3141533716	[0.025776762675416568, 0.02570421761460139, -0.18206976788166182, 0.9423076923076867, 24.5]	[6.591949208711867e-17, 5.204170427930421e-17, 9.992007221626409e-16, 5.551115123125783e-15, 0.0]
1599013198501388288	[0.0, 0.0, 0.020012588714621346, 0.0, 0.0]	[0.0, 0.0, 8.673617379884035e-17, 0.0, 0.0]
952266549062139904	[-0.0022942452718271986, -0.0022898574911836152, -0.005106296990882528, 1.0, 3.2777777777777803]	[0.0009084489520312629, 0.0009022436931363883, 0.0003992381538628086, 0.0, 0.3142696805273546]
1303185624317321216	[0.006200538348387425, 0.006200538348387425, -0.0016575881878261862, 1.0, 4.0]	[3.729655473350135e-17, 3.729655473350135e-17, 2.6020852139652106e-18, 0.0, 0.0]
1314857412956839937	[0.5651851540190576, 0.5651851540190576, -1.873421007619416, 0.006224066390041476, 1.5]	[1.5543122344752192e-15, 1.4432899320127035e-15, 5.10702591327572e-15, 1.734723475976807e-17, 0.0]
1343933675725996033	[-0.0009308614670759959, -0.0009308614670759959, 0.0049839673362481905, 0.6666666666666657, 1.0]	[4.228388472693467e-18, 4.228388472693467e-18, 1.734723475976807e-17, 8.881784197001252e-16, 0.0]
1545674949968420864	[0.0009496882196430579, 0.000948843080739373, -0.003930390518459629, 1.0, 0.9444444444444453]	[5.5661850069338266e-05, 5.446664316965607e-05, 0.0010307906436095788, 0.0, 0.07856742013183883]
1449841497298382850	[0.12202612579690465, 0.12142526683123102, -0.41740813054067677, 0.67877063175868, 1.1062416998671987]	[0.17600953095634356, 0.17515468445117713, 0.585718032995545, 0.45701540375664534, 0.8625045610113176]
1586612104127451136	[0.0, 0.0, -0.010510937036415155, 0.0, 0.0]	[0.0, 0.0, 3.122502256758253e-17, 0.0, 0.0]
1419740808757055491	[-0.0021534678028354505, -0.002126065740877181, 0.003405088539647787, 0.607142857142858, 1.9722222222222205]	[0.0015434777380908154, 0.0015496180879108752, 0.002406866382444686, 0.07985957062499267, 0.062112999374994135]
1567948218499239936	[0.004274801246573421, 0.004260807707022003, -0.4696827366682217, 0.75, 1.5]	[1.214306433183765e-17, 9.540979117872439e-18, 1.9984014443252818e-15, 0.0, 0.0]
952266549062139905	[-0.0026045864176986334, -0.0026045864176986334, 0.005690647211232576, 1.0, 4.0]	[4.7704895589362195e-18, 4.7704895589362195e-18, 1.0408340855860843e-17, 0.0, 0.0]
800152580915499010	[-0.0038224997644477334, -0.0038224997644477334, -0.007931930518937811, 0.0, 0.0]	[1.6479873021779667e-17, 1.6479873021779667e-17, 6.938893903907228e-18, 0.0, 0.0]
1394901053825556480	[2.7472250295919377e-05, 2.7472250295919377e-05, -0.0025975690614126086, 1.0, 1.0]	[1.0164395367051604e-19, 1.0164395367051604e-19, 1.734723475976807e-17, 0.0, 0.0]
938634317294653440	[-0.0006330077509631078, -0.0006330077509631078, -0.22153610649100638, 0.8461538461538417, 5.5]	[3.2526065174565133e-19, 3.2526065174565133e-19, 1.3600232051658168e-15, 4.440892098500626e-15, 0.0]
1551000216085618690	[0.014123327610385886, 0.012836394442898882, 0.02030921824611446, 0.595373787405659, 2.0074610648315825]	[0.002448279535318585, 0.002365023535055438, 0.0031632919129649687, 0.060242389150824124, 0.6058916337682808]
1524540516561559552	[-0.002525824207922474, -0.002525082038002712, 0.00975406414848507, 0.7111111111111101, 0.8888888888888882]	[0.00072076662389038, 0.0007165093824406265, 0.002821893545809524, 0.06285393610547094, 0.15713484026367697]
1295170777776619520	[-0.0020821414626708804, -0.0020312612786735954, -0.025188698582405994, 0.598985874683086, 0.22654284821498402]	[0.0010186372979059338, 0.0009967991755713973, 0.01268814154963828, 0.07807387416267556, 0.08982656466134609]
1334963880641114113	[0.0001932472704221996, 0.0001932472704221996, -0.012634499395666412, 0.0, 0.0]	[7.860465750519907e-19, 7.860465750519907e-19, 0.0, 0.0, 0.0]
1560479529881063424	[0.0032983139997127845, 0.0032957364723766873, -0.03259570250839253, 0.6666666666666659, 1.0]	[6.071532165918825e-18, 4.336808689942018e-18, 6.938893903907228e-18, 7.771561172376096e-16, 0.0]
1286433502037245955	[-0.0015454201333308664, -0.0015450412376935736, -0.00982988256018496, 0.6985391766268251, 1.0]	[0.00011727970830863035, 0.00011643449154399082, 0.016262572677413538, 0.07109920806144847, 0.0]
1509439556860456960	[-0.003983059341773925, -0.003983059341773925, -0.01344672406509021, 0.0, 0.0]	[2.3418766925686896e-17, 2.3418766925686896e-17, 6.938893903907228e-17, 0.0, 0.0]
1221958979573764096	[0.004885124216535976, 0.0048981790274514455, -2.3628484225372497, 0.8979591836734658, 22.0]	[6.071532165918825e-18, 9.540979117872439e-18, 5.773159728050814e-15, 3.552713678800501e-15, 0.0]
1559849276699729923	[0.0020968164499835847, 0.002096160824216722, 0.013838673253009401, 0.1381544528954889, 0.5]	[7.521981923342662e-05, 7.375729014905591e-05, 0.06737042135194526, 0.060326600779410884, 0.0]
974798197531930624	[-0.001162564567682267, -0.001229059675569609, -0.004116513641773196, 0.407536231884059, 1.6111111111111098]	[0.0003357755341297096, 0.00038656713130706054, 0.0027915242763534615, 0.02295535057765019, 0.1571348402636773]
1471505856378273792	[0.0, 0.0, -0.018691807396015038, 0.0, 0.0]	[0.0, 0.0, 6.938893903907228e-18, 0.0, 0.0]
1357459209537937408	[0.0060111934147699655, 0.0060111934147699655, -0.01785360558830362, 0.0, 0.0]	[8.673617379884035e-19, 8.673617379884035e-19, 1.0408340855860843e-17, 0.0, 0.0]
1705999885	[-0.009173264455815275, -0.00881990069315686, -0.011529186129047627, 0.17647058823529463, 1.5]	[1.214306433183765e-17, 1.734723475976807e-17, 2.42861286636753e-17, 4.996003610813204e-16, 0.0]
175625853	[0.003934553896722398, 0.003934553896722398, -0.35178025814297664, 1.0, 2.5]	[2.0816681711721685e-17, 2.0816681711721685e-17, 5.551115123125783e-17, 0.0, 0.0]
1557748313948147712	[0.021342152006425356, 0.02107449992924269, 0.019281037146531003, 0.07625272331154662, 0.8888888888888882]	[0.003772795102214363, 0.003725480452520734, 0.0034084380286554476, 0.024648602394302315, 0.15713484026367697]
1581248279123197953	[0.0, 0.0, 0.010360740284642804, 0.0, 0.0]	[0.0, 0.0, 4.5102810375396984e-17, 0.0, 0.0]
390960016	[-0.012369728454845774, -0.01217322899543817, 0.032673408006082094, 1.0, 2.5590969455511283]	[0.0011405327323830332, 0.0011206851448805645, 0.0615605736324003, 0.0, 0.6272760443718672]
1536055318542794752	[0.0011451336273573516, 0.0011451335372989239, -0.029049279769379065, 0.6666666666666659, 1.0]	[5.421010862427522e-18, 3.0357660829594124e-18, 9.020562075079397e-17, 7.771561172376096e-16, 0.0]
1573532345772146688	[0.02208431375587385, 0.022002949456299124, 0.019378497494311673, 0.20035147630031214, 1.6354581673306765]	[0.002671735207835354, 0.0026732239200275678, 0.0024130464364755322, 0.06631976528706446, 0.38684075899318143]
1461358161453928448	[0.0, 0.0, -0.018774719186554354, 0.0, 0.0]	[0.0, 0.0, 7.28583859910259e-17, 0.0, 0.0]
1534104823527661696	[-0.004369555654423523, -0.004369553175393675, -0.30429420279839486, 0.619123505976093, 1.3884462151394423]	[0.000575791782904701, 0.0005757914562341814, 0.583020973884804, 0.04265952483686912, 0.24884722821506908]
1432363068969734144	[0.0, 0.0, 0.011570334270808785, 0.0, 0.0]	[0.0, 0.0, 2.2551405187698492e-17, 0.0, 0.0]
1212271430257147904	[0.001609436126717045, 0.001609436126717045, -0.15279157288434958, 0.75, 1.5]	[2.3852447794681098e-18, 2.3852447794681098e-18, 1.942890293094024e-16, 0.0, 0.0]
941038685818060800	[-0.006380559920935056, -0.006319996985514159, -0.02659661177944778, 1.0, 0.655555555555556]	[0.0026659708910774355, 0.0025578777527981637, 0.0070574095389759955, 0.0, 0.1335646142241254]
285050738	[0.0027077837873658674, 0.0026769844971358935, -0.01350779092951676, 0.32739629716428464, 0.6391102257636121]	[0.0005227912069668585, 0.0005180111616620366, 0.0011004014484082808, 0.05930130671582779, 0.039204752773241654]
1563911121681137669	[-0.0005271413950380645, -0.0005270715914775783, 0.001996474215986382, 1.0, 0.9722222222222211]	[3.677791580814541e-05, 3.687663295008473e-05, 0.0004223945284876325, 0.0, 0.039283710065919325]
1406907752065110016	[0.00205331238041629, 0.0020392554525135538, 0.037459011254551436, 0.7728960319711824, 1.8635458167330725]	[0.00045599247443160756, 0.00045544719680419484, 0.0048999008151407565, 0.011652186582759197, 0.4312522805056598]
1567761967015772161	[0.01896927822159802, 0.018438520635535485, -0.029763751594983363, 0.2345464082047157, 0.3887118193891089]	[0.0002133532719254888, 0.0005092218959308722, 0.008629244843262664, 0.014307616858421959, 0.03136380221859338]
1585801883985317889	[0.16320235336312433, 0.16281209573052802, -0.48981642894183336, 0.07724973578010055, 0.7834661354581691]	[0.10359243956873394, 0.10333319237023636, 0.35467678756775384, 0.0673555127084781, 0.023522851663945094]
938384349342429184	[0.0, 0.0, -0.04342320220207211, 0.0, 0.0]	[0.0, 0.0, 8.326672684688674e-17, 0.0, 0.0]
1425454693275168775	[0.03721780661386332, 0.032452903836805436, -0.35149682516036623, 0.3903674118448885, 0.414830974375652]	[0.007822770698843542, 0.008855400149416272, 0.1595108433328832, 0.14712344003059308, 0.183707193811293]
1513648688417193984	[0.002099647101434965, 0.0020630370875281646, -0.004566050256366634, 1.0, 0.9047619047619052]	[0.003596230108668614, 0.0035488085096524458, 0.006153429217337324, 0.0, 0.21886638465297864]
1576130850844184576	[0.0, 0.0, -0.02867436085244735, 0.0, 0.0]	[0.0, 0.0, 1.1796119636642288e-16, 0.0, 0.0]
1541974408058773504	[0.0, 0.0, -0.0021857889440514617, 0.0, 0.0]	[0.0, 0.0, 5.204170427930421e-18, 0.0, 0.0]
1573696002644664322	[-0.0014721779561441414, -0.0014717229701584494, -0.26583521000399823, 0.23638778220451476, 0.6115537848605577]	[0.00045727870778286653, 0.000458293662152703, 0.5875622819749005, 0.15552951763441863, 0.24884722821506916]
1577959393940881408	[-0.0003232336720460923, -0.00031974362575930764, 0.0030012340594853543, 0.8419654714475395, 0.42762284196547223]	[0.0002474711982916923, 0.0002450180963729781, 0.0017767579368564313, 0.12321493728733109, 0.16802036902817896]
1526108537293680640	[-0.0004104292826110799, -0.0004056729661690101, -0.005047170351857526, 0.38844621513944155, 0.8897742363877815]	[3.522950735299204e-05, 3.634006853713794e-05, 0.0006106127344070889, 0.07840950554648364, 0.15681901109296695]
1219459547124858888	[-0.0018059484302152978, -0.0018059481165116202, 0.0115307356553435, 0.4545454545454535, 2.5]	[4.553649124439119e-18, 1.1709383462843448e-17, 4.683753385137379e-17, 1.0547118733938987e-15, 0.0]
4405807395	[-0.007905281172591757, -0.007694158619126644, -0.0066476299608930894, 0.09523809523809497, 1.0]	[3.642919299551295e-17, 3.209238430557093e-17, 2.688821387764051e-17, 2.636779683484747e-16, 0.0]
1424640593938944005	[-0.0018071071022769366, -0.0018037606824887528, -0.03085012375210185, 0.6792828685258964, 0.8605577689243051]	[0.000530380381799876, 0.0005292210145826093, 0.008228238767779648, 0.07921748919518729, 0.06161360270736823]
1348724621034483712	[0.0022617707571247945, 0.0022617707571247945, 0.007081385359771985, 1.0, 1.5]	[8.673617379884035e-19, 8.673617379884035e-19, 6.071532165918825e-18, 0.0, 0.0]
1597126178804039682	[0.01615270994259766, 0.016095219976921933, 0.008484767858105386, 0.13913043478260895, 0.9444444444444453]	[0.002582812511880263, 0.0025813950998749184, 0.0012233963638459422, 0.055338791571121045, 0.07856742013183883]
3022955977	[-0.002542541713818625, -0.002379902468543767, -0.0008632237970162841, 0.8000000000000028, 2.0]	[1.734723475976807e-18, 3.469446951953614e-18, 2.6020852139652106e-18, 2.7755575615628914e-15, 0.0]
1304838924188123136	[0.0, 0.0, -0.007071170092624418, 0.0, 0.0]	[0.0, 0.0, 4.0766001685454967e-17, 0.0, 0.0]
1535843539778564096	[0.005350120970255774, 0.005350120970255774, 0.03453542571929431, 0.0, 0.0]	[1.3010426069826053e-17, 1.3010426069826053e-17, 8.326672684688674e-17, 0.0, 0.0]
1307008631771148288	[-0.0007359538879524228, -0.0007334832575972988, -0.022330083095946137, 0.55221538090064, 2.00398406374502]	[0.0005796193532750146, 0.000579353201920715, 0.003282775157218176, 0.004752091245241463, 0.7056855499183508]
786189623944843264	[0.0, 0.0, -0.0003560029247683128, 0.0, 0.0]	[0.0, 0.0, 1.463672932855431e-18, 0.0, 0.0]
1381436262633111552	[0.0, 0.0, 0.0029281118026485147, 0.0, 0.0]	[0.0, 0.0, 0.0, 0.0, 0.0]
1103457912335331328	[0.0, 0.0, -0.04858792104323642, 0.0, 0.0]	[0.0, 0.0, 2.5673907444456745e-16, 0.0, 0.0]
1541974408058773512	[0.015559056433273289, 0.015559056433273289, 0.022905101392019598, 0.0, 0.0]	[4.336808689942018e-17, 4.336808689942018e-17, 6.591949208711867e-17, 0.0, 0.0]
1241224210107658240	[0.0, 0.0, -0.0019407180312481652, 0.0, 0.0]	[0.0, 0.0, 9.75781955236954e-18, 0.0, 0.0]
1265631236028084224	[0.0, 0.0, 0.01658150992715369, 0.0, 0.0]	[0.0, 0.0, 5.898059818321144e-17, 0.0, 0.0]
1573022912000319488	[0.0016021855880949808, 0.001600722537856463, -0.002033466173046392, 1.0, 1.1102257636122193]	[3.173440105828897e-05, 2.965290863705799e-05, 0.0003606555142148005, 0.0, 0.15681901109296717]
1476984898477260800	[0.0022902858757252627, 0.0022902858757252627, -0.018025258207339682, 0.0, 0.0]	[2.168404344971009e-18, 2.168404344971009e-18, 4.5102810375396984e-17, 0.0, 0.0]
1603172736351670272	[-0.0019581413128546762, -0.002014956649959189, -0.14258830569054626, 0.9136786188578997, 3.6706507304116744]	[0.002022161055654551, 0.001995634298894682, 0.09646208759028173, 0.017424334565885265, 0.7056855499183512]
1562198318276431876	[-0.004122641162249056, -0.003922362713476256, 0.06204206550519045, 0.8518518518518493, 11.5]	[1.9081958235744878e-17, 8.673617379884035e-18, 1.6653345369377348e-16, 2.55351295663786e-15, 0.0]
1604350270472916993	[0.030231206926376385, 0.030231206926376385, 0.0002263586192576203, 0.0, 0.0]	[1.942890293094024e-16, 1.942890293094024e-16, 0.0, 0.0, 0.0]
1176972315537694720	[0.0005828578475412522, 0.0005831929844902314, -0.04176771784606718, 0.6666666666666659, 2.0]	[1.734723475976807e-18, 5.421010862427522e-19, 1.249000902703301e-16, 7.771561172376096e-16, 0.0]
1308151079222345728	[0.002963919897705873, 0.002979708024617688, -0.0036094843217224265, 0.09503232505945854, 0.42857142857142894]	[0.00025949508973557877, 0.0002791244246414606, 0.0017420408603199993, 0.05836301573857408, 0.01683587574253685]
1360507235936456704	[0.0, 0.0, -0.006942571690161277, 0.0, 0.0]	[0.0, 0.0, 3.5561831257524545e-17, 0.0, 0.0]
1559593258086305792	[0.007478227508892802, 0.007480647562046328, -0.07362072086090399, 0.6661354581673284, 1.4448871181938907]	[0.0008330200861357933, 0.0008365526817178342, 0.008581324534209076, 0.09409140665577989, 0.07840950554648347]
1518068230341881856	[0.014376294534500613, 0.01433231581389852, -0.23630719346027623, 0.05001334611924504, 1.3067729083665336]	[0.001813583107158642, 0.001819015264357895, 0.1182838575316131, 0.013285397802892025, 0.279050415431271]
