855091879003738113	[1.301426967506041e-07, 0.0, 8.528827047210412e-05, 0.4872824706158038, 5.7499999999999964]	[1.7235118388582428e-07, 0.0, 3.866865591800208e-05, 0.17509027513290767, 5.046018389512825]
1524084713178431488	[1.0057417861698314e-08, 0.0, -1.6040380073359425e-05, 0.20836653386454254, 1.360557768924303]	[1.325301476854367e-09, 0.0, 3.534179281384203e-05, 0.01866354211613022, 0.3110590352688377]
1257959303945900032	[4.707323003014941e-07, 0.0, -6.03252183486331e-06, 0.004140786749482397, 1.0]	[0.0, 0.0, 1.5246593050577406e-20, 5.204170427930421e-18, 0.0]
1530832682095190018	[-5.596963966585863e-11, 0.0, -2.211092182437555e-09, 0.5, 1.5]	[1.357093192469811e-25, 0.0, 2.0679515313825692e-24, 0.0, 0.0]
3295465306	[0.0, 0.0, -2.328382290493916e-08, 0.0, 0.0]	[0.0, 0.0, 8.602678370551488e-23, 0.0, 0.0]
1552006530374852608	[2.4668838576777027e-09, 0.0, -4.358302114745648e-06, 0.0, 0.0]	[2.0679515313825692e-24, 0.0, 1.4399560103323106e-20, 0.0, 0.0]
975175578365190144	[1.2235156376254738e-09, 4.78529340894581e-10, -6.180649324785642e-05, 1.0, 0.8605577689243051]	[2.722341832048632e-10, 8.177307281898422e-11, 4.694267750207208e-05, 0.0, 0.06161360270736823]
1512708407329198084	[-9.150740146411867e-10, 0.0, 0.00012424378556942075, 0.3333333333333329, 1.0]	[3.412120026781239e-24, 0.0, 6.2341624917916505e-19, 3.885780586188048e-16, 0.0]
1470797296921034752	[0.0, 0.0, 0.0, 0.0, 0.0]	[0.0, 0.0, 0.0, 0.0, 0.0]
878199957500686336	[-7.245265058351958e-08, 0.0, -4.26819095112106e-08, 0.4000000000000014, 1.0]	[1.9852334701272664e-22, 0.0, 7.279189390466644e-23, 1.3877787807814457e-15, 0.0]
1264179482648248320	[0.0, 0.0, 0.0, 0.0, 0.0]	[0.0, 0.0, 0.0, 0.0, 0.0]
1010300612129509376	[1.1976070544545092e-10, 0.0, 7.438302028556714e-10, 1.0, 0.8888888888888882]	[1.6462225934027818e-10, 0.0, 1.7436283674875938e-10, 0.0, 0.15713484026367697]
1217558606842859522	[1.3442268563735211e-08, 0.0, 1.5691862830367218e-08, 0.0, 0.0]	[7.77549775799846e-23, 0.0, 3.970466940254533e-23, 0.0, 0.0]
1184331211721736192	[1.1887529030743436e-10, 0.0, 2.5915855096556714e-07, 0.8110225763612245, 1.167994687915008]	[2.0882446140170744e-10, 0.0, 3.35927551697014e-08, 0.01568190110929669, 0.23522851663945085]
1558953336916922368	[2.3452615511003093e-09, 0.0, 1.7968754438627646e-07, 0.5021830021830024, 0.8055555555555555]	[2.5170049165059327e-09, 0.0, 2.595517573796755e-07, 0.08362141176351905, 0.1145307118227128]
1347248904895672323	[0.0, 0.0, 0.0, 0.0, 0.0]	[0.0, 0.0, 0.0, 0.0, 0.0]
1405935500242915328	[-4.5847508912748746e-10, 0.0, 1.3164176723426253e-08, 0.7095427812559263, 1.0013280212483362]	[1.6812081618768631e-10, 0.0, 4.826190006706342e-10, 0.09707843543850357, 0.23522851663945105]
1390960631759523840	[-2.9477978717534313e-09, 0.0, -0.0001422795062792708, 0.6666666666666659, 1.0]	[4.963083675318166e-24, 0.0, 5.421010862427522e-19, 7.771561172376096e-16, 0.0]
1267281706245128192	[-2.4923047241933113e-08, -1.3429960175303743e-11, 1.3831347409802595e-05, 0.5522908366533864, 1.6115537848605586]	[2.954694804573649e-09, 1.76971329014861e-12, 3.0869937416967156e-05, 0.11664713822581388, 0.24884722821506902]
1582074009470267392	[-1.8303413779726102e-07, -5.6293268326843974e-08, 6.504636091400395e-08, 0.7490597375012781, 0.4080043462513574]	[1.0949085131682307e-07, 2.9063302505168693e-08, 1.9786572588065228e-07, 0.05461217229236812, 0.11929272523520999]
1296175329556406273	[2.2101346306570327e-09, 0.0, 1.3810544657391211e-05, 0.7131474103585648, 1.3067729083665336]	[3.8809250838677615e-09, 0.0, 3.088174523103491e-05, 0.10368634508961252, 0.6843298775914417]
1470403383471263745	[3.5985134623987446e-10, 0.0, 0.00012404530944077477, 0.5, 1.0]	[3.101927297073854e-25, 0.0, 1.8973538018496328e-19, 0.0, 0.0]
1253322173403394049	[-1.8303268400783715e-08, 0.0, -2.7199285416801166e-08, 0.0, 0.0]	[5.955700410381799e-23, 0.0, 1.1580528575742387e-22, 0.0, 0.0]
3141533716	[3.570020989627139e-08, 0.0, 9.539608850005528e-06, 0.9423076923076867, 24.5]	[3.3087224502121107e-23, 0.0, 5.082197683525802e-21, 5.551115123125783e-15, 0.0]
1599013198501388288	[0.0, 0.0, 0.0, 0.0, 0.0]	[0.0, 0.0, 0.0, 0.0, 0.0]
952266549062139904	[-1.5335543935828766e-09, 0.0, 2.3984132961460187e-08, 1.0, 3.2777777777777803]	[6.118798716654531e-10, 0.0, 5.137853425061848e-09, 0.0, 0.3142696805273546]
1303185624317321216	[6.62816273151412e-09, 0.0, -2.781344910404129e-09, 1.0, 4.0]	[8.271806125530277e-25, 0.0, 1.1994118882018901e-23, 0.0, 0.0]
1314857412956839937	[5.183767859186793e-07, 0.0, -6.00952095466332e-06, 0.006224066390041476, 1.5]	[4.235164736271502e-22, 0.0, 3.3881317890172014e-21, 1.734723475976807e-17, 0.0]
1343933675725996033	[-8.06594319791623e-10, 0.0, -1.1244493137777703e-09, 0.6666666666666657, 1.0]	[4.1359030627651384e-25, 0.0, 2.0679515313825692e-25, 8.881784197001252e-16, 0.0]
1545674949968420864	[7.333296866377017e-10, 0.0, 4.751429373870927e-09, 1.0, 0.9444444444444453]	[2.9783067186107604e-11, 0.0, 6.901843731669589e-10, 0.0, 0.07856742013183883]
1449841497298382850	[9.919880183407919e-08, 0.0, -1.359156999852986e-06, 0.67877063175868, 1.1062416998671987]	[1.4797816188878498e-07, 0.0, 1.89387977407554e-06, 0.45701540375664534, 0.8625045610113176]
1586612104127451136	[0.0, 0.0, 0.0, 0.0, 0.0]	[0.0, 0.0, 0.0, 0.0, 0.0]
1419740808757055491	[-1.6079454892298888e-09, 0.0, 1.4041052502455123e-08, 0.607142857142858, 1.9722222222222205]	[4.526560526804324e-09, 0.0, 7.271276606065181e-09, 0.07985957062499267, 0.062112999374994135]
1567948218499239936	[2.3966689488966876e-07, 0.0, -2.7216325270258067e-05, 0.75, 1.5]	[9.529120656610879e-22, 0.0, 1.5585406229479126e-19, 0.0, 0.0]
952266549062139905	[-1.6495586028407628e-09, 0.0, 1.3020720087325945e-08, 1.0, 4.0]	[2.0679515313825692e-24, 0.0, 2.6469779601696886e-23, 0.0, 0.0]
800152580915499010	[-2.0686100857520786e-09, 0.0, 6.902951612432343e-07, 0.0, 0.0]	[4.1359030627651384e-25, 0.0, 2.752857078576476e-21, 0.0, 0.0]
1394901053825556480	[-2.0547485037388485e-12, 0.0, 8.941822975990669e-09, 1.0, 1.0]	[3.2311742677852644e-27, 0.0, 1.9852334701272664e-23, 0.0, 0.0]
938634317294653440	[-2.120247000715712e-10, 0.0, 1.0680076098229566e-05, 0.8461538461538417, 5.5]	[1.0339757656912846e-24, 0.0, 6.268043809681823e-20, 4.440892098500626e-15, 0.0]
1551000216085618690	[5.152229098571653e-08, 0.0, 2.0813034199576785e-07, 0.595373787405659, 2.0074610648315825]	[1.0021881035290705e-08, 0.0, 3.6154315464402554e-08, 0.060242389150824124, 0.6058916337682808]
1524540516561559552	[-3.3964487552833945e-08, -3.412640229281772e-08, 2.3557282700444996e-08, 0.7111111111111101, 0.8888888888888882]	[6.576445300906803e-09, 6.547817948512947e-09, 1.6738728608422162e-08, 0.06285393610547094, 0.15713484026367697]
1295170777776619520	[-8.953593943699044e-10, 0.0, -3.667829354458613e-08, 0.598985874683086, 0.22654284821498402]	[8.072392288193545e-10, 0.0, 1.7395179221194414e-08, 0.07807387416267556, 0.08982656466134609]
1334963880641114113	[1.0449935250015762e-10, 0.0, -8.696443421762377e-09, 0.0, 0.0]	[3.2311742677852644e-25, 0.0, 1.4889251025954498e-23, 0.0, 0.0]
1560479529881063424	[2.591041481783958e-09, 0.0, -1.0547501335013702e-07, 0.6666666666666659, 1.0]	[1.0339757656912846e-23, 0.0, 2.117582368135751e-22, 7.771561172376096e-16, 0.0]
1286433502037245955	[-9.274452649243638e-10, 0.0, -1.8706244385048065e-06, 0.6985391766268251, 1.0]	[3.1688510154789183e-10, 0.0, 4.18008430275912e-06, 0.07109920806144847, 0.0]
1509439556860456960	[-2.340381013860478e-09, 0.0, -2.227809236735148e-08, 0.0, 0.0]	[5.37667398159468e-24, 0.0, 9.26442286059391e-23, 0.0, 0.0]
1221958979573764096	[1.5392756265085154e-08, 0.0, 0.00012407094829157064, 0.8979591836734658, 22.0]	[5.955700410381799e-23, 0.0, 1.8973538018496328e-19, 3.552713678800501e-15, 0.0]
1559849276699729923	[1.0536316020993903e-09, 0.0, 8.800037093480114e-08, 0.1381544528954889, 0.5]	[1.5983958935501277e-11, 0.0, 2.3247472605185486e-07, 0.060326600779410884, 0.0]
974798197531930624	[-1.940104961972984e-09, -7.2776412144668e-10, -4.594958113082321e-08, 0.407536231884059, 1.6111111111111098]	[4.529038357297229e-10, 1.0339757656912846e-24, 3.105959182768291e-08, 0.02295535057765019, 0.1571348402636773]
1471505856378273792	[0.0, 0.0, 0.0, 0.0, 0.0]	[0.0, 0.0, 0.0, 0.0, 0.0]
1357459209537937408	[2.000980838539548e-09, 0.0, -5.437355536069566e-08, 0.0, 0.0]	[1.3648480107124957e-23, 0.0, 8.602678370551488e-23, 0.0, 0.0]
1705999885	[-3.517543701986422e-09, 1.70262566446204e-09, -4.060354653144748e-09, 0.17647058823529463, 1.5]	[1.3234889800848443e-23, 3.9291079096268815e-24, 1.2407709188295415e-23, 4.996003610813204e-16, 0.0]
175625853	[2.614880015525749e-09, 0.0, -3.0350265955624882e-05, 1.0, 2.5]	[1.5716431638507526e-23, 0.0, 3.3881317890172014e-21, 0.0, 0.0]
1557748313948147712	[2.2354976388370876e-08, 0.0, 1.866023209658978e-08, 0.07625272331154662, 0.8888888888888882]	[3.951838849370548e-09, 0.0, 3.298694146873838e-09, 0.024648602394302315, 0.15713484026367697]
1581248279123197953	[0.0, 0.0, 0.0, 0.0, 0.0]	[0.0, 0.0, 0.0, 0.0, 0.0]
390960016	[-2.1835397513701085e-08, -1.5714822270805038e-08, 1.343155986612488e-07, 1.0, 2.5590969455511283]	[2.5425869782588793e-09, 2.0148537618578374e-09, 2.195004271718272e-07, 0.0, 0.6272760443718672]
1536055318542794752	[2.5782468202081434e-10, 0.0, -1.2385099145317325e-07, 0.6666666666666659, 1.0]	[1.7060600133906196e-24, 0.0, 3.441071348220595e-22, 7.771561172376096e-16, 0.0]
1573532345772146688	[1.5355653469862688e-07, 0.0, 1.621659171059359e-07, 0.20035147630031214, 1.6354581673306765]	[2.0090310831195072e-08, 0.0, 2.04140932763602e-08, 0.06631976528706446, 0.38684075899318143]
1461358161453928448	[0.0, 0.0, 0.0, 0.0, 0.0]	[0.0, 0.0, 0.0, 0.0, 0.0]
1534104823527661696	[-3.4875637382864164e-09, 0.0, 1.3669220322802846e-05, 0.619123505976093, 1.3884462151394423]	[4.595685927077794e-10, 0.0, 3.089110228019377e-05, 0.04265952483686912, 0.24884722821506908]
1432363068969734144	[0.0, 0.0, 0.0, 0.0, 0.0]	[0.0, 0.0, 0.0, 0.0, 0.0]
1212271430257147904	[1.1018483928439211e-09, 0.0, -6.920373687234022e-08, 0.75, 1.5]	[3.7223127564886245e-24, 0.0, 3.970466940254533e-23, 0.0, 0.0]
941038685818060800	[-4.974654565266834e-06, 0.0, -5.262949187909575e-06, 1.0, 0.655555555555556]	[9.031957779256828e-07, 0.0, 9.660528363425666e-07, 0.0, 0.1335646142241254]
285050738	[4.470383923825698e-09, 0.0, -1.4839788829785392e-07, 0.32739629716428464, 0.6391102257636121]	[6.543697851311254e-10, 0.0, 1.739979638916496e-08, 0.05930130671582779, 0.039204752773241654]
1563911121681137669	[-3.5339020925215595e-10, 0.0, 9.125772656568862e-10, 1.0, 0.9722222222222211]	[3.8773205044562476e-11, 0.0, 2.3026534303663405e-10, 0.0, 0.039283710065919325]
1406907752065110016	[1.3386162060403263e-09, 2.99903191444132e-10, 2.9193070174603862e-08, 0.7728960319711824, 1.8635458167330725]	[2.8264562820839304e-10, 3.845166448983483e-11, 3.2323780193987818e-09, 0.011652186582759197, 0.4312522805056598]
1567761967015772161	[8.289668515718189e-07, 0.0, 3.215816706072847e-07, 0.2345464082047157, 0.3887118193891089]	[4.170115375429641e-08, 0.0, 2.3090206372866673e-06, 0.014307616858421959, 0.03136380221859338]
1585801883985317889	[2.248363713726705e-07, 0.0, -1.532596330913134e-06, 0.07724973578010055, 0.7834661354581691]	[7.76066565078001e-08, 0.0, 1.1502884079169185e-06, 0.0673555127084781, 0.023522851663945094]
938384349342429184	[0.0, 0.0, 0.0, 0.0, 0.0]	[0.0, 0.0, 0.0, 0.0, 0.0]
1425454693275168775	[5.737191668588959e-08, 0.0, -2.7785859614524305e-06, 0.3903674118448885, 0.414830974375652]	[1.0689973736137296e-08, 0.0, 2.9884606485186504e-06, 0.14712344003059308, 0.183707193811293]
1513648688417193984	[-1.3567727307412016e-09, 0.0, -1.6129804103961075e-08, 1.0, 0.9047619047619052]	[3.5696241073313266e-09, 0.0, 7.939137114495506e-09, 0.0, 0.21886638465297864]
1576130850844184576	[0.0, 0.0, 0.0, 0.0, 0.0]	[0.0, 0.0, 0.0, 0.0, 0.0]
1541974408058773504	[0.0, 0.0, 0.0, 0.0, 0.0]	[0.0, 0.0, 0.0, 0.0, 0.0]
1573696002644664322	[-3.6692480840862198e-09, 0.0, 1.382693022763761e-05, 0.23638778220451476, 0.6115537848605577]	[2.338803650777136e-09, 0.0, 3.087479194562076e-05, 0.15552951763441863, 0.24884722821506916]
1577959393940881408	[-2.3154451186636745e-10, 0.0, 1.311844148735691e-09, 0.8419654714475395, 0.42762284196547223]	[1.6271042488969154e-10, 0.0, 9.085662788450335e-10, 0.12321493728733109, 0.16802036902817896]
1526108537293680640	[-1.0242606383379523e-09, -1.5546166467758073e-09, 8.859500998015284e-08, 0.38844621513944155, 0.8897742363877815]	[3.9045669027685503e-10, 4.839297574095955e-10, 3.1996426191452515e-08, 0.07840950554648364, 0.15681901109296695]
1219459547124858888	[-7.23502358631871e-10, 0.0, 5.140155362935582e-09, 0.4545454545454535, 2.5]	[1.137373342260413e-24, 0.0, 1.4889251025954498e-23, 1.0547118733938987e-15, 0.0]
4405807395	[-1.4684130458363835e-09, 0.0, 7.585789257629839e-09, 0.09523809523809497, 1.0]	[4.963083675318166e-24, 0.0, 4.4667753077863494e-23, 2.636779683484747e-16, 0.0]
1424640593938944005	[-8.878474298005053e-10, 0.0, -1.1742124420181414e-07, 0.6792828685258964, 0.8605577689243051]	[2.441114473735128e-10, 0.0, 4.129583620445459e-08, 0.07921748919518729, 0.06161360270736823]
1348724621034483712	[2.731508586424554e-09, 0.0, 9.16578837753724e-09, 1.0, 1.5]	[1.6543612251060553e-23, 0.0, 1.1580528575742387e-23, 0.0, 0.0]
1597126178804039682	[1.2349957892160366e-08, 0.0, -2.1789309479332338e-08, 0.13913043478260895, 0.9444444444444453]	[2.036212923524431e-09, 0.0, 3.998858925784843e-09, 0.055338791571121045, 0.07856742013183883]
3022955977	[-7.58662896455651e-10, 0.0, -7.635729245965834e-10, 0.8000000000000028, 2.0]	[1.6543612251060553e-24, 0.0, 2.3781442610899546e-24, 2.7755575615628914e-15, 0.0]
1304838924188123136	[0.0, 0.0, 0.0, 0.0, 0.0]	[0.0, 0.0, 0.0, 0.0, 0.0]
1535843539778564096	[1.4051222604679397e-09, 0.0, 2.8394352419777585e-07, 0.0, 0.0]	[5.790264287871194e-24, 0.0, 1.9058241313221758e-21, 0.0, 0.0]
1307008631771148288	[-2.9220779291566707e-09, 0.0, 1.791049392730537e-09, 0.55221538090064, 2.00398406374502]	[2.348874191054969e-09, 0.0, 3.0740973584644825e-09, 0.004752091245241463, 0.7056855499183508]
786189623944843264	[0.0, 0.0, 0.0, 0.0, 0.0]	[0.0, 0.0, 0.0, 0.0, 0.0]
1381436262633111552	[0.0, 0.0, 0.0, 0.0, 0.0]	[0.0, 0.0, 0.0, 0.0, 0.0]
1103457912335331328	[0.0, 0.0, 0.0, 0.0, 0.0]	[0.0, 0.0, 0.0, 0.0, 0.0]
1541974408058773512	[3.517375299162011e-08, 0.0, 4.156191240143239e-08, 0.0, 0.0]	[3.3087224502121107e-23, 0.0, 1.3234889800848443e-22, 0.0, 0.0]
1241224210107658240	[0.0, 0.0, 0.0, 0.0, 0.0]	[0.0, 0.0, 0.0, 0.0, 0.0]
1265631236028084224	[0.0, 0.0, 4.0074330626118454e-08, 0.0, 0.0]	[0.0, 0.0, 1.3234889800848443e-23, 0.0, 0.0]
1573022912000319488	[8.778739438760412e-10, 7.710981264504369e-10, -1.532236399761805e-08, 1.0, 1.1102257636122193]	[1.6007907118827993e-11, 1.3590283995691736e-10, 2.2042102440639777e-08, 0.0, 0.15681901109296717]
1476984898477260800	[4.4494396459800423e-10, 0.0, -1.4681255100815894e-08, 0.0, 0.0]	[1.2924697071141057e-24, 0.0, 9.926167350636332e-24, 0.0, 0.0]
1603172736351670272	[-2.614432444070169e-09, 0.0, -1.334572485302553e-05, 0.9136786188578997, 3.6706507304116744]	[1.4952024323562062e-09, 0.0, 9.376933458220588e-06, 0.017424334565885265, 0.7056855499183512]
1562198318276431876	[-2.651466823998563e-09, 0.0, 5.242784821716904e-08, 0.8518518518518493, 11.5]	[5.790264287871194e-24, 0.0, 1.522012327097571e-22, 2.55351295663786e-15, 0.0]
1604350270472916993	[2.0289279866772484e-08, 0.0, -1.6615369485980874e-07, 0.0, 0.0]	[4.963083675318166e-23, 0.0, 6.88214269644119e-22, 0.0, 0.0]
1176972315537694720	[1.6995882446736326e-09, 0.0, -1.7893653784541606e-07, 0.6666666666666659, 2.0]	[7.651420666115506e-24, 0.0, 3.1763735522036263e-22, 7.771561172376096e-16, 0.0]
1308151079222345728	[1.598247436858703e-09, 3.510064792087552e-13, -2.8699244327883313e-08, 0.09503232505945854, 0.42857142857142894]	[9.250385040523482e-11, 4.963981233778514e-13, 7.478931157633377e-09, 0.05836301573857408, 0.01683587574253685]
1360507235936456704	[0.0, 0.0, 0.0, 0.0, 0.0]	[0.0, 0.0, 0.0, 0.0, 0.0]
1559593258086305792	[5.722282117025241e-08, -3.3141924685412976e-10, -3.2164605683257664e-05, 0.6661354581673284, 1.4448871181938907]	[9.32480746866034e-09, 5.841126481683149e-11, 4.442531905776408e-05, 0.09409140665577989, 0.07840950554648347]
1518068230341881856	[-4.331873141507514e-09, 0.0, -2.3358675111848677e-05, 0.05001334611924504, 1.3067729083665336]	[1.0198482477383552e-09, 0.0, 1.094458585367147e-05, 0.013285397802892025, 0.279050415431271]
