855091879003738113	[6.507991392240716e-05, 6.506172176207424e-05, 0.0007493952518044989, 0.4872824706158038, 5.7499999999999964]	[8.353853098339312e-05, 8.351749609256366e-05, 0.0008484938991339063, 0.17509027513290767, 5.046018389512825]
1524084713178431488	[1.0853551349777178e-05, 1.085349315246825e-05, -0.00031331257539110824, 0.20836653386454254, 1.360557768924303]	[1.4302107987134604e-06, 1.4302031298484906e-06, 0.0006187302815394627, 0.01866354211613022, 0.3110590352688377]
1257959303945900032	[0.0005373283335439491, 0.0005373188020804356, -0.000616226732903488, 0.004140786749482397, 1.0]	[2.2768245622195593e-18, 2.927345865710862e-18, 3.144186300207963e-18, 5.204170427930421e-18, 0.0]
1530832682095190018	[-1.2995696965092796e-06, -1.2996925556677197e-06, -7.856986194656846e-06, 0.5, 1.5]	[5.293955920339377e-21, 3.8116482626443515e-21, 2.0328790734103208e-20, 0.0, 0.0]
3295465306	[0.0, 0.0, -1.9902688405500515e-05, 0.0, 0.0]	[0.0, 0.0, 1.2197274440461925e-19, 0.0, 0.0]
1552006530374852608	[7.363460095606014e-06, 7.363460095606014e-06, -0.00034384639512115186, 0.0, 0.0]	[3.5575383784680614e-20, 3.5575383784680614e-20, 1.463672932855431e-18, 0.0, 0.0]
975175578365190144	[1.289710550810372e-06, 1.289707588111482e-06, -0.0010347717648954834, 1.0, 0.8605577689243051]	[3.1363356333666674e-07, 3.136315630717519e-07, 0.0009145605921634775, 0.0, 0.06161360270736823]
1512708407329198084	[-1.7286216643703007e-06, -1.7286216643703007e-06, 0.0016505338951471368, 0.3333333333333329, 1.0]	[4.235164736271502e-21, 4.235164736271502e-21, 8.023096076392733e-18, 3.885780586188048e-16, 0.0]
1470797296921034752	[0.0, 0.0, -2.4083016511620477e-05, 0.0, 0.0]	[0.0, 0.0, 6.776263578034403e-20, 0.0, 0.0]
878199957500686336	[-2.069232597368591e-05, -2.069234888629435e-05, -1.1751989062218822e-05, 0.4000000000000014, 1.0]	[4.0657581468206416e-20, 1.6940658945086007e-20, 4.573977915173222e-20, 1.3877787807814457e-15, 0.0]
1264179482648248320	[0.0, 0.0, -2.68233440938977e-05, 0.0, 0.0]	[0.0, 0.0, 1.3891340334970526e-19, 0.0, 0.0]
1010300612129509376	[1.6810237601542364e-07, 1.6804832717099517e-07, 1.050743840775808e-06, 1.0, 0.8888888888888882]	[2.3475073958595314e-07, 2.3466235917409732e-07, 2.495031194159014e-07, 0.0, 0.15713484026367697]
1217558606842859522	[4.722938694878357e-05, 4.722938694878357e-05, 4.894615690093792e-05, 0.0, 0.0]	[1.3552527156068805e-19, 1.3552527156068805e-19, 2.642742795433417e-19, 0.0, 0.0]
1184331211721736192	[8.212567392705203e-07, 8.212546905026359e-07, 5.159924147848144e-05, 0.8110225763612245, 1.167994687915008]	[3.735333999777851e-07, 3.7353239788344636e-07, 7.107833936802073e-06, 0.01568190110929669, 0.23522851663945085]
1558953336916922368	[7.440440923185556e-08, 7.700203894212862e-08, 3.241749826963541e-05, 0.5021830021830024, 0.8055555555555555]	[1.8842286298931716e-06, 1.8833008505480868e-06, 4.799891909774532e-05, 0.08362141176351905, 0.1145307118227128]
1347248904895672323	[0.0, 0.0, -5.802231631856284e-06, 0.0, 0.0]	[0.0, 0.0, 3.3881317890172014e-21, 0.0, 0.0]
1405935500242915328	[-7.990539408914059e-07, -7.990423049191201e-07, -2.1634334468747694e-06, 0.7095427812559263, 1.0013280212483362]	[2.628174440406592e-07, 2.6280317527366303e-07, 2.0609819999401358e-07, 0.09707843543850357, 0.23522851663945105]
1390960631759523840	[-1.2086777307025525e-06, -1.2086777307025525e-06, -0.0025408031836764104, 0.6666666666666659, 1.0]	[2.752857078576476e-21, 2.752857078576476e-21, 0.0, 7.771561172376096e-16, 0.0]
1267281706245128192	[-2.0905511241932646e-05, -2.0905508730813966e-05, 0.00016545636570348943, 0.5522908366533864, 1.6115537848605586]	[2.4489255547016217e-06, 2.448930549326627e-06, 0.00040361783866102517, 0.11664713822581388, 0.24884722821506902]
1582074009470267392	[-3.7401245250862224e-05, -3.71382457563359e-05, 2.6921714020351974e-05, 0.7490597375012781, 0.4080043462513574]	[1.78163219465803e-05, 1.75335561100688e-05, 3.651424324813242e-05, 0.05461217229236812, 0.11929272523520999]
1296175329556406273	[2.051442279408802e-06, 2.0514312132265042e-06, 0.00017010890986812372, 0.7131474103585648, 1.3067729083665336]	[2.4023644300994438e-06, 2.402345013496954e-06, 0.0004089618719433165, 0.10368634508961252, 0.6843298775914417]
1470403383471263745	[5.059202791061012e-07, 5.059202791061012e-07, 0.001614083060170341, 0.5, 1.0]	[1.6940658945086007e-21, 1.6940658945086007e-21, 6.5052130349130266e-18, 0.0, 0.0]
1253322173403394049	[-2.0835648405378316e-05, -2.0835648405378316e-05, -2.7126687153758937e-05, 0.0, 0.0]	[6.098637220230962e-20, 6.098637220230962e-20, 6.437450399132683e-20, 0.0, 0.0]
3141533716	[2.695435562903691e-05, 2.6952868162504728e-05, -0.0008055315790301191, 0.9423076923076867, 24.5]	[1.2536087619363645e-19, 1.0503208545953324e-19, 4.87890977618477e-18, 5.551115123125783e-15, 0.0]
1599013198501388288	[0.0, 0.0, 2.5990028058279028e-05, 0.0, 0.0]	[0.0, 0.0, 2.371692252312041e-20, 0.0, 0.0]
952266549062139904	[-1.8511391582587649e-06, -1.8511230400692935e-06, -1.4652539480202888e-06, 1.0, 3.2777777777777803]	[7.179666680161493e-07, 7.179438734539893e-07, 7.988492598621034e-07, 0.0, 0.3142696805273546]
1303185624317321216	[6.096710728022217e-06, 6.096710728022217e-06, -2.1024240878563217e-06, 1.0, 4.0]	[3.3034284942917713e-20, 3.3034284942917713e-20, 9.317362419797304e-21, 0.0, 0.0]
1314857412956839937	[0.0005729416749835251, 0.000572941674983525, -0.0005944312802041075, 0.006224066390041476, 1.5]	[2.168404344971009e-19, 2.168404344971009e-19, 1.0842021724855044e-18, 1.734723475976807e-17, 0.0]
1343933675725996033	[-8.665030708868777e-07, -8.665030708868777e-07, 3.7735121900269504e-06, 0.6666666666666657, 1.0]	[5.505714157152952e-21, 5.505714157152952e-21, 1.1434944787933055e-20, 8.881784197001252e-16, 0.0]
1545674949968420864	[8.320226430716539e-07, 8.320200319515911e-07, -8.574314756182822e-07, 1.0, 0.9444444444444453]	[4.699603114680916e-09, 4.695910433273812e-09, 3.7924870438970066e-07, 0.0, 0.07856742013183883]
1449841497298382850	[0.00011526683279556573, 0.00011526544941615291, -0.0001485520672101872, 0.67877063175868, 1.1062416998671987]	[0.00016804653971390568, 0.0001680445715697598, 0.0001951922959270732, 0.45701540375664534, 0.8625045610113176]
1586612104127451136	[0.0, 0.0, -7.407828021437891e-06, 0.0, 0.0]	[0.0, 0.0, 4.828087799349512e-20, 0.0, 0.0]
1419740808757055491	[-2.622516030070326e-07, -2.6210187756427183e-07, 9.146332586384704e-06, 0.607142857142858, 1.9722222222222205]	[2.8410502608733466e-06, 2.8411028599463638e-06, 4.419207909171698e-06, 0.07985957062499267, 0.062112999374994135]
1567948218499239936	[3.488050210128941e-05, 3.488042120335172e-05, -0.0014458032616281855, 0.75, 1.5]	[1.3552527156068805e-20, 6.098637220230962e-20, 5.204170427930421e-18, 0.0, 0.0]
952266549062139905	[-2.0196222868670825e-06, -2.0196222868670825e-06, 4.922917174212549e-06, 1.0, 4.0]	[5.082197683525802e-21, 5.082197683525802e-21, 1.8634724839594607e-20, 0.0, 0.0]
800152580915499010	[-4.870501483067681e-06, -4.870501483067681e-06, 5.858570541673576e-05, 0.0, 0.0]	[2.0328790734103208e-20, 2.0328790734103208e-20, 2.710505431213761e-19, 0.0, 0.0]
1394901053825556480	[-5.742595894077463e-10, -5.742595894077463e-10, 2.893132145402804e-07, 1.0, 1.0]	[2.0679515313825692e-25, 2.0679515313825692e-25, 1.9058241313221758e-21, 0.0, 0.0]
938634317294653440	[-3.5968687961770494e-07, -3.5968687961770494e-07, -0.0007701785596396872, 0.8461538461538417, 5.5]	[2.064642808932357e-21, 2.064642808932357e-21, 4.445228907190568e-18, 4.440892098500626e-15, 0.0]
1551000216085618690	[1.7893633604875397e-05, 1.7811237768241974e-05, 4.630533876371553e-05, 0.595373787405659, 2.0074610648315825]	[2.9379351012268994e-06, 2.909089137744942e-06, 7.520470125907572e-06, 0.060242389150824124, 0.6058916337682808]
1524540516561559552	[-1.0209869571969855e-05, -1.0209777831529965e-05, 1.0880124252781149e-05, 0.7111111111111101, 0.8888888888888882]	[2.020172806618148e-06, 2.0200357905878855e-06, 5.716416324477195e-06, 0.06285393610547094, 0.15713484026367697]
1295170777776619520	[-1.3572552259933052e-06, -1.3555061188688054e-06, -2.0246087750217254e-05, 0.598985874683086, 0.22654284821498402]	[4.80955200688635e-07, 4.802473295733224e-07, 9.979353985714051e-06, 0.07807387416267556, 0.08982656466134609]
1334963880641114113	[2.8786518346137413e-07, 2.8786518346137413e-07, -9.758115653404021e-06, 0.0, 0.0]	[0.0, 0.0, 2.202285662861181e-20, 0.0, 0.0]
1560479529881063424	[3.161384893138744e-06, 3.161381570003056e-06, -4.814485164039882e-05, 0.6666666666666659, 1.0]	[5.929230630780102e-21, 8.470329472543003e-21, 1.0164395367051604e-19, 7.771561172376096e-16, 0.0]
1286433502037245955	[-1.17081496158371e-06, -1.1708145325705106e-06, -9.89115894034071e-05, 0.6985391766268251, 1.0]	[2.1755886299392728e-07, 2.1755790597802865e-07, 0.00021947379890216632, 0.07109920806144847, 0.0]
1509439556860456960	[-5.288253906697546e-06, -5.288253906697546e-06, -1.8857314439831627e-05, 0.0, 0.0]	[2.710505431213761e-20, 2.710505431213761e-20, 1.1858461261560205e-19, 0.0, 0.0]
1221958979573764096	[7.833956129037072e-06, 7.833969923890616e-06, 0.0016235404950184623, 0.8979591836734658, 22.0]	[3.7269449679189215e-20, 1.5246593050577406e-20, 2.8189256484623115e-18, 3.552713678800501e-15, 0.0]
1559849276699729923	[2.553221058627996e-06, 2.5532203982882674e-06, 4.283788150097941e-06, 0.1381544528954889, 0.5]	[1.0399241183592578e-07, 1.0399388488062303e-07, 4.3891596280460226e-05, 0.060326600779410884, 0.0]
974798197531930624	[-2.3854086040085876e-06, -2.3915176378887373e-06, -1.2702115317629752e-05, 0.407536231884059, 1.6111111111111098]	[4.021249387313553e-07, 4.056399199128615e-07, 7.771539334453272e-06, 0.02295535057765019, 0.1571348402636773]
1471505856378273792	[0.0, 0.0, -5.562532772198034e-05, 0.0, 0.0]	[0.0, 0.0, 2.778268066994105e-19, 0.0, 0.0]
1357459209537937408	[5.998791888199511e-06, 5.998791888199511e-06, -3.434129088411638e-05, 0.0, 0.0]	[2.625802136488331e-20, 2.625802136488331e-20, 5.421010862427522e-20, 0.0, 0.0]
1705999885	[-1.0747472490357761e-05, -1.065237535737456e-05, -1.2400208836855337e-05, 0.17647058823529463, 1.5]	[3.218725199566341e-20, 4.404571325722362e-20, 3.8963515573697816e-20, 4.996003610813204e-16, 0.0]
175625853	[3.137830946236326e-06, 3.137830946236326e-06, -0.0015816129012323776, 1.0, 2.5]	[1.6517142471458857e-20, 1.6517142471458857e-20, 4.7704895589362195e-18, 0.0, 0.0]
1557748313948147712	[3.316200481711683e-05, 3.315481311512122e-05, 3.0598904157363116e-05, 0.07625272331154662, 0.8888888888888882]	[5.862269620981082e-06, 5.860998295668728e-06, 5.409173156637189e-06, 0.024648602394302315, 0.15713484026367697]
1581248279123197953	[0.0, 0.0, 7.249223725567946e-06, 0.0, 0.0]	[0.0, 0.0, 2.1175823681357508e-20, 0.0, 0.0]
390960016	[-1.5017920143805656e-05, -1.5012714958849337e-05, 1.482728935465846e-05, 1.0, 2.5590969455511283]	[1.5981367730049855e-06, 1.597476828674705e-06, 4.0246938950409917e-05, 0.0, 0.6272760443718672]
1536055318542794752	[9.616409574766014e-07, 9.616409573037e-07, -4.0055957851377535e-05, 0.6666666666666659, 1.0]	[6.3527471044072525e-21, 3.1763735522036263e-21, 7.453889935837843e-20, 7.771561172376096e-16, 0.0]
1573532345772146688	[8.591267332057701e-05, 8.591180168810435e-05, 8.68434402847316e-05, 0.20035147630031214, 1.6354581673306765]	[1.1135599578762754e-05, 1.113565883952147e-05, 1.1033312102320932e-05, 0.06631976528706446, 0.38684075899318143]
1461358161453928448	[0.0, 0.0, -4.719437231264767e-05, 0.0, 0.0]	[0.0, 0.0, 1.4907779871675686e-19, 0.0, 0.0]
1534104823527661696	[-6.764525193719549e-06, -6.764525185405229e-06, 0.0001221125573291971, 0.619123505976093, 1.3884462151394423]	[8.913853787060733e-07, 8.913853776104601e-07, 0.0004099411404011416, 0.04265952483686912, 0.24884722821506908]
1432363068969734144	[0.0, 0.0, 2.2395716478206037e-05, 0.0, 0.0]	[0.0, 0.0, 8.470329472543003e-20, 0.0, 0.0]
1212271430257147904	[1.3190796950883211e-06, 1.3190796950883211e-06, -8.419768033637492e-05, 0.75, 1.5]	[7.411538288475128e-21, 7.411538288475128e-21, 3.2526065174565133e-19, 0.0, 0.0]
941038685818060800	[-0.0002076687547884491, -0.00020759287028492376, -0.0002652691578397316, 1.0, 0.655555555555556]	[4.259767944234709e-05, 4.2550511882513364e-05, 5.5740306442784056e-05, 0.0, 0.1335646142241254]
285050738	[3.6924839314439334e-06, 3.692583509465872e-06, -3.519277264756865e-05, 0.32739629716428464, 0.6391102257636121]	[5.925643725073926e-07, 5.925762340723301e-07, 3.4972667017370277e-06, 0.05930130671582779, 0.039204752773241654]
1563911121681137669	[-4.2552971112347753e-07, -4.2552930669760675e-07, 1.15463455970463e-06, 1.0, 0.9722222222222211]	[4.727462309157932e-08, 4.727519503612974e-08, 2.700875834973169e-07, 0.0, 0.039283710065919325]
1406907752065110016	[1.4286637007210531e-06, 1.4286368134836812e-06, 2.7298487002551084e-05, 0.7728960319711824, 1.8635458167330725]	[3.2991130806829616e-07, 3.299216016254728e-07, 3.2833765759651644e-06, 0.011652186582759197, 0.4312522805056598]
1567761967015772161	[0.00012320911222445157, 0.0001230438064721556, -5.008426673249321e-05, 0.2345464082047157, 0.3887118193891089]	[2.957751003979572e-06, 3.075219075863261e-06, 0.00011637297660098895, 0.014307616858421959, 0.03136380221859338]
1585801883985317889	[0.00019018061506335227, 0.00019017702657385117, -0.0001247163766639632, 0.07724973578010055, 0.7834661354581691]	[9.543881263982782e-05, 9.54379808317667e-05, 0.00012403426009022532, 0.0673555127084781, 0.023522851663945094]
938384349342429184	[0.0, 0.0, -4.3852353491086296e-05, 0.0, 0.0]	[0.0, 0.0, 1.3552527156068805e-20, 0.0, 0.0]
1425454693275168775	[3.658333797393524e-05, 3.6503352206863175e-05, -0.00020078380489960634, 0.3903674118448885, 0.414830974375652]	[5.420637045208514e-06, 5.4638136029847665e-06, 1.050659385034012e-06, 0.14712344003059308, 0.183707193811293]
1513648688417193984	[6.161562610121386e-07, 6.17583003909323e-07, -6.66730240120553e-06, 1.0, 0.9047619047619052]	[3.3588928956261178e-06, 3.360921352102984e-06, 6.067085785931204e-06, 0.0, 0.21886638465297864]
1576130850844184576	[0.0, 0.0, -8.513947778857404e-05, 0.0, 0.0]	[0.0, 0.0, 6.776263578034403e-20, 0.0, 0.0]
1541974408058773504	[0.0, 0.0, -6.057466116208198e-06, 0.0, 0.0]	[0.0, 0.0, 5.082197683525802e-21, 0.0, 0.0]
1573696002644664322	[-2.3163760283663594e-06, -2.316373679566275e-06, 0.00017488585086036502, 0.23638778220451476, 0.6115537848605577]	[1.1075969776665331e-06, 1.1076022172233182e-06, 0.00040459173695739814, 0.15552951763441863, 0.24884722821506916]
1577959393940881408	[-2.7363826153391266e-07, -2.735937586375925e-07, 1.7027937294458922e-06, 0.8419654714475395, 0.42762284196547223]	[1.9315274968474996e-07, 1.93121469257104e-07, 1.1360338987972722e-06, 0.12321493728733109, 0.16802036902817896]
1526108537293680640	[-2.1785819038185272e-07, -2.1784616053756742e-07, 4.8772643518998715e-06, 0.38844621513944155, 0.8897742363877815]	[3.5441131022919016e-08, 3.543640192004492e-08, 3.893076149433109e-06, 0.07840950554648364, 0.15681901109296695]
1219459547124858888	[-2.1065458754514475e-06, -2.106545874769909e-06, 5.531584841401476e-06, 0.4545454545454535, 2.5]	[5.505714157152952e-21, 1.2705494208814505e-21, 1.7787691892340307e-20, 1.0547118733938987e-15, 0.0]
4405807395	[-6.431692774331211e-06, -6.419401302986852e-06, -2.6804370603130837e-06, 0.09523809523809497, 1.0]	[3.9810548520952116e-20, 1.6093625997831706e-20, 1.3552527156068805e-20, 2.636779683484747e-16, 0.0]
1424640593938944005	[-1.5005320606048405e-06, -1.500520033040179e-06, -4.218889078355491e-05, 0.6792828685258964, 0.8605577689243051]	[3.9930749659087654e-07, 3.993049362530958e-07, 1.2273238944381916e-05, 0.07921748919518729, 0.06161360270736823]
1348724621034483712	[2.4637304655029403e-06, 2.4637304655029403e-06, 7.931500108513266e-06, 1.0, 1.5]	[7.623296525288703e-21, 7.623296525288703e-21, 3.049318610115481e-20, 0.0, 0.0]
1597126178804039682	[2.3854821114667778e-05, 2.385453176606685e-05, 1.0424506019479176e-05, 0.13913043478260895, 0.9444444444444453]	[4.020021005277242e-06, 4.019997246505112e-06, 1.6459208574705873e-06, 0.055338791571121045, 0.07856742013183883]
3022955977	[-1.5993502027091013e-06, -1.5839755539341562e-06, -9.823599403695144e-07, 0.8000000000000028, 2.0]	[8.046812998915853e-21, 7.835054762102278e-21, 2.964615315390051e-21, 2.7755575615628914e-15, 0.0]
1304838924188123136	[0.0, 0.0, -1.1078523025314014e-05, 0.0, 0.0]	[0.0, 0.0, 1.6940658945086007e-21, 0.0, 0.0]
1535843539778564096	[4.7414428080107754e-06, 4.7414428080107754e-06, 8.437914625795968e-05, 0.0, 0.0]	[6.776263578034403e-21, 6.776263578034403e-21, 2.439454888092385e-19, 0.0, 0.0]
1307008631771148288	[-1.8538988411472227e-06, -1.853877281832173e-06, -1.2957216169069712e-05, 0.55221538090064, 2.00398406374502]	[1.0978430837953936e-06, 1.0978390485369186e-06, 9.271576493322176e-07, 0.004752091245241463, 0.7056855499183508]
786189623944843264	[0.0, 0.0, -7.195473825126982e-07, 0.0, 0.0]	[0.0, 0.0, 2.964615315390051e-21, 0.0, 0.0]
1381436262633111552	[0.0, 0.0, 4.5286185775348455e-06, 0.0, 0.0]	[0.0, 0.0, 1.7787691892340307e-20, 0.0, 0.0]
1103457912335331328	[0.0, 0.0, -0.00013127414926911228, 0.0, 0.0]	[0.0, 0.0, 4.87890977618477e-19, 0.0, 0.0]
1541974408058773512	[3.7952757480852096e-05, 3.7952757480852096e-05, 4.468095407320234e-05, 0.0, 0.0]	[1.3552527156068805e-20, 1.3552527156068805e-20, 1.2874900798265365e-19, 0.0, 0.0]
1241224210107658240	[0.0, 0.0, 2.3892879698011665e-05, 0.0, 0.0]	[0.0, 0.0, 2.710505431213761e-20, 0.0, 0.0]
1265631236028084224	[0.0, 0.0, 2.475887710062531e-05, 0.0, 0.0]	[0.0, 0.0, 7.792703114739563e-20, 0.0, 0.0]
1573022912000319488	[1.159414109987707e-06, 1.1594108734176891e-06, -3.2672589770902406e-06, 1.0, 1.1102257636122193]	[1.4221998591108921e-08, 1.4217393898948494e-08, 4.07776904703335e-06, 0.0, 0.15681901109296717]
1476984898477260800	[1.7484697975155437e-06, 1.7484697975155437e-06, -1.558442469811285e-05, 0.0, 0.0]	[2.752857078576476e-21, 2.752857078576476e-21, 9.486769009248164e-20, 0.0, 0.0]
1603172736351670272	[-2.1630016628535625e-06, -2.1633028447231513e-06, -0.0006707632911069302, 0.9136786188578997, 3.6706507304116744]	[1.6325029943332409e-06, 1.6324983313689074e-06, 0.0004678734153982872, 0.017424334565885265, 0.7056855499183512]
1562198318276431876	[-2.7157253124414406e-06, -2.7099185067906338e-06, 4.5261000011479484e-05, 0.8518518518518493, 11.5]	[1.3976043629695956e-20, 7.623296525288703e-21, 1.6263032587282567e-19, 2.55351295663786e-15, 0.0]
1604350270472916993	[4.0831016821644754e-05, 4.0831016821644754e-05, -1.7941053250771376e-05, 0.0, 0.0]	[1.4230153513872246e-19, 1.4230153513872246e-19, 7.453889935837843e-20, 0.0, 0.0]
1176972315537694720	[7.30197226125414e-07, 7.301982563951801e-07, -5.804973078268706e-05, 0.6666666666666659, 2.0]	[2.0117032497289633e-21, 3.3881317890172014e-21, 1.3552527156068805e-19, 7.771561172376096e-16, 0.0]
1308151079222345728	[3.5308415302479975e-06, 3.53104193100155e-06, -6.678011144488672e-06, 0.09503232505945854, 0.42857142857142894]	[4.631333826771241e-07, 4.632739455293314e-07, 2.369459482789462e-06, 0.05836301573857408, 0.01683587574253685]
1360507235936456704	[0.0, 0.0, 6.719125030634618e-05, 0.0, 0.0]	[0.0, 0.0, 1.8973538018496328e-19, 0.0, 0.0]
1559593258086305792	[3.468026400933331e-05, 3.468026605941513e-05, -0.0007032276871631227, 0.6661354581673284, 1.4448871181938907]	[5.4796301087236e-06, 5.479648457389221e-06, 0.0007575596937300611, 0.09409140665577989, 0.07840950554648347]
1518068230341881856	[4.85455172553211e-06, 4.854637402943884e-06, -0.0011681597403592511, 0.05001334611924504, 1.3067729083665336]	[5.057150439938805e-07, 5.057548529539569e-07, 0.0005502984533292356, 0.013285397802892025, 0.279050415431271]
