687502882211372976	[2.965804711677477e-13, 0.0, 0.0, 0.7037037037037014, 3.4444444444444473]	[1.157999890135127e-13, 0.0, 0.0, 0.05237828008789249, 0.7856742013183842]
3494467722202453457	[6.570870628423082e-12, 0.0, 0.0, 0.2440903054448882, 1.3346613545816732]	[3.8937244698150625e-12, 0.0, 0.0, 0.06272760443718668, 0.2352285166394501]
1024693152511880938	[0.0, 0.0, 0.0, 0.004140786749482397, 1.0]	[0.0, 0.0, 0.0, 5.204170427930421e-18, 0.0]
7526198142328807468	[5.16460978270311e-12, 0.0, -1.1215651509026983e-11, 0.40000000000000135, 1.0]	[1.857925203976527e-26, 0.0, 3.2311742677852644e-27, 1.3322676295501878e-15, 0.0]
4178558502	[0.0, 0.0, -2.8511787827088402e-11, 0.0, 0.0]	[0.0, 0.0, 1.71252236192619e-25, 0.0, 0.0]
4908677609206082653	[2.627548804407133e-12, 0.0, -5.611158393508278e-08, 0.0, 0.0]	[1.0905213153775267e-26, 0.0, 2.183756817139993e-22, 0.0, 0.0]
294988534320751376	[1.806182531801724e-12, 0.0, 4.9162242002695674e-08, 1.0, 1.0816733067729083]	[1.4737930502066903e-13, 0.0, 1.1126264993946634e-07, 0.0, 0.18484080812210438]
7104844123842141351	[-1.3208739216798094e-12, 0.0, 0.0, 0.3333333333333329, 1.0]	[7.674038885990003e-27, 0.0, 0.0, 3.885780586188048e-16, 0.0]
8430661869875134112	[0.0, 0.0, 0.0, 0.0, 0.0]	[0.0, 0.0, 0.0, 0.0, 0.0]
945217690101677404	[-2.2560347577021585e-12, 0.0, 2.14591087290588e-10, 0.5714285714285715, 2.0]	[8.077935669463161e-28, 0.0, 1.0856745539758488e-24, 1.1102230246251565e-16, 0.0]
4615407383644695987	[0.0, 0.0, 0.0, 0.0, 0.0]	[0.0, 0.0, 0.0, 0.0, 0.0]
8233524724846761188	[-6.030439587182938e-12, 0.0, 7.939642170771886e-12, 0.8015873015873013, 1.6388888888888855]	[7.115914243299932e-13, 0.0, 1.1163232556043913e-12, 0.02244783432338251, 0.27498597046143547]
1933854219261018752	[1.1629079495548379e-11, 0.0, 1.4576704703851027e-11, 0.0, 0.0]	[1.2924697071141057e-26, 0.0, 4.52364397489937e-26, 0.0, 0.0]
9509180398980953246	[5.212660778914048e-15, 0.0, 2.3295135303543617e-09, 0.6666666666666659, 0.6115537848605578]	[5.1633850894207036e-14, 0.0, 2.9729631050114164e-10, 7.771561172376096e-16, 0.07840950554648338]
6455640750484959777	[8.227472266181026e-12, 0.0, -3.897467627959087e-13, 0.5384615384615381, 0.6888888888888904]	[1.858687887940874e-12, 0.0, 9.307971475933827e-14, 0.05439282932204204, 0.2042752923427807]
6644480288361451084	[0.0, 0.0, 0.0, 0.0, 0.0]	[0.0, 0.0, 0.0, 0.0, 0.0]
5897761173277386759	[-1.517151505184305e-12, 0.0, 2.1855906504424433e-10, 0.8980743691899046, 1.1955511288180605]	[9.37312927608934e-14, 0.0, 2.8332576710574798e-11, 0.013068250924413933, 0.19602376386620873]
4560210361143373118	[1.5866634130805913e-12, 0.0, 0.0, 0.75, 1.5]	[4.0389678347315804e-27, 0.0, 0.0, 0.0, 0.0]
5178248530134753746	[-9.502863823296287e-11, 0.0, 0.0, 0.7140668096843417, 3.8446215139442232]	[1.0878060939724073e-11, 0.0, 0.0, 0.13922867260028182, 1.6687188098388752]
4390662217311840551	[2.713017122868773e-10, -2.0276804430377122e-10, 6.736456117794649e-10, 0.7023638778220445, 0.39707835325365254]	[1.9047274986226428e-10, 1.4252265948985792e-10, 9.584006062141974e-10, 0.02509104177487474, 0.0448054317408476]
3817470987725623391	[4.200333279972013e-13, 0.0, -7.561282037417366e-11, 0.7217795484727746, 0.9448871181938918]	[7.34963127475755e-14, 0.0, 1.479366680235049e-11, 0.07840950554648358, 0.07840950554648363]
4214744352023227036	[0.0, 0.0, 0.0, 0.004166666666666657, 1.0]	[0.0, 0.0, 0.0, 9.540979117872439e-18, 0.0]
7593847387420551914	[-4.823602716361611e-11, 0.0, -6.227662454919289e-11, 0.0, 0.0]	[1.6155871338926322e-25, 0.0, 7.754818242684634e-26, 0.0, 0.0]
3259140537	[9.754313930178416e-15, 0.0, 3.914723161377221e-11, 0.5, 1.5]	[0.0, 0.0, 5.816113682013476e-26, 0.0, 0.0]
2611479507433454325	[0.0, 0.0, 0.0, 0.0, 0.0]	[0.0, 0.0, 0.0, 0.0, 0.0]
997820563438953978	[-1.2748124779291509e-12, 0.0, 1.8155610638306096e-10, 1.0, 3.2777777777777803]	[5.269191496043623e-13, 0.0, 3.286097337190946e-11, 0.0, 0.3142696805273546]
4672903023876615309	[7.270592378224361e-12, 0.0, -3.5963896944252336e-12, 1.0, 4.0]	[1.9387045606711586e-26, 0.0, 1.3328593854614215e-26, 0.0, 0.0]
1976936737527470567	[0.0, 0.0, 0.0, 0.006224066390041476, 1.5]	[0.0, 0.0, 0.0, 1.734723475976807e-17, 0.0]
7178492336009101768	[-7.508275718563976e-13, 0.0, -1.9042021009527802e-11, 0.6666666666666657, 1.0]	[1.4136387421560532e-27, 0.0, 9.04728794979874e-26, 8.881784197001252e-16, 0.0]
9268103894444270578	[3.177352505088249e-13, 0.0, 2.091419962368025e-11, 1.0, 1.2777777777777775]	[1.866320925293143e-13, 0.0, 5.062394312370701e-12, 0.0, 0.31426968052735466]
2100929128288071137	[0.0, 0.0, 0.0, 0.027248338413657952, 5.830677290836653]	[0.0, 0.0, 0.0, 0.001480030495300349, 1.4930833692904135]
6807339267475810945	[0.0, 0.0, 0.0, 0.0, 0.0]	[0.0, 0.0, 0.0, 0.0, 0.0]
7732969018151433257	[1.6604017609636236e-13, 0.0, 2.4182982003898654e-11, 0.5952380952380956, 1.6111111111111098]	[3.746155125445992e-12, 0.0, 9.849905346046471e-12, 0.13468700594029473, 0.1571348402636773]
8362571115292085871	[3.4290068641416364e-12, 0.0, -1.4302628199552189e-08, 0.909090909090907, 5.0]	[1.5348077771980006e-26, 0.0, 8.933550615572699e-23, 2.1094237467877974e-15, 0.0]
811711201929012148	[-4.979768955967518e-10, 0.0, -5.691700145255296e-10, 0.8000000000000027, 2.0]	[1.7577588016751838e-24, 0.0, 8.271806125530277e-25, 2.6645352591003757e-15, 0.0]
873974867641040942	[-2.63575385517387e-12, 0.0, 6.384886391269583e-09, 0.0, 0.0]	[1.655976812239948e-26, 0.0, 8.271806125530277e-24, 0.0, 0.0]
5463240023630481193	[-2.8056788289808797e-15, 0.0, 3.640593448646748e-11, 1.0, 1.0]	[0.0, 0.0, 9.04728794979874e-26, 0.0, 0.0]
340331678738868651	[2.1922635950442045e-12, 0.0, 0.0, 0.9310344827586258, 13.5]	[8.481832452936319e-27, 0.0, 0.0, 5.10702591327572e-15, 0.0]
2385173011011253023	[-4.443101640507426e-10, 0.0, 4.311607503114523e-10, 0.39813659162247533, 3.712459253893535]	[1.1167787439802718e-10, 0.0, 9.757912917582205e-10, 0.09494455722799314, 6.092711686223856]
6136514097930286821	[-1.2417072324335535e-10, -1.2428636626296452e-10, 1.0106089343496746e-10, 0.7111111111111101, 0.8888888888888882]	[1.0271098264156719e-11, 1.0250655121611223e-11, 6.619759227696322e-11, 0.06285393610547094, 0.15713484026367697]
5088042049590341248	[-7.288991194773891e-12, 0.0, 0.0, 0.819724610330609, 0.22586379627688014]	[1.3280077585949987e-12, 0.0, 0.0, 0.028062349353478247, 0.05805054621160716]
5878083591238455248	[1.0122709793267372e-13, 0.0, -7.912680828321071e-12, 0.0, 0.0]	[2.145701662201152e-28, 0.0, 2.908056841006738e-26, 0.0, 0.0]
9338692585369248602	[3.111774969154487e-12, 0.0, 0.0, 0.8333333333333359, 2.5]	[2.0194839173657902e-27, 0.0, 0.0, 2.55351295663786e-15, 0.0]
3214025345551251611	[3.718003528076004e-12, 0.0, 0.0, 0.81487383798141, 1.8884462151394412]	[8.372320112197635e-12, 0.0, 0.0, 0.03317963042867589, 0.24884722821506905]
3401978167767482846	[-3.107292153522463e-12, 0.0, -3.3576202028535605e-11, 0.0, 0.0]	[1.6155871338926322e-27, 0.0, 2.0679515313825692e-25, 0.0, 0.0]
8669607297224139560	[3.335389706094866e-11, 0.0, 0.0, 0.8979591836734658, 22.0]	[1.0339757656912846e-25, 0.0, 0.0, 3.552713678800501e-15, 0.0]
4896991572788579269	[1.4497763091262142e-12, 0.0, 0.0, 0.22404925751539392, 0.8346613545816733]	[2.555170489383553e-13, 0.0, 0.0, 0.03421505696573819, 0.2352285166394501]
600224862451634614	[-1.6269031251061847e-12, -1.8636135162488085e-13, -2.849596826543557e-10, 0.3688888888888879, 0.8611111111111126]	[5.896691156348276e-14, 2.6355475097008797e-13, 3.5934813603756174e-11, 0.05028314888437686, 0.03928371006591923]
2175574082367824677	[0.0, 0.0, 0.0, 0.0, 0.0]	[0.0, 0.0, 0.0, 0.0, 0.0]
2988008210671584488	[2.003449952860998e-12, 0.0, 4.707991730599699e-11, 0.0, 0.0]	[6.462348535570529e-27, 0.0, 2.649562899583917e-25, 0.0, 0.0]
5690872758	[-8.065451595781134e-12, 0.0, -8.087113043857383e-12, 0.2352941176470581, 2.0]	[1.454028420503369e-26, 0.0, 4.2005265481208437e-26, 7.216449660063518e-16, 0.0]
733054061	[8.534422040679088e-09, 6.846458778419729e-09, -1.035830636808786e-08, 0.49006622516556314, 37.0]	[2.150669592637872e-23, 1.819797347616661e-23, 1.9852334701272664e-23, 2.220446049250313e-16, 0.0]
9612728508475910533	[3.9158979365273274e-11, 0.0, 3.3709867223048955e-11, 0.07625272331154662, 0.8888888888888882]	[6.925981452544602e-12, 0.0, 5.964700253069673e-12, 0.024648602394302315, 0.15713484026367697]
5724828020837972900	[0.0, 0.0, 0.0, 0.0, 0.0]	[0.0, 0.0, 0.0, 0.0, 0.0]
930758024	[-1.040286152826877e-11, 0.0, 5.28710967024407e-12, 1.0, 0.9448871181938918]	[1.1325071321656047e-12, 0.0, 4.377271119199637e-12, 0.0, 0.07840950554648363]
3436943350247801880	[0.0, 9.703400957649262e-12, 0.0, 0.09142857142857158, 24.0]	[0.0, 3.554291694563791e-26, 0.0, 1.5265566588595902e-16, 0.0]
4709586137969737782	[8.293953138333716e-10, 0.0, 0.0, 0.1405046480743692, 0.8897742363877815]	[1.543105348225289e-10, 0.0, 0.0, 0.04181840295812461, 0.15681901109296695]
1681027657275871324	[0.0, 0.0, 0.0, 0.0, 0.0]	[0.0, 0.0, 0.0, 0.0, 0.0]
6907359682303923238	[-4.458285911490085e-13, 0.0, 4.944390050909262e-12, 0.6027888446215117, 1.3067729083665336]	[8.4695658660461e-12, 0.0, 1.1190009181605895e-11, 0.061735176530568266, 0.279050415431271]
4984476018243336503	[0.0, 0.0, 0.0, 0.0, 0.0]	[0.0, 0.0, 0.0, 0.0, 0.0]
2498323155408435998	[1.8772805572759457e-11, 0.0, -1.125546210208198e-09, 0.035087719298245626, 1.0]	[9.693522803355793e-27, 0.0, 1.8611563782443123e-24, 1.3877787807814457e-17, 0.0]
253551668057041976	[1.3531929088065088e-10, 0.0, 5.4917857256144245e-08, 0.8744588744588755, 0.4444444444444441]	[1.9920524721871415e-11, 0.0, 9.702272304947732e-09, 0.024488546534599018, 0.07856742013183848]
459798403	[6.063786094666619e-12, 0.0, -5.22355326862668e-10, 0.31758679567444514, 0.7782204515272252]	[1.4740836679579491e-12, 0.0, 3.6715583384347397e-10, 0.022402715870423848, 0.07840950554648365]
3158312972724618664	[-1.0912382316089889e-13, 0.0, -3.063876868814073e-12, 1.0, 1.0277777777777781]	[5.652199946698787e-13, 0.0, 6.447828660040244e-13, 0.0, 0.27498597046143525]
4857150667191835610	[4.062502608519338e-12, 4.139943813207118e-12, 0.0, 0.716533864541831, 1.0288844621513922]	[6.04852276223939e-13, 5.307970540282211e-13, 0.0, 0.023522851663945084, 0.19602376386620843]
6955107523153985553	[4.406096325695897e-09, 0.0, -5.552069836167291e-09, 0.30726574222590297, 0.5131284386264449]	[5.9738923436407586e-09, 0.0, 7.898970918359218e-09, 0.0025966784304354974, 0.07616923395944103]
3583973792814181202	[5.808654907518902e-10, 0.0, 0.0, 0.21573624530219263, 0.4232356289129196]	[1.1711600971505067e-10, 0.0, 0.0, 0.03333197604202739, 0.1092132398683162]
914072800723042990	[0.0, 0.0, 0.0, 0.0, 0.0]	[0.0, 0.0, 0.0, 0.0, 0.0]
3934568492068795312	[2.0491106134875832e-10, 0.0, 0.0, 0.19366964806654866, 0.9452734516479512]	[1.4402895447648875e-10, 0.0, 0.0, 0.08450032638369276, 0.05763607810299965]
3259185306701867808	[5.690726191663298e-11, 0.0, 2.289788913374496e-11, 0.9373219373219419, 1.1349206349206362]	[5.022744836770459e-12, 0.0, 1.942860235658908e-12, 0.010072746170748529, 0.39844905924003904]
7690998241915678799	[0.0, 0.0, 0.0, 0.0, 0.0]	[0.0, 0.0, 0.0, 0.0, 0.0]
1227926499169237194	[0.0, 0.0, 0.0, 0.0, 0.0]	[0.0, 0.0, 0.0, 0.0, 0.0]
8192571484372443884	[1.5256506496966622e-11, 0.0, 0.0, 0.3947287771988976, 1.1102257636122193]	[2.5567236316902167e-12, 0.0, 0.0, 0.15509572525678067, 0.15681901109296717]
8408952312967662074	[-1.105768584779159e-12, -4.2297604618359844e-14, -7.094867034558172e-13, 0.9192388425448184, 0.3373940136888345]	[1.0624903507799853e-12, 4.6458135254999906e-14, 1.1281903504916376e-12, 0.08413503756925168, 0.1035584850254782]
5509745824675249035	[1.6851015626589965e-09, -5.11604181322392e-13, 5.653991208170542e-09, 0.3672360785169819, 9.645418326693232]	[7.904036596402644e-10, 7.493958190940191e-13, 2.2921231421179013e-09, 0.015624093703763055, 4.887625197443712]
7751260072282696905	[-5.867870566363148e-13, 0.0, 4.2849824404445566e-12, 0.4545454545454535, 2.5]	[1.0097419586828951e-27, 0.0, 1.3732490638087374e-26, 1.0547118733938987e-15, 0.0]
6346444207	[-1.4601034411728307e-12, 0.0, 2.1186338419798063e-11, 0.09523809523809497, 1.0]	[8.481832452936319e-27, 0.0, 5.816113682013476e-26, 2.636779683484747e-16, 0.0]
5332394504637977286	[4.19265108025333e-12, 0.0, -8.589787766076078e-10, 0.7486417964505611, 0.8057768924302805]	[3.4585081692961635e-13, 0.0, 2.7048633114054905e-10, 0.04887865280819746, 0.03920475277324179]
2452380673329905180	[3.030474607793466e-12, 0.0, 1.050979679827023e-11, 1.0, 1.5]	[1.8175355256292112e-26, 0.0, 5.977672395402739e-26, 0.0, 0.0]
1469838558882075908	[3.1775839529790016e-11, 0.0, -7.126315113356318e-11, 0.1677018633540376, 1.2777777777777775]	[7.461420587607411e-12, 0.0, 9.831375511075842e-12, 0.03513574068007688, 0.31426968052735466]
7072230751	[2.0865894464199076e-13, 0.0, -4.69491710372809e-15, 1.0, 5.0]	[3.534096855390133e-28, 0.0, 2.0510383535746307e-29, 0.0, 0.0]
3890823921124263338	[0.0, 0.0, 0.0, 0.0, 0.0]	[0.0, 0.0, 0.0, 0.0, 0.0]
7214220406397692302	[1.2493431497747795e-12, 0.0, 1.0660517080678968e-09, 0.0, 0.0]	[4.6448130099413175e-27, 0.0, 3.7223127564886245e-24, 0.0, 0.0]
6134905202863052505	[-1.9888550714368614e-12, -3.0102304996272486e-12, 4.963717160138876e-11, 0.47056219566179863, 1.2795484727755642]	[4.46269035279618e-12, 4.282677249342344e-12, 1.600023195433151e-11, 0.05974057565446355, 0.3136380221859336]
305704159467468685	[0.0, 0.0, 0.0, 0.0, 0.0]	[0.0, 0.0, 0.0, 0.0, 0.0]
7491101740622089986	[0.0, 0.0, 0.0, 0.0, 0.0]	[0.0, 0.0, 0.0, 0.0, 0.0]
8229283001624212117	[0.0, 0.0, 0.0, 0.0, 0.0]	[0.0, 0.0, 0.0, 0.0, 0.0]
5719067917116862691	[1.019700030716624e-10, 0.0, 1.080273318892392e-10, 0.0, 0.0]	[5.816113682013476e-25, 0.0, 2.8434333556510326e-25, 0.0, 0.0]
8696960088889366603	[0.0, 0.0, 0.0, 0.0, 0.0]	[0.0, 0.0, 0.0, 0.0, 0.0]
3280248786635602410	[0.0, 0.0, 6.629249931000626e-11, 0.0, 0.0]	[0.0, 0.0, 4.3943970041879595e-25, 0.0, 0.0]
1333652305469402223	[6.670826263509168e-13, 5.832548867714139e-13, -8.032640889715606e-11, 1.0, 1.1102257636122193]	[1.6466096913937655e-14, 1.0279624967559873e-13, 1.150171704317833e-10, 0.0, 0.15681901109296717]
6722194958684415419	[3.3968295920267245e-13, 0.0, -1.1283215305603596e-11, 0.0, 0.0]	[1.666074231826777e-27, 0.0, 2.908056841006738e-26, 0.0, 0.0]
5362236065673453439	[-4.854700783036476e-12, 0.0, 0.0, 0.9357237715803427, 3.973771580345281]	[3.836668490737473e-12, 0.0, 0.0, 0.013939467652708213, 0.2744332694126918]
8294525869272618575	[2.3207895693821387e-12, 0.0, 1.3132236899944212e-11, 0.3333333333333329, 1.0]	[6.058451752097371e-27, 0.0, 5.00832011506716e-26, 3.885780586188048e-16, 0.0]
4844833659132042651	[3.0436536923699017e-11, 0.0, -7.354941243818498e-10, 0.0, 0.0]	[2.1325750167382745e-25, 0.0, 4.1359030627651384e-25, 0.0, 0.0]
2790756141067306105	[1.8968835585543294e-12, 0.0, 0.0, 0.5, 1.0]	[5.2506581851510546e-27, 0.0, 0.0, 0.0, 0.0]
9306606286951520629	[1.9363523868160132e-11, 1.6359986870148807e-11, 2.2375139709658423e-11, 0.19187192118226598, 1.2142857142857149]	[2.2449821313625876e-11, 2.313314230327007e-11, 3.466866144944965e-11, 0.02891126248201152, 0.40406101782088516]
1002984234154611898	[0.0, 0.0, 0.0, 0.0, 0.0]	[0.0, 0.0, 0.0, 0.0, 0.0]
4597038935581439412	[2.864275833560338e-10, 6.337478727502907e-15, -6.9647459026683696e-09, 0.5853032315183692, 1.2795484727755642]	[5.0138261237623036e-11, 3.902982237399667e-13, 2.1638267397821114e-09, 0.020909201479062278, 0.3136380221859336]
6722999109224040041	[-2.942573172536265e-11, -2.8110794474813674e-12, -3.318080718948679e-11, 0.08603473591283524, 2.059096945551132]	[5.531720382797015e-12, 4.954410692395774e-13, 6.366315411775278e-12, 0.012963224797581625, 0.6272760443718673]
