878199957500686336	[-2.9852951798877914e-05, 1.3553213876836592e-11, -3.7556140452443097e-05, 0.6984896683485055, 4.701407013289134]	[3.238920881336182e-05, 3.403847929242364e-11, 3.739887779182869e-05, 0.041380263489969774, 2.9720927066556357]
938384349342429184	[-2.0135281508700925e-05, 8.884946358280852e-12, -1.5879376986553385e-05, 0.591902030465914, 3.002606031237474]	[1.3104834494300965e-05, 2.2949620072633094e-11, 3.576053625971757e-05, 0.19537466056329877, 1.0473029458927234]
938634317294653440	[-6.267928755606758e-06, 2.2314322163577975e-13, -4.143844701723426e-06, 0.6266871770843917, 3.467689117699597]	[8.009263424518036e-06, 1.472835603986783e-11, 1.3912686042079889e-05, 0.14258522994657505, 1.8442059741182868]
941038685818060800	[-7.4599058440675026e-06, 2.3760265188314017e-11, -4.442652581606608e-06, 0.7204590323624931, 5.662783741149946]	[9.06298986316588e-06, 2.0475003152342245e-11, 1.7677906056391397e-05, 0.05635071782587264, 5.210070160224743]
952266549062139904	[-2.026915806589098e-05, 8.227872544933569e-12, -2.461375752353278e-05, 0.7412031528666441, 3.4352296155894897]	[1.6004522653682707e-05, 3.0635664643069286e-11, 1.8691511549197446e-05, 0.10158064661434647, 1.1679135082005607]
952266549062139905	[-1.2110231534159794e-05, 1.0612150257429728e-11, -1.2008655755592106e-05, 0.7407400643803058, 3.6696421234542336]	[1.246725613964261e-05, 2.4979259270101534e-11, 1.931179700516112e-05, 0.08208714254999779, 1.7471043111653817]
974798197531930624	[-9.26108006519859e-06, -1.7100678406789574e-12, -1.0774794164986808e-05, 0.6387300475241696, 3.6926168500525605]	[1.3711391820938648e-05, 1.828503860497083e-11, 2.230669735371129e-05, 0.12601710249503498, 1.5687738171632868]
975175578365190144	[-2.119621557404994e-05, 9.06837178628491e-12, -2.6018276305080314e-05, 0.594686300094293, 2.7482233121341877]	[1.4903595191920551e-05, 3.6193607207488875e-11, 1.7567086023510177e-05, 0.21597673865840622, 0.7885097250246396]
1212271430257147904	[-1.9732391081621033e-05, -8.9515734688524e-12, -1.4408941254517225e-05, 0.6163787996685521, 2.6869027966234773]	[1.303569721841715e-05, 3.3186068950882755e-11, 3.8504050488496775e-05, 0.14730712340813562, 0.6869364842221338]
1217558606842859522	[-1.0153722545594326e-05, 2.73536336495422e-12, -1.0463712117098887e-05, 0.6928923687918833, 4.381124560025922]	[1.2442534800967719e-05, 3.1790047639623763e-11, 1.8728318785054023e-05, 0.04803214404284469, 2.312699932308084]
1219459547124858888	[-7.509526642897405e-06, 1.7658934230600666e-12, -4.51932536695215e-06, 0.7138231626199438, 4.028823335858396]	[9.097778312230221e-06, 1.9302755821509486e-11, 1.77199423998589e-05, 0.05863519952418097, 1.9347573556446618]
1221958979573764096	[-2.119693095527314e-05, 1.4032046808393217e-11, -1.014587752308477e-05, 0.641031922998893, 3.454081629394205]	[1.4896639073417322e-05, 2.9032172166132847e-11, 5.370741662728352e-05, 0.14049257609008023, 1.312216312088192]
1241224210107658240	[-6.508112154250062e-06, -3.6141865468735642e-12, -5.848975136052282e-06, 0.6379132219403818, 3.4071510659691784]	[8.299118671135144e-06, 1.1852501843530559e-11, 1.58416010488443e-05, 0.0988353602430652, 1.4567866501191566]
1253322173403394049	[-2.953150345845266e-05, -6.037385183355493e-11, -3.622815326859928e-05, 0.6838379408590453, 3.7585231415882427]	[3.244306960122903e-05, 9.254211433999624e-11, 3.769192225347955e-05, 0.07414994901756253, 1.3904200022862483]
1257959303945900032	[-6.268895296727529e-06, 8.074433501420855e-12, -4.130008726724972e-06, 0.6402783944092154, 3.3132094231113163]	[8.017115796548888e-06, 1.9299550214925126e-11, 1.3961623872046652e-05, 0.09234138533253881, 1.164354701361077]
1264179482648248320	[-1.8365468537958985e-05, 4.936933696258631e-12, -2.3327025703387917e-05, 0.6190373855283505, 3.2711577560359144]	[1.5378735621162323e-05, 1.5729333753894924e-11, 1.778421369723961e-05, 0.17189158979291255, 1.1494473971975465]
1265631236028084224	[-2.9497804954770126e-05, 7.115680859058939e-12, -3.849117348953678e-05, 0.6969078138789282, 4.708845094503214]	[3.2447644827955656e-05, 2.987416475709024e-11, 3.735784803728523e-05, 0.04202356800452739, 2.9748589920854256]
1267281706245128192	[-3.129042465935007e-05, 2.9082521057233918e-12, -3.8702881943544416e-05, 0.6281019812928663, 3.079850157299143]	[2.5468580328347132e-05, 1.387942009954401e-11, 3.0300702489270457e-05, 0.14595086411687816, 0.840246178671226]
1286433502037245955	[-1.7042421274513307e-05, 1.470813297780772e-11, -2.1293692432413285e-05, 0.6184758167437507, 3.8027660627241997]	[1.5160024027464023e-05, 3.419447090207936e-11, 1.771548761151173e-05, 0.20071287298426305, 1.6390836929638481]
1295170777776619520	[-2.0959328101167255e-05, -4.954384257227794e-12, -2.578832052186273e-05, 0.6771157815217813, 3.871723597708205]	[1.4792411502652078e-05, 3.958883075780071e-11, 1.7314076118486304e-05, 0.07857399721825235, 2.0450444313619975]
1296175329556406273	[-1.6601741960523547e-05, 1.5740425697233716e-11, -1.7756014701955464e-05, 0.7019669413576681, 4.649344612122949]	[1.7729129978445713e-05, 3.252357240871486e-11, 2.6775615516454104e-05, 0.0361035266839402, 2.816507387723665]
1303185624317321216	[-4.636645224804294e-06, -2.8595848844279257e-12, -6.901881196571506e-06, 0.606567587943794, 4.243734273020854]	[7.962109715469568e-06, 3.316703282861371e-11, 1.3388297525711336e-05, 0.21836066043307065, 2.1805631642169208]
1304838924188123136	[-1.8157675877895977e-05, 1.395215137503382e-11, -2.2898935724133563e-05, 0.5960776203244024, 3.1364300612180163]	[1.6903625777264338e-05, 3.4977612370353255e-11, 1.9509066101337788e-05, 0.2248107621874546, 1.0725350475254638]
1307008631771148288	[-2.1521316783896108e-05, -1.7964423615211037e-11, -1.8950416472869226e-05, 0.6984312817406648, 5.628073864085633]	[1.4889831486000106e-05, 3.3619446728924086e-11, 3.1940516758312196e-05, 0.031748375763925606, 4.635406326255486]
1308151079222345728	[-2.0845423536522075e-05, 5.277761369831484e-14, -2.1658658143209783e-05, 0.6224654356128868, 3.214290258715311]	[1.4853914321883892e-05, 2.190655441542603e-11, 2.4988283341806434e-05, 0.16644083579038596, 1.276484978764588]
1314857412956839937	[-1.877956706522701e-05, 1.7628293703852347e-11, -2.3046301632923607e-05, 0.5984216057212592, 3.3785628701749153]	[1.7037281314035624e-05, 3.9133602518926274e-11, 1.9598321529128285e-05, 0.21830615799544015, 0.9725240706273309]
1334963880641114113	[-7.458910455649421e-06, 1.9593008828358137e-12, -4.3981418060842956e-06, 0.6366662049532504, 3.38966091474365]	[9.062582850238744e-06, 1.9211554582248158e-11, 1.7582167620813316e-05, 0.16368656232067802, 1.1699594803028466]
1343933675725996033	[-1.1753249342530576e-05, -5.958488806232798e-12, -1.1764806418360815e-05, 0.6488199464217329, 3.6130358949383417]	[1.2139656793068839e-05, 2.8363154313515606e-11, 1.9228234640378558e-05, 0.12618526252388326, 1.3869163464766883]
1347248904895672323	[-1.1771054965689062e-05, 7.286167716604193e-12, -5.313488940780763e-06, 0.6967063957676731, 5.0268681717919375]	[1.2122838139518858e-05, 2.9779393973795776e-11, 2.830902372004595e-05, 0.04643978779676189, 3.6936817603160224]
1348724621034483712	[-7.86435406590211e-06, 7.682720046588863e-12, -4.8889805510006424e-06, 0.6545836525639369, 3.203892879319758]	[9.691305562539155e-06, 3.049281221899636e-11, 1.7979207656050736e-05, 0.11692381273880768, 1.1236056310925]
1357459209537937408	[-7.473959710451946e-06, -3.3791329810297525e-12, -4.53890237585631e-06, 0.6950288667774098, 4.382525426503823]	[9.05110836081222e-06, 1.6707448449086452e-11, 1.7478805298937104e-05, 0.05670387781347037, 2.162349428840926]
1360507235936456704	[-7.466434102072695e-06, -8.261975211454499e-11, -4.463370937249928e-06, 0.6234938612996024, 3.965989906437384]	[9.057530908843187e-06, 1.1386945813092495e-10, 1.7665594905712394e-05, 0.19960525508682414, 1.7144250371692533]
1381436262633111552	[-1.8167691838527782e-05, 5.395623391809888e-12, -1.3030306922328553e-06, 0.6136011802110716, 2.968300779803777]	[1.6901671820809897e-05, 1.5139682285770716e-11, 6.684744261248073e-05, 0.2166325924103258, 1.2893600005785737]
1390960631759523840	[-2.093969629146981e-05, -5.339082596274627e-11, -2.15575367924843e-05, 0.6722424607511298, 3.283893074809715]	[1.4793497004500745e-05, 8.196620468936646e-11, 2.5241722452770453e-05, 0.07685463431016495, 1.1500903372459297]
1394901053825556480	[-1.2571112918747737e-05, -6.581203767985753e-12, -1.691101250218394e-05, 0.5942088934396218, 3.000961811677818]	[2.296426552827952e-05, 3.066584703555813e-11, 2.5515403952858124e-05, 0.2333197216622384, 0.9079916364877583]
1405935500242915328	[-1.4697360330141333e-05, 1.519886827056048e-11, -8.685431897812403e-06, 0.6632413232048062, 4.327911217493495]	[1.102922339506015e-05, 3.498223303025326e-11, 2.9288104610880943e-05, 0.11696732989617463, 2.421680333645132]
1406907752065110016	[-3.3777570815608063e-05, 5.232756377454962e-12, -4.0924531762524506e-05, 0.6552717723134179, 3.1475233228661024]	[2.9121355702155438e-05, 1.4974673840498114e-11, 3.3613866779548633e-05, 0.09939496356786501, 1.0278153974495614]
1419740808757055491	[-7.512374157026746e-06, -3.096498480011101e-12, -8.553576143457723e-06, 0.6823433665158987, 4.103325498572768]	[9.095639645413767e-06, 1.6808426367189384e-11, 1.4520730144360449e-05, 0.08280607467312553, 1.7837956098783367]
1424640593938944005	[-1.857082000253321e-05, -2.5243509735676188e-11, -2.2814445470316463e-05, 0.6479130122621544, 3.7859900986022788]	[1.7033266839057504e-05, 4.912025503559386e-11, 1.9536579087519996e-05, 0.18029674907922244, 1.872124465588256]
1425454693275168775	[-2.169441900139326e-05, -1.9354599894202623e-11, -2.606333231853119e-05, 0.657302921095722, 4.2437961799327235]	[1.5485669410918138e-05, 3.317051884526804e-11, 1.8406513703857247e-05, 0.11160542601570031, 2.1825549080473503]
1432363068969734144	[-4.304909244566444e-06, 8.046257627957606e-12, -1.3915344347800825e-06, 0.6764096591463195, 5.149538564893938]	[8.184450948414211e-06, 2.9322309729976445e-11, 1.581561801209822e-05, 0.05779763092923665, 3.8056438730533015]
1010300612129509376	[-7.838238668490348e-06, 7.039684516163286e-12, -2.2066590281966694e-07, 0.6624293471157117, 3.145235696194884]	[9.667823111935938e-06, 3.000407097449351e-11, 2.7492203478837902e-05, 0.118654381269843, 1.1364416427534347]
1449841497298382850	[-6.4153589920810085e-06, 3.506160146200482e-11, -3.285517798280687e-06, 0.5864424854044635, 3.133783511464889]	[9.697524014036268e-06, 2.7516060518513165e-11, 1.7720500687949363e-05, 0.21882898561120917, 0.9732497063166053]
1103457912335331328	[-1.1781669351599188e-05, 9.455995465713333e-11, -1.4705336565772047e-05, 0.6458863800962388, 4.81195649984699]	[1.2125794692275613e-05, 6.880689685487012e-11, 1.4046603320623777e-05, 0.1636751819219168, 3.824721390113948]
1461358161453928448	[-1.960504324505235e-05, -2.727624655434403e-11, -2.4535870337939815e-05, 0.6466888092396638, 4.7063681176613965]	[1.594236212523837e-05, 5.181549791934951e-11, 1.825970669935939e-05, 0.16013559166013472, 3.8189010260693186]
1470403383471263745	[-7.748793066705281e-06, 7.325533953994533e-11, -5.385959841636146e-06, 0.5987185990423215, 4.31553477488276]	[9.607303336548633e-06, 1.1922217523211417e-10, 1.8712189647121415e-05, 0.20757613426955476, 2.2899047279987825]
1470797296921034752	[-1.1769431584693682e-05, 1.7703921044344362e-12, -1.1808626727469185e-05, 0.663161092476693, 3.877783571233327]	[1.212306535936075e-05, 1.9484756443903447e-11, 1.9075791785068506e-05, 0.12103998637720861, 1.5838091258362106]
1471505856378273792	[-1.9608842497829286e-05, 2.409966440174722e-12, -2.4737735743342224e-05, 0.6347951045003282, 3.2099832965336392]	[1.5925577409541866e-05, 1.8938170197533843e-11, 1.855381227211449e-05, 0.17487563015284038, 1.1030982487179803]
1476984898477260800	[-2.9511902568295377e-05, -6.863709610798884e-11, -3.706284518900352e-05, 0.6911825454349483, 3.8082044668436676]	[3.244283152029427e-05, 9.358199983076838e-11, 3.7109446800399935e-05, 0.05313023298132062, 1.5110600309213698]
1509439556860456960	[-1.1730441494496956e-05, 2.002952105182579e-12, -1.4612583771530012e-05, 0.6392021682433632, 4.5551967712021915]	[1.2096282471204473e-05, 1.9433057950043747e-11, 2.141488732419572e-05, 0.17891064478228008, 2.6832701555878975]
1512708407329198084	[-1.4116810212651315e-05, 3.464179737880334e-12, -1.8270650130357155e-05, 0.6174172986371388, 3.1799746347156446]	[1.7602452789465317e-05, 1.4353772291290572e-11, 2.0436426696859675e-05, 0.16401974949836623, 0.8319773700428833]
1513648688417193984	[-1.5038752703206966e-05, -2.2456741487942744e-12, -1.8570715730703468e-05, 0.6584848547856529, 2.7469348586926925]	[1.1168593288810802e-05, 1.4768666427756925e-11, 1.2869965628018496e-05, 0.1213304467498173, 0.7001263073124973]
1518068230341881856	[-1.6569083771175598e-05, 1.993676049643865e-11, -1.7574946077030226e-05, 0.6314513220443063, 3.642931091434223]	[1.7741647148296595e-05, 2.8159368043421783e-11, 2.711991429352106e-05, 0.14580145772847286, 1.297541698315242]
1524084713178431488	[-1.434193972436875e-05, 1.4137444003556387e-11, -1.4428457899192125e-05, 0.6406784958464685, 3.451775067904007]	[1.0750147904778147e-05, 3.5128268889907606e-11, 1.850740047558867e-05, 0.14553769171035277, 1.277923324165879]
1524540516561559552	[-2.0866190664704043e-05, 7.396895025805444e-13, -2.579066948118368e-05, 0.646685827231044, 3.1427561829671995]	[1.4824517927710533e-05, 1.8705250191470867e-11, 1.712297228517315e-05, 0.13021426960634566, 1.0705842832919776]
1526108537293680640	[-9.273660663893063e-06, 7.27071782381406e-12, -6.8823705823453825e-06, 0.7172421000798127, 3.4267248035989213]	[9.539969774878954e-06, 3.008182276658504e-11, 1.90727938466862e-05, 0.08701633564426954, 1.2260759060731323]
1530832682095190018	[-1.1769024950214038e-05, 5.589750540177759e-13, -1.2208673673208419e-05, 0.6807484123652043, 4.0184664311063285]	[1.2120484346002195e-05, 4.059795267895007e-11, 1.9613578687383792e-05, 0.08895103095444688, 1.847717612648945]
1534104823527661696	[-1.8611995647007716e-05, 1.0320075858709995e-11, -9.228306113629167e-06, 0.7302252666905118, 3.4978720567761536]	[1.7015875047868633e-05, 2.5249791282792348e-11, 4.8236355975282004e-05, 0.08475915846427103, 1.2603686294531116]
1535843539778564096	[-1.8231824192585873e-05, -8.836922807086726e-11, -2.307916545518145e-05, 0.6845864279825504, 3.439294607747592]	[1.6914134879031827e-05, 8.105797246469622e-11, 1.9507856781271996e-05, 0.06512216580999355, 1.202322935454118]
1536055318542794752	[-1.484209668471343e-05, -4.373488263971624e-12, -9.354199731972927e-06, 0.6829436119079637, 4.342654513450022]	[1.1014672208199162e-05, 2.668322629918903e-11, 2.8762211691716243e-05, 0.07658851578965332, 2.545103408613452]
1541974408058773504	[-1.713529688584805e-05, -8.70284639006401e-12, -3.329788320541468e-07, 0.6080692835275433, 3.0144462745921294]	[1.5152762363125138e-05, 2.915785914813204e-11, 6.604014729117627e-05, 0.20695158096478244, 0.9125656072556548]
1541974408058773512	[-1.8210337412252344e-05, 7.861331626906796e-11, -2.2294528012442732e-05, 0.6518280632066051, 3.5936109132764096]	[1.6926828074704557e-05, 8.096322951649166e-11, 1.9609524274816734e-05, 0.13393491296539625, 1.1904207810339749]
1545674949968420864	[-1.4701325744578718e-05, 1.7417205087484604e-11, -1.560139663430227e-05, 0.6668159880663412, 5.519009924698243]	[1.102569475910042e-05, 3.300027092848194e-11, 1.9281468584433656e-05, 0.09833129588648482, 4.8303242550884]
1551000216085618690	[-1.7825159552994067e-05, -2.511559856151207e-11, -8.507790820207103e-06, 0.6163802184921583, 2.8182557634681222]	[1.6513386683698664e-05, 4.892513336574577e-11, 4.786199071716329e-05, 0.1872582536755036, 0.8586436673197644]
1552006530374852608	[-1.0156279681433975e-05, 5.290607552491947e-13, -7.785837913088077e-06, 0.6559265574169992, 4.25262224664943]	[8.57633695470779e-06, 3.427275086057524e-11, 1.854555600072559e-05, 0.11018307737030088, 2.40980429889589]
1557748313948147712	[-3.973056252056745e-06, -1.0010513291954835e-11, -1.1046251273356511e-05, 0.6588538457209285, 3.451301714056337]	[7.295383943893445e-06, 2.3329607777780964e-11, 1.6250058657221206e-05, 0.1406697245344735, 1.262729578804391]
1558953336916922368	[-2.02409386466514e-05, -1.4541919899328422e-11, -2.46714985799142e-05, 0.5846927000714919, 2.880989918589711]	[1.2992869467136513e-05, 3.362153155541829e-11, 1.5613109639529465e-05, 0.23553177794685468, 1.5817826351338014]
1559593258086305792	[-1.5063955065679862e-05, -1.8298115901597637e-11, -1.5075457394425709e-05, 0.6135704090316934, 3.325405735430664]	[1.12009280972257e-05, 3.374536494540956e-11, 1.9483176367123545e-05, 0.23380538090091618, 2.1758723904494714]
1559849276699729923	[-2.9527547236106887e-05, 9.049597503092222e-12, -3.629619814096221e-05, 0.6990404609971002, 4.730231642984223]	[3.2439919436992496e-05, 2.4737406170096812e-11, 3.773116010952842e-05, 0.041830285802126235, 2.9686371616223806]
1560479529881063424	[-3.3777164501646915e-05, 2.671911857363615e-12, -4.1183784209411366e-05, 0.7070298167256256, 4.602376528819745]	[2.9121941442089547e-05, 2.020890024680925e-11, 3.396814206545917e-05, 0.023626670603550913, 3.1318470209189675]
1562198318276431876	[-1.8226221292689496e-05, -2.0086552993298776e-11, -2.2264236865365127e-05, 0.6750379531427186, 3.450372273627109]	[1.692096366330818e-05, 5.3575217802440224e-11, 1.958457865079363e-05, 0.08944481922477121, 1.313147824942438]
1563911121681137669	[-7.06499846662828e-06, 4.7696246545591924e-12, -7.06963752177456e-06, 0.6160650373163482, 2.5320288219054135]	[9.536869076644566e-06, 2.461858421497944e-11, 1.4647993646990526e-05, 0.18570690478461607, 0.872176692518174]
1567761967015772161	[-2.1965242962652076e-05, 2.2063494142218436e-11, -2.612878033495562e-05, 0.6644460617415601, 3.14408727043181]	[1.565923034646787e-05, 3.2270262013932156e-11, 1.8864365574538406e-05, 0.06865134933395027, 1.1289316975762336]
1567948218499239936	[-2.0865833311637824e-05, 2.9982006352741354e-09, -1.5462273341748364e-05, 0.6497928258976443, 3.8899855291612693]	[1.4837771203929624e-05, 4.347865392777645e-09, 3.949697798102027e-05, 0.14416729164189102, 2.2372139047893675]
1573022912000319488	[-1.4415230028839447e-05, -1.346637384214324e-12, -8.513648601784409e-06, 0.6458940396113337, 4.307103603457049]	[1.0713423286454275e-05, 1.7849840897296797e-11, 2.869213609196148e-05, 0.09439782300710946, 2.53019103776445]
1573532345772146688	[-1.1768611265762408e-05, 9.56359732366337e-13, -1.2200123495174177e-05, 0.6746173333864341, 3.901924864677309]	[1.2120572276449237e-05, 4.0982217253003224e-11, 1.958622536717028e-05, 0.09599124560097581, 1.6720171792709557]
1573696002644664322	[-1.7082933774645406e-05, 8.850280797467151e-12, -1.7143702312101153e-05, 0.5992465261893315, 2.8583010422293564]	[1.5162664672224278e-05, 3.9618273836199433e-11, 2.4719251929847736e-05, 0.17560293408214103, 0.6791448594022867]
1576130850844184576	[-1.572050411742148e-05, -7.82241350050534e-12, -1.4525121487904262e-05, 0.6210174814786744, 3.3761712585745474]	[1.7034827798784076e-05, 2.9474917456449995e-11, 3.278687084894401e-05, 0.1793972524057799, 1.0147032116808443]
1577959393940881408	[-6.355964679631778e-06, 7.04638691418236e-12, -7.03297231553208e-06, 0.7145771855399882, 1.6035352108085499]	[8.010405033316463e-06, 2.371722141523597e-11, 1.2375376003332681e-05, 0.13798368116208531, 0.5916244751528569]
1581248279123197953	[-2.9531502757284083e-05, -6.037385183355493e-11, -3.622815287333309e-05, 0.6829761932592472, 3.7336395556180686]	[3.244306904018361e-05, 9.254211433999624e-11, 3.769192193627674e-05, 0.07560578385524946, 1.3609631743114003]
1582074009470267392	[-2.0488130701432276e-05, 8.896692680986961e-11, -2.4469731496952413e-05, 0.6648582305102346, 4.169074866745922]	[1.4427543617284044e-05, 1.2986853161506826e-10, 1.742537835933688e-05, 0.09175511073648361, 2.9799855385978926]
1585801883985317889	[-1.3232201899871408e-05, 1.144492379758667e-11, -1.3387075584208647e-05, 0.6315196220544096, 4.1128354803164955]	[1.0978075352866691e-05, 2.5459973172221885e-11, 2.009840418108836e-05, 0.15846323834851037, 2.0932634468295204]
1586612104127451136	[-7.80424440015554e-06, 1.553604942298098e-11, -4.834584725398739e-06, 0.7099552688987784, 4.92578214670896]	[9.665814078278111e-06, 3.242555701136662e-11, 1.7923300367706467e-05, 0.03413696022941746, 3.3120537852048244]
1597126178804039682	[-1.4983667174389689e-06, -9.854741707952502e-12, -1.0222854619415007e-06, 0.684006401018573, 4.610838471769282]	[1.3509487259030749e-06, 2.3059119063595214e-11, 7.017133777580542e-06, 0.07093610839442643, 2.615703570821575]
1599013198501388288	[-1.9152163194494816e-05, -2.514327721598705e-11, -2.4087386685892533e-05, 0.6513383492285629, 5.254435253983426]	[1.5563625092859795e-05, 4.929304197113412e-11, 1.7899373817925795e-05, 0.1417393250573739, 5.537895661548073]
1603172736351670272	[-1.8502036166316514e-05, 2.60790109881097e-12, -2.2836538908410846e-05, 0.6210302595161161, 3.219767606568839]	[1.7092906713335512e-05, 1.4463370656002712e-11, 1.965136740253592e-05, 0.22944823557868785, 1.0733298300969043]
1604350270472916993	[-1.6605617325062635e-05, -3.942658015127837e-11, -1.572860264207709e-05, 0.6531862281378641, 3.632256236365076]	[1.773945528118399e-05, 5.84602010663858e-11, 3.1121469001096486e-05, 0.1226158097782588, 1.512246127701171]
1705999885	[-1.2236696252208302e-05, -3.4920634877782897e-12, -1.0090019035486429e-05, 0.6295693347476546, 3.2586769264422353]	[1.7844821343397948e-05, 2.6590044055562328e-11, 3.2701971072248265e-05, 0.15440973178531342, 1.0103062709371844]
175625853	[-1.0158065052333122e-05, 3.3198768251631254e-12, -7.813228042461855e-06, 0.6531214264838255, 4.0385734018148085]	[8.575291812801215e-06, 3.3256005333849557e-11, 1.8566297669135392e-05, 0.10985451648061863, 2.1467668450152138]
1176972315537694720	[-7.84973546954879e-06, 1.0866873062329835e-11, -5.723183283815077e-06, 0.6849113971290313, 4.377795782012447]	[9.699850660963068e-06, 2.4935806373297598e-11, 1.873125784334182e-05, 0.07811986301586421, 2.329141398516769]
285050738	[-2.0864282674048755e-05, 3.993199084388821e-11, -2.578117866725333e-05, 0.6530462194408729, 4.4585971497620305]	[1.4825852555691532e-05, 3.337225797927949e-11, 1.7132146880944945e-05, 0.13153562197723456, 2.678276489966994]
3022955977	[-1.8231682517200013e-05, -5.87620227473982e-11, -2.3084033983263453e-05, 0.6497771560756289, 2.782099945059514]	[1.6913217538436695e-05, 9.217981236016658e-11, 1.9534050260010542e-05, 0.12393709286124033, 0.5538948607824052]
3141533716	[-3.8524925224868455e-06, 7.606249145744168e-12, -6.047492045315153e-06, 0.6116193781257389, 4.45317842590545]	[7.322906992015355e-06, 3.028499845488793e-11, 1.2748897603958362e-05, 0.179452091695541, 2.5790802919432574]
3295465306	[-1.049620587465866e-05, 6.889574712055424e-12, -4.026397815434965e-06, 0.7045771403995922, 5.611018895952623]	[1.2817273120246359e-05, 3.9981936278626555e-11, 2.817704279594104e-05, 0.032344559396031126, 4.727741677992342]
390960016	[-1.4123330382283013e-05, -4.216284628633314e-12, -1.208798696640974e-05, 0.6114680538173658, 2.835821025282014]	[1.7600763243403657e-05, 3.109295830125421e-11, 3.25755059688218e-05, 0.17376996021032423, 0.7860639339590768]
4405807395	[-1.2064045903033709e-05, -6.618897523900788e-11, -1.205713162994823e-05, 0.6767616608470899, 4.0915791323448465]	[1.2430666243648622e-05, 9.907057880199571e-11, 1.9505691055380295e-05, 0.11060936628335524, 2.057920486635683]
1184331211721736192	[-3.418712675549464e-05, 1.0880101943900407e-11, -4.1394421649070704e-05, 0.6791746035885968, 3.7720890286918225]	[2.895594338861565e-05, 2.555946495981022e-11, 3.3417743954142765e-05, 0.06428845301518026, 1.6898110879966493]
786189623944843264	[-1.8567249546575868e-05, -3.330728377889862e-11, -2.263819184925022e-05, 0.642173312553806, 3.7441077305395645]	[1.7025480491065227e-05, 6.679833994531965e-11, 1.9700661706759564e-05, 0.09990771025693203, 1.5596604598325463]
800152580915499010	[-2.9498208829274912e-05, 7.115680859058939e-12, -3.841512688242143e-05, 0.6766566820046318, 4.116086639460327]	[3.244819385769324e-05, 2.987416475709024e-11, 3.7309083244368665e-05, 0.08225910274653042, 1.8318977207440124]
855091879003738113	[-1.178189403393748e-05, 7.818146791712809e-11, -1.4772734952881184e-05, 0.6671659493540667, 5.48220310077832]	[1.2125638046981406e-05, 3.7520272719124334e-11, 1.3977202254958607e-05, 0.12299991020074538, 5.788212802658688]
