1103457912335331328	[0.1704505222995646, 0.16041240999096124, 0.25463148250480394, 0.6458863800962388, 4.81195649984699]	[0.11442379400729288, 0.10875489446224777, 0.1991867435845063, 0.1636751819219168, 3.824721390113948]
1176972315537694720	[0.24616659293118717, 0.23358874354192746, 0.25383905313622546, 0.6849113971290313, 4.377795782012447]	[0.10513440667486709, 0.10926870135056967, 0.16805596262060238, 0.07811986301586421, 2.329141398516769]
1184331211721736192	[0.1831494163748775, 0.18430886643533168, 0.21071900070919092, 0.6791746035885968, 3.7720890286918225]	[0.1313970701986017, 0.13987116174080969, 0.0983674147808122, 0.06428845301518026, 1.6898110879966493]
1010300612129509376	[0.20195773124158214, 0.18577955866191795, 0.2566122924195089, 0.6624293471157116, 3.145235696194884]	[0.12175268761776659, 0.11507780069327847, 0.16108516073025433, 0.118654381269843, 1.1364416427534347]
1212271430257147904	[0.2719983304420309, 0.2596666077921312, 0.20246717388929927, 0.6163787996685521, 2.6869027966234773]	[0.14941113450535742, 0.14520074447409134, 0.08724925249201392, 0.14730712340813562, 0.6869364842221338]
1219459547124858888	[0.2637871175265112, 0.25183170469058097, 0.24212786727709812, 0.7138231626199438, 4.028823335858396]	[0.11427146637362302, 0.11680055902842428, 0.1752882750566174, 0.05863519952418097, 1.9347573556446618]
1217558606842859522	[0.28023826039085836, 0.25910866679335487, 0.24914392164898555, 0.6928923687918833, 4.381124560025922]	[0.10400475221817906, 0.10070464752427152, 0.17961985839983619, 0.04803214404284469, 2.312699932308084]
1221958979573764096	[0.24160373322854242, 0.23485355339589456, 0.17954498635036886, 0.641031922998893, 3.454081629394205]	[0.10305819728265651, 0.10145380101353818, 0.059779433845863025, 0.14049257609008023, 1.312216312088192]
1241224210107658240	[0.28702017595988183, 0.2697683588192993, 0.31357612155163817, 0.6379132219403818, 3.4071510659691784]	[0.12629168213651434, 0.12443330303097407, 0.04298309310936422, 0.09883536024306518, 1.4567866501191566]
1253322173403394049	[0.19251851271139986, 0.17296847093149592, 0.2482312212683511, 0.6838379408590453, 3.7585231415882427]	[0.1567519686485778, 0.15552415717271675, 0.19048427686000763, 0.07414994901756253, 1.3904200022862483]
1257959303945900032	[0.26921081828922905, 0.25406425448149833, 0.3064002071181081, 0.6402783944092154, 3.3132094231113163]	[0.1200094579861735, 0.12058501232858027, 0.0862936390195959, 0.09234138533253881, 1.1643547013610769]
1264179482648248320	[0.33673530427380344, 0.3244001810371714, 0.2106552373992762, 0.6190373855283505, 3.2711577560359144]	[0.13608341152326656, 0.1365014939863343, 0.07637718202451191, 0.17189158979291255, 1.1494473971975465]
1265631236028084224	[0.24564473810280574, 0.2252728404492519, 0.23664721438111125, 0.6969078138789282, 4.708845094503214]	[0.1485568969785081, 0.1509835748104973, 0.19376102557782718, 0.04202356800452739, 2.9748589920854256]
1267281706245128192	[0.2813751824835962, 0.26619321622777, 0.18830303154258696, 0.6281019812928663, 3.079850157299143]	[0.11832829725279156, 0.11881075012842832, 0.08708481537481112, 0.14595086411687816, 0.840246178671226]
1286433502037245955	[0.2772744177781014, 0.2629157585560325, 0.24658304723194355, 0.6184758167437507, 3.8027660627241997]	[0.12148026721175255, 0.12303800781505922, 0.18321054205822757, 0.20071287298426305, 1.6390836929638481]
1295170777776619520	[0.19113490085029683, 0.1842008890061731, 0.10506983756953088, 0.6771157815217813, 3.871723597708205]	[0.09060103055935681, 0.08567790387657197, 0.2720336857829941, 0.07857399721825235, 2.0450444313619975]
1296175329556406273	[0.25542068505610965, 0.23790185047369863, 0.25745587893853916, 0.7019669413576681, 4.649344612122949]	[0.09921149911606808, 0.09514436756908921, 0.16679730745502197, 0.0361035266839402, 2.816507387723665]
1303185624317321216	[0.2183598106781511, 0.200890864261965, 0.3186582712845232, 0.606567587943794, 4.243734273020855]	[0.12206423097709536, 0.11069794697039466, 0.1811628575189814, 0.21836066043307065, 2.1805631642169208]
1304838924188123136	[0.26607385016493734, 0.2539286786882733, 0.24509595413202648, 0.5960776203244024, 3.1364300612180163]	[0.1236256094235047, 0.1192979805878723, 0.18822574397821262, 0.2248107621874546, 1.0725350475254638]
1307008631771148288	[0.22733223573004482, 0.22232855623231232, 0.18796693933297787, 0.6984312817406648, 5.628073864085633]	[0.0956332268556094, 0.08990335529341531, 0.08977165255332051, 0.031748375763925606, 4.635406326255486]
1308151079222345728	[0.33733010586196144, 0.3303851073778398, 0.21883956040302768, 0.6224654356128868, 3.214290258715311]	[0.2352293761203229, 0.2388775977356465, 0.05427349891679323, 0.16644083579038596, 1.276484978764588]
1314857412956839937	[0.22714095208952068, 0.21289128185355263, 0.3119497946843753, 0.5984216057212592, 3.3785628701749153]	[0.08990610806893752, 0.0877107938103025, 0.1519877757350189, 0.21830615799544015, 0.9725240706273309]
1334963880641114113	[0.3430798402011847, 0.3330189378995146, 0.33995530597380685, 0.6366662049532504, 3.38966091474365]	[0.08333916371368848, 0.09988662213301752, 0.11985989639368128, 0.16368656232067802, 1.1699594803028466]
1343933675725996033	[0.3448459244950155, 0.3407919900539911, 0.25046874393175167, 0.6488199464217329, 3.6130358949383417]	[0.1660643795964881, 0.1926291263271401, 0.1225209824300793, 0.12618526252388326, 1.3869163464766883]
1347248904895672323	[0.2489897636926383, 0.23625446137227013, 0.30819031775342864, 0.6967063957676731, 5.0268681717919375]	[0.09667204617750368, 0.1014770190010245, 0.16201878084006305, 0.04643978779676189, 3.6936817603160224]
1348724621034483712	[0.17076479221847113, 0.15530249888522316, 0.6633925555513764, 0.6545836525639369, 3.203892879319758]	[0.12830243746043968, 0.11917231726505048, 0.3174581909165038, 0.11692381273880768, 1.1236056310925]
1357459209537937408	[0.2106861629499582, 0.19171423773208518, 0.2597908637993962, 0.6950288667774098, 4.382525426503823]	[0.1170849137008555, 0.11039385786676136, 0.18635765170483887, 0.05670387781347037, 2.162349428840926]
1360507235936456704	[0.26118727785667895, 0.24927170821519876, 0.2575665874701079, 0.6234938612996024, 3.965989906437384]	[0.10898927277173912, 0.1118709441430708, 0.17895338326485583, 0.19960525508682414, 1.7144250371692533]
1381436262633111552	[0.2806973542429263, 0.2630679652320804, 0.23544662467488417, 0.6136011802110716, 2.968300779803777]	[0.07948741350587539, 0.07631003979380693, 0.17679538334864164, 0.2166325924103258, 1.2893600005785737]
1390960631759523840	[0.18546944919898603, 0.17759349456414486, 0.24572028429976528, 0.6722424607511298, 3.283893074809715]	[0.11926085141903137, 0.11584745801145979, 0.04031723333561762, 0.07685463431016495, 1.1500903372459297]
1394901053825556480	[0.4185172867627588, 0.4006955207165453, 0.3064399009972406, 0.5942088934396218, 3.000961811677818]	[0.23369610171130326, 0.24086521549801865, 0.14015638487419194, 0.2333197216622384, 0.9079916364877583]
1405935500242915328	[0.21843204127588295, 0.20751037813182674, 0.20247015063942114, 0.6632413232048062, 4.327911217493495]	[0.05935744664160917, 0.05289060317192704, 0.07070594254478743, 0.11696732989617463, 2.421680333645132]
1406907752065110016	[0.2069152401356127, 0.19730650149858925, 0.14528372051450758, 0.6552717723134179, 3.1475233228661024]	[0.14652581085740243, 0.1493322324986468, 0.11452692237393408, 0.09939496356786501, 1.0278153974495614]
1419740808757055491	[0.24991171450810482, 0.23812415542620802, 0.31810830391245887, 0.6823433665158987, 4.103325498572768]	[0.10827369378481991, 0.11104877683411576, 0.15663120767454683, 0.08280607467312553, 1.7837956098783367]
1424640593938944005	[0.19922674721894867, 0.18358686377171737, 0.262191072082713, 0.6479130122621544, 3.7859900986022788]	[0.11692105801948466, 0.11155692124924334, 0.1721737902923645, 0.18029674907922244, 1.872124465588256]
1425454693275168775	[0.34189337880909454, 0.3371019449203243, 0.19884359264445525, 0.657302921095722, 4.2437961799327235]	[0.2404085617271955, 0.24084289565562655, 0.07485755039623776, 0.11160542601570031, 2.1825549080473503]
1449841497298382850	[0.20079030786637792, 0.18637281007881532, 0.22823058280554143, 0.5864424854044635, 3.133783511464889]	[0.11666537869356962, 0.10781222998353862, 0.17168008548815264, 0.21882898561120917, 0.9732497063166053]
1432363068969734144	[0.2581577274039031, 0.23432938521542057, 0.25560904254968897, 0.6764096591463195, 5.149538564893938]	[0.10651286084526372, 0.09522938223473391, 0.18524531762440535, 0.05779763092923665, 3.8056438730533015]
1461358161453928448	[0.1937804843037748, 0.1833339623176863, 0.3044497535346735, 0.6466888092396638, 4.7063681176613965]	[0.1119620283037761, 0.10949043699756685, 0.15341961178123056, 0.16013559166013472, 3.8189010260693186]
1470403383471263745	[0.20827164765737619, 0.19287983857251176, 0.2047233064186957, 0.5987185990423215, 4.31553477488276]	[0.116694435066657, 0.1076907155880008, 0.15441033286387446, 0.20757613426955476, 2.2899047279987825]
1470797296921034752	[0.2637867415153844, 0.2443973808725404, 0.23611077806965092, 0.663161092476693, 3.877783571233327]	[0.12241792094992543, 0.1159100340595638, 0.18685973316119764, 0.12103998637720861, 1.5838091258362106]
1471505856378273792	[0.2331792333570384, 0.22081351790777595, 0.22346080290897075, 0.6347951045003282, 3.2099832965336392]	[0.10655877992456961, 0.09659648719503913, 0.20628854595712548, 0.17487563015284038, 1.1030982487179803]
1476984898477260800	[0.2484774889899232, 0.23020353056585233, 0.25371178380178805, 0.6911825454349483, 3.8082044668436676]	[0.15468972751374313, 0.156076621037856, 0.19084589828961712, 0.05313023298132062, 1.5110600309213698]
1509439556860456960	[0.2726729407389472, 0.2597807626613899, 0.2495963577698726, 0.6392021682433632, 4.5551967712021915]	[0.11255919794885057, 0.1151880414953351, 0.18605362651716228, 0.17891064478228008, 2.6832701555878975]
1512708407329198084	[0.3609209546345455, 0.3399272937646129, 0.27717455547869707, 0.6174172986371388, 3.1799746347156446]	[0.11828114443777646, 0.12439032287035723, 0.13099517449653456, 0.16401974949836623, 0.8319773700428833]
1513648688417193984	[0.31464242701335393, 0.31659617546762037, 0.28636043703481046, 0.6584848547856529, 2.7469348586926925]	[0.2632086369120149, 0.26078022314812066, 0.051425642905577246, 0.1213304467498173, 0.7001263073124973]
1518068230341881856	[0.42115418635001717, 0.4001477811676644, 0.26328073474405167, 0.6314513220443063, 3.642931091434223]	[0.2658107794496464, 0.2746639047031827, 0.15656715817185768, 0.14580145772847286, 1.297541698315242]
1524540516561559552	[0.15285308743505582, 0.18055792590110606, 0.29812165941460905, 0.646685827231044, 3.1427561829671995]	[0.08980434729981077, 0.10197268658885782, 0.03432310569421163, 0.13021426960634566, 1.0705842832919776]
1524084713178431488	[0.3560403827844552, 0.3476273463030889, 0.21648230270724042, 0.6406784958464685, 3.451775067904007]	[0.24336137327812438, 0.24296087173434167, 0.059289885085888845, 0.14553769171035277, 1.277923324165879]
1526108537293680640	[0.22226621350322429, 0.2189751494317497, 0.24353977622581796, 0.7172421000798127, 3.4267248035989213]	[0.10372527629975258, 0.1110835885797199, 0.1629126819777406, 0.08701633564426954, 1.2260759060731323]
1534104823527661696	[0.2270862766316318, 0.21465378117166575, 0.24000271532203177, 0.7302252666905118, 3.4978720567761536]	[0.088636212182161, 0.08691965987259527, 0.17146862602233773, 0.08475915846427103, 1.2603686294531116]
1530832682095190018	[0.22789094888270128, 0.21783858944778206, 0.30070966984254555, 0.6807484123652043, 4.0184664311063285]	[0.06830784377981677, 0.06455765138469788, 0.1582879708463928, 0.08895103095444688, 1.847717612648945]
1535843539778564096	[0.19823261562118208, 0.18675064625191196, 0.33502378220381906, 0.6845864279825504, 3.439294607747592]	[0.11543451663420806, 0.11300745883000575, 0.13742891616907285, 0.06512216580999355, 1.202322935454118]
1541974408058773504	[0.3092837036046473, 0.29167169366693585, 0.27180084194797327, 0.6080692835275433, 3.0144462745921294]	[0.1405817127981397, 0.1391548326386173, 0.15868734390982905, 0.20695158096478244, 0.9125656072556548]
1536055318542794752	[0.21777346664081149, 0.2157575147225264, 0.19790805008029436, 0.6829436119079637, 4.342654513450022]	[0.10029590367923925, 0.10333739600585476, 0.09343674396643066, 0.07658851578965332, 2.545103408613452]
1541974408058773512	[0.3421178926977415, 0.3354387389497034, 0.3264469204349896, 0.6518280632066051, 3.5936109132764096]	[0.23185415675044574, 0.23455594085761255, 0.1522501837518074, 0.13393491296539625, 1.1904207810339749]
1545674949968420864	[0.18634421067168935, 0.18101006630955693, 0.174750933208832, 0.6668159880663412, 5.519009924698243]	[0.08495466528083118, 0.08307087691181432, 0.08060218620036441, 0.09833129588648482, 4.8303242550884]
1551000216085618690	[0.2197149230128198, 0.20388396854089774, 0.2529806418149363, 0.6163802184921583, 2.8182557634681222]	[0.13602041768724085, 0.13189389571004945, 0.1814123482489508, 0.1872582536755036, 0.8586436673197644]
1552006530374852608	[0.3300829391734668, 0.3341162169856733, 0.28524078793224006, 0.6559265574169992, 4.25262224664943]	[0.18475512009285397, 0.20452236030316112, 0.0513746485430759, 0.11018307737030088, 2.40980429889589]
1557748313948147712	[0.2316108473496826, 0.20896774622291428, 0.2749589872135081, 0.6588538457209285, 3.451301714056337]	[0.13281747134759675, 0.11962793329932428, 0.1590723819906016, 0.1406697245344735, 1.262729578804391]
1558953336916922368	[0.27092486789621045, 0.2635070924618716, 0.19822348945700163, 0.5846927000714919, 2.880989918589711]	[0.1758794937253118, 0.16972300282375485, 0.08958522444453604, 0.23553177794685468, 1.5817826351338014]
1559593258086305792	[0.24601308190217963, 0.23732735089699467, 0.278906505554485, 0.6135704090316934, 3.325405735430664]	[0.1408543501509456, 0.13327037068039285, 0.1839523522297163, 0.23380538090091618, 2.1758723904494714]
1559849276699729923	[0.22851194313814113, 0.21003995705231013, 0.2600921005092027, 0.6990404609971002, 4.730231642984223]	[0.14053115051528284, 0.14314192418660857, 0.18811631535601064, 0.041830285802126235, 2.9686371616223806]
1560479529881063424	[0.2043305875465127, 0.1926312939055289, 0.1574944160295018, 0.7070298167256256, 4.602376528819745]	[0.13520737212994474, 0.14073517305002395, 0.1276469264221444, 0.023626670603550913, 3.1318470209189675]
1562198318276431876	[0.219783457866443, 0.20833056255237434, 0.34375286985556375, 0.6750379531427186, 3.450372273627109]	[0.09340490019157922, 0.09189653280940971, 0.11942263565640072, 0.08944481922477121, 1.313147824942438]
1563911121681137669	[0.20226335835185494, 0.1931844312482228, 0.17586932441442166, 0.6160650373163482, 2.5320288219054135]	[0.06484456239527961, 0.059029567212609685, 0.2189776431935632, 0.18570690478461607, 0.872176692518174]
1567761967015772161	[0.2339643498658925, 0.2212279127180867, 0.1848507589855894, 0.6644460617415602, 3.14408727043181]	[0.11309668271999493, 0.10930425986383771, 0.09472683894141154, 0.06865134933395027, 1.1289316975762336]
1567948218499239936	[0.19553519624501253, 0.18517129977885, 0.3165847434293322, 0.6497928258976443, 3.8899855291612693]	[0.10957082726192825, 0.10708070414412635, 0.07475118738227506, 0.14416729164189102, 2.2372139047893675]
1573022912000319488	[0.18624645887151067, 0.18091752599981564, 0.2802682174396754, 0.6458940396113337, 4.307103603457049]	[0.09667057429511748, 0.09381786376542048, 0.03528035786534406, 0.09439782300710946, 2.53019103776445]
1573532345772146688	[0.22912933725042284, 0.21907535678771586, 0.3622362624213672, 0.6746173333864341, 3.901924864677309]	[0.0686334540064284, 0.06483268729897416, 0.1577190242128031, 0.09599124560097581, 1.6720171792709557]
1573696002644664322	[0.31766344441612987, 0.2998383858072909, 0.2882562004114336, 0.5992465261893315, 2.8583010422293564]	[0.13392797043217694, 0.13319000270507753, 0.1480638844852454, 0.17560293408214103, 0.6791448594022867]
1576130850844184576	[0.4366466580962972, 0.4190042823829985, 0.33416390168792154, 0.6210174814786744, 3.3761712585745474]	[0.3309280028322884, 0.33808936929803884, 0.15241700954911314, 0.1793972524057799, 1.0147032116808443]
1577959393940881408	[0.15767106359898556, 0.15360056402234837, 0.08875770276897278, 0.7145771855399882, 1.6035352108085499]	[0.09478693071609279, 0.09481367544999933, 0.06818964561162302, 0.13798368116208531, 0.5916244751528569]
1581248279123197953	[0.19251851271139986, 0.17296847093149592, 0.24823122126890412, 0.6829761932592472, 3.7336395556180686]	[0.1567519686485778, 0.15552415717271675, 0.19048427685962666, 0.07560578385524946, 1.3609631743114003]
1582074009470267392	[0.19095438798710498, 0.1860574001663035, 0.19579175945542743, 0.6648582305102346, 4.169074866745922]	[0.13505508596181157, 0.13157189047907739, 0.09817026330059787, 0.09175511073648361, 2.9799855385978926]
1585801883985317889	[0.2659066198515698, 0.25847381903767513, 0.25529363430026186, 0.6315196220544096, 4.1128354803164955]	[0.1441192711867958, 0.15032682280630089, 0.045422312699645945, 0.15846323834851037, 2.0932634468295204]
1586612104127451136	[0.24676281358895377, 0.23414445510374157, 0.2804092152900754, 0.7099552688987784, 4.92578214670896]	[0.10315169120641515, 0.1080723014641745, 0.17095948869848024, 0.03413696022941746, 3.3120537852048244]
1597126178804039682	[0.30305238500234744, 0.2807502891079054, 0.32107227845713304, 0.684006401018573, 4.610838471769282]	[0.11681097099689777, 0.11163940557674489, 0.12872932040637255, 0.07093610839442643, 2.615703570821575]
1599013198501388288	[0.21459919632018248, 0.20183477169801528, 0.2860006771532169, 0.6513383492285629, 5.254435253983426]	[0.13512402937599893, 0.1325174982743654, 0.151754192953711, 0.1417393250573739, 5.537895661548073]
1603172736351670272	[0.6423201850565553, 0.624497845844314, 0.3021586776142844, 0.6210302595161161, 3.219767606568839]	[0.954698623870674, 0.9615514460274472, 0.13713910768558643, 0.22944823557868785, 1.0733298300969043]
1604350270472916993	[0.2180323082076464, 0.20261037271798912, 0.2373470202122937, 0.6531862281378641, 3.632256236365076]	[0.11791142863063324, 0.11149150223431344, 0.17625123703973036, 0.1226158097782588, 1.512246127701171]
1705999885	[0.34257679498564897, 0.31754703100793347, 0.24148439143680667, 0.6295693347476546, 3.2586769264422357]	[0.086877326319673, 0.09172956891810931, 0.16315050801757447, 0.15440973178531342, 1.0103062709371844]
175625853	[0.32177001227424246, 0.3294960962098264, 0.23738408266031585, 0.6531214264838255, 4.0385734018148085]	[0.18474471574547996, 0.20296388950728197, 0.061486310870908285, 0.10985451648061863, 2.1467668450152138]
285050738	[0.21305905426269522, 0.2095805986462181, 0.21628159064601327, 0.6530462194408729, 4.4585971497620305]	[0.09453544463670376, 0.09210800845965861, 0.08922899598436956, 0.13153562197723456, 2.678276489966994]
3022955977	[0.20746847780909627, 0.1918117754696952, 0.24107062469138324, 0.6497771560756289, 2.782099945059514]	[0.12105631004385904, 0.11636771300777671, 0.17513184664181278, 0.12393709286124033, 0.5538948607824052]
3141533716	[0.3560116806781835, 0.3365360249219599, 0.2711214763242773, 0.6116193781257389, 4.45317842590545]	[0.05662370433801399, 0.07035942831828748, 0.15589452253312366, 0.179452091695541, 2.5790802919432574]
390960016	[0.34129573654006234, 0.3202953817162512, 0.27095983528352635, 0.6114680538173658, 2.835821025282014]	[0.09839232445563194, 0.10269369154402354, 0.13626051489864277, 0.17376996021032423, 0.7860639339590768]
3295465306	[0.2550391156238302, 0.23894299523467816, 0.2507503085450863, 0.7045771403995922, 5.611018895952623]	[0.09944280501517412, 0.10225177686936036, 0.16601706399926414, 0.032344559396031126, 4.727741677992342]
4405807395	[0.2014954746703797, 0.18507420266018484, 0.21720703628176868, 0.6767616608470899, 4.0915791323448465]	[0.11203869946298198, 0.10241866878216452, 0.19881027325323292, 0.11060936628335524, 2.057920486635683]
786189623944843264	[0.22218554729088624, 0.2134221428686569, 0.35319211263329203, 0.6421733125538062, 3.7441077305395645]	[0.0913595705702691, 0.08850853142638165, 0.13139869414777763, 0.09990771025693201, 1.5596604598325463]
800152580915499010	[0.2455037493239961, 0.22513447327793015, 0.2764670107372256, 0.6766566820046318, 4.116086639460327]	[0.14865114090941828, 0.15107080954613503, 0.16668876910494396, 0.08225910274653042, 1.8318977207440124]
855091879003738113	[0.17170722044963366, 0.1616734803576903, 0.22363605073062034, 0.6671659493540666, 5.48220310077832]	[0.1159018167064019, 0.11003124668023026, 0.18184006758879495, 0.12299991020074537, 5.788212802658688]
878199957500686336	[0.22916155011961428, 0.20878974470328696, 0.23234812669249713, 0.6984896683485055, 4.701407013289134]	[0.14149871937303818, 0.14373723392875876, 0.19436083561953796, 0.041380263489969774, 2.9720927066556357]
938384349342429184	[0.2650540152183995, 0.258117563676953, 0.19388618593288795, 0.591902030465914, 3.002606031237474]	[0.1679189514787921, 0.16135721176857742, 0.0984980198736518, 0.19537466056329877, 1.0473029458927234]
938634317294653440	[0.26610475056262467, 0.22997498305550837, 0.3231612692004183, 0.6266871770843917, 3.467689117699597]	[0.07008062704490947, 0.07562098610481979, 0.08751327636409811, 0.14258522994657505, 1.8442059741182868]
941038685818060800	[0.28823961179238433, 0.2727818717323219, 0.2670366696259987, 0.7204590323624931, 5.662783741149946]	[0.14680376010111687, 0.14712901805042355, 0.17883939455229503, 0.05635071782587264, 5.210070160224743]
952266549062139904	[0.1956898296413923, 0.19002226975672845, 0.3830554545204168, 0.7412031528666441, 3.4352296155894897]	[0.08441715718551869, 0.0857582248728121, 0.19444178848843316, 0.10158064661434647, 1.1679135082005607]
952266549062139905	[0.23437084199586847, 0.22641431659385036, -1.8635567881942257, 0.7407400643803058, 3.6696421234542336]	[0.10306801234026969, 0.10685086927759145, 3.508371958944312, 0.08208714254999779, 1.7471043111653817]
974798197531930624	[0.3268933637390593, 0.31418249603048964, 0.24857118154170454, 0.6387300475241696, 3.6926168500525605]	[0.08686186400306398, 0.10166620241403515, 0.15417687606091665, 0.12601710249503498, 1.5687738171632868]
975175578365190144	[0.23070454783612218, 0.21837613010661938, 0.15168207198718986, 0.594686300094293, 2.7482233121341877]	[0.1073098865449595, 0.1030502214134558, 0.1114914721346449, 0.21597673865840622, 0.7885097250246396]
