1103457912335331328	[0.0003395636866322479, 0.0003370699257242181, 1.0614336859613862, 0.6458863800962388, 4.811956499846991]	[0.0005907876881647758, 0.0005904437545000647, 2.1193716903183555, 0.1636751819219168, 3.8247213901139485]
1176972315537694720	[0.0004227807649983252, 0.00042067460544290306, -0.2082222135663369, 0.6849113971290313, 4.377795782012447]	[0.00048226563238281257, 0.00048154836793486274, 5.570262403529835, 0.07811986301586421, 2.329141398516769]
1184331211721736192	[-0.0007930219765718717, -0.0007949561571628113, -2.194507915134546, 0.6791746035885968, 3.7720890286918225]	[0.001485034677011728, 0.001484989654020976, 5.688862599261921, 0.06428845301518026, 1.6898110879966493]
1010300612129509376	[0.00037338063668378, 0.00037145914479790856, -1.212131781902405, 0.6624293471157116, 3.145235696194884]	[0.0004804881118466646, 0.0004795856580378442, 6.041985279041971, 0.118654381269843, 1.1364416427534347]
1212271430257147904	[0.0001831381124677743, 0.00018140512258225645, 2.3336085707320997, 0.6163787996685521, 2.6869027966234773]	[0.0001777100463425218, 0.00017730099546029666, 1.8296689291994142, 0.14730712340813562, 0.6869364842221338]
1217558606842859522	[0.0004591209490095216, 0.00045660567163247924, 8.303868953496352, 0.6928923687918833, 4.381124560025923]	[0.0006405912548164162, 0.000639792150668402, 13.13572153674697, 0.04803214404284469, 2.312699932308084]
1219459547124858888	[0.0005053879087462056, 0.0005033119908960344, 1.5344798707754561, 0.7138231626199438, 4.028823335858396]	[0.00035488754800691753, 0.0003538992786600453, 1.061671862779163, 0.05863519952418097, 1.9347573556446618]
1221958979573764096	[-0.00018745299500930678, -0.0001891718521419536, 0.7046961015384121, 0.6410319229988929, 3.454081629394205]	[0.000683271784664913, 0.0006832893998746507, 2.2639386101223007, 0.14049257609008023, 1.312216312088192]
1241224210107658240	[0.0004095258138783242, 0.00040783008038442175, -0.2673525138742565, 0.6379132219403818, 3.4071510659691784]	[0.00041994457760732493, 0.0004197578806141194, 2.8798445584979477, 0.09883536024306518, 1.4567866501191566]
1253322173403394049	[-0.0003894309522433288, -0.0003925131773050419, 1.9325755759935224, 0.6838379408590453, 3.7585231415882427]	[0.001722787086161027, 0.0017221352766225854, 1.3877602841842709, 0.07414994901756253, 1.3904200022862483]
1257959303945900032	[0.00044386842967562346, 0.00044198031293125824, -0.8247934938238103, 0.6402783944092154, 3.3132094231113163]	[0.00037870295359595304, 0.0003785082351524616, 4.011081293660797, 0.09234138533253881, 1.164354701361077]
1264179482648248320	[0.0006464725301829998, 0.0006445678906491903, 2.1089243049908695, 0.6190373855283506, 3.2711577560359144]	[0.0010822190247918527, 0.0010828132008500874, 1.6438411976290468, 0.17189158979291255, 1.1494473971975465]
1265631236028084224	[-0.00035477694429299634, -0.0003576492844882389, 0.9677896141276252, 0.6969078138789282, 4.708845094503214]	[0.0017431968290566309, 0.0017425146019893925, 3.0329087775958956, 0.04202356800452739, 2.9748589920854256]
1267281706245128192	[2.0341955311686183e-05, 1.8353555143004745e-05, 2.064219055782472, 0.6281019812928663, 3.079850157299143]	[0.00048351436430870304, 0.0004834636935741171, 1.322000958944221, 0.14595086411687816, 0.840246178671226]
1286433502037245955	[0.00041819010943064036, 0.0004157718183842241, 2.1611800542315156, 0.6184758167437507, 3.8027660627241993]	[0.0003673529953871878, 0.0003664296386417899, 1.8129068557239925, 0.20071287298426305, 1.6390836929638481]
1295170777776619520	[-0.00011017807855185246, -0.0001120332928206693, 1.467655164456825, 0.6771157815217813, 3.871723597708205]	[0.0007665542170223473, 0.0007667489827211986, 1.946601426800642, 0.07857399721825235, 2.0450444313619975]
1296175329556406273	[0.00017800954411551441, 0.00017537607400002365, 0.9467880910836738, 0.7019669413576681, 4.649344612122949]	[0.0009529913881704301, 0.0009520719267992291, 3.0288692546683618, 0.0361035266839402, 2.816507387723665]
1303185624317321216	[0.0006102622107193582, 0.0006071713920098175, 1.7556254436750356, 0.606567587943794, 4.243734273020854]	[0.00041679262920430186, 0.0004157933870678864, 3.2260138671619027, 0.21836066043307065, 2.1805631642169208]
1304838924188123136	[0.00015646261282395224, 0.0001541939956009863, 0.8293375902669635, 0.5960776203244024, 3.1364300612180163]	[0.0008486632361720558, 0.0008480094889468794, 2.5104785772505154, 0.2248107621874546, 1.0725350475254638]
1307008631771148288	[-0.00010173248227587831, -0.00010369685828419242, 0.9400652862757776, 0.6984312817406648, 5.628073864085633]	[0.000680725051167362, 0.000680964499531906, 1.2459671208255059, 0.031748375763925606, 4.635406326255486]
1308151079222345728	[-5.166587545173874e-05, -5.336675254724527e-05, -0.2767919964916942, 0.6224654356128868, 3.214290258715311]	[0.0007966836593876422, 0.0007966834416432059, 5.4977606505571455, 0.16644083579038596, 1.276484978764588]
1314857412956839937	[-6.861331654854931e-05, -7.094622119497613e-05, 1.9652461952091789, 0.5984216057212592, 3.378562870174915]	[0.000909173680818567, 0.0009084562802765287, 2.06938896481756, 0.21830615799544015, 0.972524070627331]
1334963880641114113	[0.0005909736027682523, 0.0005889248190510793, 0.5436815732462106, 0.6366662049532504, 3.38966091474365]	[0.0002746467778858899, 0.0002738668725066257, 3.8686036522112377, 0.16368656232067802, 1.1699594803028466]
1343933675725996033	[0.0004014053163874716, 0.0003993209915441187, -1.9590106136219458, 0.6488199464217329, 3.6130358949383417]	[0.0006022932067967994, 0.0006019404890949538, 7.266422748248092, 0.12618526252388326, 1.3869163464766883]
1347248904895672323	[0.00036056102146866134, 0.000358289636765958, 1.575893878068567, 0.6967063957676731, 5.026868171791937]	[0.0005853077765768105, 0.0005847427398719777, 1.1184039162512849, 0.04643978779676189, 3.693681760316023]
1348724621034483712	[0.00031365154461862155, 0.0003118238237134433, 1.1537895134822995, 0.6545836525639368, 3.203892879319758]	[0.0004790497436286186, 0.0004782113867694636, 1.1852878711254178, 0.11692381273880768, 1.1236056310925]
1357459209537937408	[0.0005337065991124211, 0.0005313102430290358, 0.7154432013726825, 0.6950288667774098, 4.382525426503823]	[0.0003049853230989136, 0.0003038633734285195, 3.2822338533010424, 0.05670387781347037, 2.162349428840926]
1360507235936456704	[0.0005332827613634077, 0.0005312122488173144, 0.8127997843695445, 0.6234938612996024, 3.965989906437384]	[0.00031263991040807654, 0.00031162121183909476, 3.0401866446794528, 0.19960525508682414, 1.7144250371692533]
1381436262633111552	[0.00010549178688850482, 0.00010321473629692015, 2.3168336750686542, 0.6136011802110716, 2.968300779803777]	[0.0008630721300696875, 0.0008624744537938843, 1.590903417074003, 0.2166325924103258, 1.2893600005785737]
1390960631759523840	[-0.00013800278860665808, -0.0001398950044783461, 1.4124062395757395, 0.6722424607511298, 3.283893074809715]	[0.0007353467810196397, 0.0007354167979313545, 1.393602171352038, 0.07685463431016495, 1.1500903372459297]
1394901053825556480	[0.0017034922063991305, 0.0017012490097523456, 2.095541621003108, 0.5942088934396218, 3.000961811677818]	[0.0034271485492536552, 0.003427821357047714, 1.3853294837378547, 0.2333197216622384, 0.9079916364877583]
1405935500242915328	[0.00014487337259893755, 0.0001430264807642401, 2.8903108895841365, 0.6632413232048062, 4.327911217493495]	[0.000497409713703601, 0.0004976916154140537, 2.107892180224604, 0.11696732989617463, 2.421680333645132]
1406907752065110016	[-0.0006971693745539928, -0.000699108684214311, 0.640471171230476, 0.6552717723134179, 3.1475233228661024]	[0.0015491009915688388, 0.0015489551865334134, 2.315466295678257, 0.09939496356786501, 1.0278153974495614]
1419740808757055491	[0.0005217155687459124, 0.0005194810608226142, 0.9277600921753448, 0.6823433665158988, 4.103325498572768]	[0.0003192695198052792, 0.0003183454258731701, 2.691636730981705, 0.08280607467312553, 1.7837956098783367]
1424640593938944005	[-5.825467378595032e-05, -6.064115098294353e-05, 2.0854793955370576, 0.6479130122621543, 3.7859900986022788]	[0.0009112193365197992, 0.0009107016442425913, 1.5090577647018293, 0.18029674907922244, 1.872124465588256]
1425454693275168775	[-5.215784715344143e-05, -5.403324153612578e-05, 0.8586220621629362, 0.657302921095722, 4.2437961799327235]	[0.0007749144278892122, 0.0007751764852945409, 1.2917191815936309, 0.11160542601570031, 2.1825549080473503]
1449841497298382850	[0.0004640914174761087, 0.00046179771949545867, 2.6329259426061196, 0.5864424854044635, 3.133783511464889]	[0.0006015510697560476, 0.0006005245664640388, 1.8984921861302935, 0.21882898561120917, 0.9732497063166053]
1432363068969734144	[0.0006734685649792307, 0.0006707432054328205, 0.9402935359186998, 0.6764096591463195, 5.149538564893938]	[0.0005356302184237572, 0.0005346351779004593, 3.032502650848418, 0.05779763092923665, 3.8056438730533015]
1461358161453928448	[-2.3778275580760294e-06, -4.622452180626192e-06, 1.7369113272342278, 0.6466888092396638, 4.7063681176613965]	[0.0008295416535850913, 0.000829375382853028, 1.3882391106349214, 0.16013559166013472, 3.8189010260693186]
1470403383471263745	[0.0005638976617572695, 0.0005613992039380399, 3.242386841590913, 0.5987185990423215, 4.31553477488276]	[0.0004784938328756403, 0.00047792293611653166, 2.5697124142215504, 0.20757613426955476, 2.2899047279987825]
1470797296921034752	[0.00032913044289768935, 0.0003269286790332641, 2.571541813951465, 0.663161092476693, 3.877783571233327]	[0.0005809959511057777, 0.0005803249627918519, 1.842540383945721, 0.12103998637720861, 1.5838091258362106]
1471505856378273792	[-5.276428173627153e-05, -5.475466387836721e-05, 2.4382804200426262, 0.6347951045003282, 3.2099832965336392]	[0.00079305289187547, 0.0007926588671403808, 2.5144208969600315, 0.17487563015284038, 1.1030982487179803]
1509439556860456960	[0.00040241336177163474, 0.00040016571767768395, 1.1683314007305041, 0.6392021682433632, 4.5551967712021915]	[0.0005965667196225247, 0.000595865688463142, 2.588970378823872, 0.17891064478228008, 2.6832701555878975]
1476984898477260800	[-0.00037579429689093907, -0.00037864607811895895, 0.9030781908855356, 0.6911825454349483, 3.8082044668436676]	[0.0017366566091387928, 0.0017358789178407688, 2.716103506498334, 0.05313023298132062, 1.5110600309213698]
1512708407329198084	[0.0008971466578572173, 0.0008946164050931257, 2.166469514769599, 0.6174172986371388, 3.1799746347156446]	[0.001084466881793287, 0.0010847678503887123, 1.4049537634538967, 0.16401974949836623, 0.8319773700428833]
1513648688417193984	[-1.1316885855895032e-05, -1.2968416695106868e-05, 0.7455514085866094, 0.6584848547856529, 2.7469348586926925]	[0.0005957278316628062, 0.0005959472382384563, 2.1288846590743913, 0.1213304467498173, 0.7001263073124973]
1518068230341881856	[0.0003297902138085804, 0.00032718356935670386, 2.3738391822985756, 0.6314513220443063, 3.642931091434223]	[0.0009503726841278419, 0.0009498287230265769, 1.5925141973411188, 0.14580145772847286, 1.297541698315242]
1524540516561559552	[-0.00019209619172860174, -0.00019344016232018907, -2.83139419197175, 0.646685827231044, 3.1427561829671995]	[0.0007448619664654298, 0.0007444304759114461, 5.303589380385373, 0.13021426960634566, 1.0705842832919776]
1524084713178431488	[0.00027245938937702586, 0.0002708462865539107, 1.9287780801482957, 0.6406784958464685, 3.451775067904007]	[0.0004926763211059492, 0.0004930944975924832, 2.1648141111277805, 0.14553769171035277, 1.277923324165879]
1526108537293680640	[0.0002894735891182937, 0.00028769539758526655, 0.15991551229308765, 0.7172421000798127, 3.4267248035989213]	[0.00043931529831752375, 0.0004388508132488468, 3.3713762422090516, 0.08701633564426954, 1.2260759060731323]
1534104823527661696	[-8.797430541929133e-05, -9.01360355427181e-05, -0.2063868804550698, 0.7302252666905118, 3.4978720567761536]	[0.0008870181954505375, 0.0008862297020509908, 5.502349682343958, 0.08475915846427103, 1.2603686294531116]
1530832682095190018	[0.00038696050936657783, 0.00038452106178780624, 1.1657004801254751, 0.6807484123652043, 4.0184664311063285]	[0.0005286746353312848, 0.0005283626458594758, 2.173061156552609, 0.08895103095444688, 1.847717612648945]
1535843539778564096	[5.066468022176928e-05, 4.817981671014442e-05, 1.1494385027129623, 0.6845864279825504, 3.439294607747592]	[0.0009049603052393611, 0.0009043652844178345, 2.1427735929677394, 0.06512216580999355, 1.202322935454118]
1541974408058773504	[0.0003957100924254799, 0.0003934443090464024, 2.025929337767511, 0.6080692835275433, 3.0144462745921294]	[0.0003726358353457023, 0.00037170755702038374, 1.3586263463443884, 0.20695158096478244, 0.9125656072556548]
1536055318542794752	[8.097369957814243e-05, 7.921991124285735e-05, 2.3028917521083168, 0.6829436119079637, 4.342654513450022]	[0.0005171550197655749, 0.0005173484343991742, 3.677801961171482, 0.07658851578965332, 2.545103408613452]
1541974408058773512	[0.00013298714899846132, 0.00013068549909613452, -0.8528554904878922, 0.6518280632066051, 3.5936109132764096]	[0.0009269959235365686, 0.0009265065426287284, 4.773628641790142, 0.13393491296539625, 1.1904207810339749]
1545674949968420864	[0.00011207354923489346, 0.00011040012954626499, 0.6539747176300645, 0.6668159880663412, 5.519009924698243]	[0.0004725644107889352, 0.0004728344120849675, 2.4462130042017622, 0.09833129588648482, 4.8303242550884]
1551000216085618690	[0.00012531369067910993, 0.0001230308128656742, 1.7859229424565777, 0.6163802184921583, 2.8182557634681222]	[0.0008431953802403731, 0.0008424913998843042, 1.3132974023315525, 0.1872582536755036, 0.8586436673197644]
1552006530374852608	[0.0004422525042429359, 0.0004406256491382535, -2.434174016294945, 0.6559265574169992, 4.25262224664943]	[0.00024657886479016603, 0.0002472146657281335, 7.04848432210273, 0.11018307737030088, 2.40980429889589]
1557748313948147712	[0.0006717212510447355, 0.0006690810980535942, 2.92868007132834, 0.6588538457209285, 3.451301714056337]	[0.00041802917621556286, 0.00041630314541673516, 0.8741316189544978, 0.1406697245344735, 1.262729578804391]
1558953336916922368	[0.0001694527901180037, 0.0001677214776389834, 1.6345487333165307, 0.5846927000714919, 2.880989918589711]	[0.0001230565059114905, 0.00012249672148364953, 2.5208583183573383, 0.23553177794685468, 1.5817826351338014]
1559593258086305792	[0.00013698188957741026, 0.00013529746248535623, 2.892492377629515, 0.6135704090316934, 3.325405735430664]	[0.0004290616892932355, 0.0004291811055008663, 4.917080552708469, 0.23380538090091618, 2.1758723904494714]
1559849276699729923	[-0.00039405909990319866, -0.0003969466500335678, 0.042614549561479864, 0.6990404609971002, 4.730231642984223]	[0.0017241960681337438, 0.0017235073859489776, 5.5314461595191515, 0.041830285802126235, 2.9686371616223806]
1560479529881063424	[-0.0006864825031678525, -0.0006885506539241028, 1.5561209830937133, 0.7070298167256256, 4.602376528819745]	[0.0015454854385048666, 0.0015454386014019223, 1.027449516823491, 0.023626670603550913, 3.1318470209189675]
1562198318276431876	[5.9680497896800474e-05, 5.7378840804966834e-05, 0.8449870272804609, 0.6750379531427186, 3.450372273627109]	[0.0009141349477243277, 0.0009136470455360234, 1.8632020880109232, 0.08944481922477121, 1.313147824942438]
1563911121681137669	[0.0006082282755440828, 0.0006061230018219921, 1.0716453662494692, 0.6160650373163482, 2.5320288219054135]	[0.00045765352011316714, 0.0004571425933034174, 2.055366491340698, 0.18570690478461607, 0.872176692518174]
1567761967015772161	[-0.00027122703860307215, -0.0002728952158648221, 1.5025849625963734, 0.6644460617415601, 3.14408727043181]	[0.0007342551810027494, 0.0007341576745653766, 0.7334789800971017, 0.06865134933395027, 1.1289316975762336]
1567948218499239936	[-0.00011502261132115342, -0.00011685083020769317, 1.765524245821897, 0.6497928258976443, 3.8899855291612693]	[0.0007484849928464033, 0.0007485776572263126, 1.327122413898153, 0.14416729164189102, 2.2372139047893675]
1573022912000319488	[0.0001579514213734178, 0.00015618983226730056, 1.503412153145819, 0.6458940396113337, 4.307103603457049]	[0.00039650410216811587, 0.0003966578294204082, 2.9249908664091673, 0.09439782300710946, 2.53019103776445]
1573532345772146688	[0.000394021381240568, 0.00039154569487834137, 1.1886073879200962, 0.6746173333864341, 3.901924864677309]	[0.000528098381145273, 0.0005277815676378257, 2.179939985811672, 0.09599124560097581, 1.6720171792709557]
1573696002644664322	[0.0004316164920488769, 0.0004293990512138842, 2.3524487734735064, 0.5992465261893315, 2.8583010422293564]	[0.000357689592581517, 0.0003567112926206478, 1.8328930782875184, 0.17560293408214103, 0.6791448594022867]
1576130850844184576	[0.000878339447869286, 0.0008758931453561328, 1.8992782579769887, 0.6210174814786744, 3.3761712585745474]	[0.001263466073539659, 0.0012639235401919302, 0.8261033857697011, 0.1793972524057799, 1.0147032116808443]
1577959393940881408	[0.0001754684543435102, 0.00017438080806165185, 1.2129206282117913, 0.7145771855399882, 1.6035352108085499]	[0.0003649786350269913, 0.00036443718873214033, 0.6587276731109679, 0.13798368116208531, 0.5916244751528569]
1581248279123197953	[-0.00038911762660212546, -0.00039219950223406193, 1.8961571434966904, 0.6829761932592472, 3.7336395556180686]	[0.0017225382593347896, 0.0017218862620149737, 1.4045715646563082, 0.07560578385524946, 1.3609631743114003]
1582074009470267392	[-2.6778230422641044e-06, -4.60461942524362e-06, 1.0213830145857976, 0.6648582305102348, 4.169074866745922]	[0.0006821119450706876, 0.0006822349329395764, 1.6206176597431892, 0.09175511073648361, 2.9799855385978926]
1585801883985317889	[0.0005254231858807852, 0.0005236110689159535, 1.6289679801069443, 0.6315196220544096, 4.1128354803164955]	[0.0006766057897346891, 0.0006766041519218485, 0.9873332807689676, 0.15846323834851037, 2.0932634468295204]
1586612104127451136	[0.00045056786457615267, 0.0004483765797311943, -0.11981023295527105, 0.7099552688987784, 4.92578214670896]	[0.00047034137869834833, 0.00046967915358043805, 5.565218588502634, 0.03413696022941746, 3.3120537852048244]
1597126178804039682	[0.000926428052232072, 0.0009231815871525972, 1.2149658158463708, 0.684006401018573, 4.610838471769282]	[0.0003502201522770347, 0.00034833716101386944, 5.304344801835423, 0.07093610839442643, 2.615703570821575]
1599013198501388288	[0.0001118473910232164, 0.00010973142228854773, 1.743413194240587, 0.6513383492285629, 5.254435253983426]	[0.0007714632054515056, 0.0007712080776393699, 1.3161762539651338, 0.1417393250573739, 5.537895661548073]
1603172736351670272	[0.00023162788934025233, 0.00022935250653060747, 1.7625798649817317, 0.6210302595161161, 3.219767606568839]	[0.0012209062179438603, 0.0012208737425082584, 0.7826646322348362, 0.22944823557868785, 1.0733298300969043]
1604350270472916993	[0.00019351342332455613, 0.0001908352103634199, 0.9210802911771689, 0.6531862281378641, 3.632256236365076]	[0.0009598889438792488, 0.0009591536410900333, 2.3997476870040386, 0.1226158097782588, 1.512246127701171]
1705999885	[0.0009938812650612469, 0.0009908468470603761, 2.3911541606726696, 0.6295693347476546, 3.2586769264422357]	[0.0010198985213143, 0.001020210270272228, 1.613795822589068, 0.15440973178531342, 1.0103062709371844]
175625853	[0.0004173024993696952, 0.00041577452845605284, -2.779409830990484, 0.6531214264838255, 4.0385734018148085]	[0.00022555044596324055, 0.000226200393646979, 6.987382664861205, 0.10985451648061863, 2.1467668450152138]
285050738	[-0.00011552208661022036, -0.00011729101113562641, 1.00388478085311, 0.6530462194408729, 4.4585971497620305]	[0.0006874553271561194, 0.0006875461575811504, 1.0685967069571758, 0.13153562197723456, 2.678276489966994]
3022955977	[1.8317873199116483e-05, 1.6068410560448658e-05, 2.243595195553151, 0.6497771560756289, 2.782099945059514]	[0.0009179782043022966, 0.0009171550210598144, 1.4799401842101954, 0.12393709286124033, 0.5538948607824052]
3141533716	[0.0008553104161738037, 0.000852894572011955, 2.178746833636294, 0.6116193781257389, 4.45317842590545]	[0.0003413972802174854, 0.00034006072716086136, 2.309053154237816, 0.179452091695541, 2.5790802919432574]
390960016	[0.0008666395359807384, 0.0008641050948154989, 2.209377751280707, 0.6114680538173658, 2.835821025282014]	[0.0010434134767910368, 0.0010437079305682614, 1.3133074422411226, 0.17376996021032423, 0.7860639339590768]
3295465306	[0.0003857552208126577, 0.00038314528654797056, 2.693520248217726, 0.7045771403995922, 5.611018895952623]	[0.0007236514685596584, 0.0007229133133611481, 4.744198351618808, 0.032344559396031126, 4.727741677992342]
4405807395	[0.0002587211952854712, 0.00025640008893960205, 3.014869996798774, 0.6767616608470899, 4.0915791323448465]	[0.0006351951962199508, 0.0006347192066876521, 1.9950748883195009, 0.11060936628335524, 2.057920486635683]
786189623944843264	[-2.620775667253717e-05, -2.8555624840931756e-05, 0.528516120314557, 0.6421733125538062, 3.7441077305395645]	[0.0008779606421667978, 0.0008773777625482251, 2.5255100073614973, 0.09990771025693201, 1.5596604598325463]
800152580915499010	[-0.00035794636981921783, -0.0003608255319326402, 1.789136778071454, 0.6766566820046318, 4.116086639460327]	[0.0017602432315170183, 0.0017594878592029543, 1.0904270089514438, 0.08225910274653042, 1.8318977207440124]
855091879003738113	[0.00030718743095199056, 0.0003047796730385772, 1.110752584117646, 0.6671659493540666, 5.48220310077832]	[0.0005920287474486077, 0.0005916001234159633, 2.125557497986503, 0.12299991020074537, 5.788212802658688]
878199957500686336	[-0.0004712208735444302, -0.00047408506308230106, 0.9210600051860931, 0.6984896683485055, 4.701407013289134]	[0.0017177901372458586, 0.0017170585311948462, 3.0145381621823666, 0.041380263489969774, 2.9720927066556357]
938384349342429184	[0.0001536060092492848, 0.00015191191723770055, 1.4261126349177737, 0.591902030465914, 3.002606031237474]	[0.00027831401407556444, 0.00027861965859303885, 2.171120650574193, 0.19537466056329877, 1.0473029458927234]
938634317294653440	[0.0004196653846726189, 0.00041806590489464995, 0.1184266608912124, 0.6266871770843917, 3.467689117699597]	[0.00035268832635743585, 0.000352335024143177, 3.7485763586813197, 0.14258522994657505, 1.8442059741182868]
941038685818060800	[0.0005622245621510069, 0.0005599010386275166, 2.0223937632663933, 0.7204590323624931, 5.662783741149946]	[0.00035262697092454983, 0.0003517164064312559, 1.6785845440128682, 0.05635071782587264, 5.210070160224743]
952266549062139904	[-0.00030306243620769225, -0.00030481737530760496, -0.6976689091852009, 0.7412031528666441, 3.4352296155894897]	[0.0008104729995361233, 0.0008099115655862426, 4.128070910774737, 0.10158064661434647, 1.1679135082005607]
952266549062139905	[0.0002171161520896988, 0.0002149535544783578, -1.4084245046743593, 0.7407400643803058, 3.6696421234542336]	[0.0006686114101347426, 0.0006679597309421925, 6.065364035725352, 0.08208714254999779, 1.7471043111653817]
974798197531930624	[0.0010886295351289943, 0.0010864239762033872, 2.238259584656647, 0.6387300475241696, 3.6926168500525605]	[0.0010742453410371821, 0.001074876605455083, 1.6339736921139987, 0.12601710249503498, 1.5687738171632868]
975175578365190144	[-0.00019379017349193019, -0.00019538377061564772, 1.89344683979653, 0.594686300094293, 2.7482233121341877]	[0.0007368422276623806, 0.0007367142994583516, 1.4221084391830523, 0.21597673865840622, 0.7885097250246396]
