878199957500686336	[-0.00018912503931838517, 1.2033449170530006e-09, -0.0002597469267902527, 0.6984896683485055, 4.701407013289134]	[0.00022046706268546342, 5.468425172975103e-09, 0.00026732378583655054, 0.041380263489969774, 2.9720927066556357]
938384349342429184	[-0.00012480809804409854, 7.553361265554133e-10, -0.00010942769829353253, 0.591902030465914, 3.002606031237474]	[8.19011408081763e-05, 5.121792245625465e-09, 0.0002359407898049845, 0.19537466056329877, 1.0473029458927234]
938634317294653440	[-3.533327760404568e-05, -6.197706803622483e-10, -3.0099118379971232e-05, 0.6266871770843917, 3.467689117699597]	[5.2509334330974575e-05, 2.8543444982428906e-09, 9.315981081292436e-05, 0.14258522994657505, 1.8442059741182868]
941038685818060800	[-4.0451090806631816e-05, 4.3450593725050435e-09, -2.998505897467184e-05, 0.7204590323624931, 5.662783741149946]	[5.863188028692045e-05, 3.5711284082385842e-09, 0.00011841809172039603, 0.05635071782587264, 5.210070160224743]
952266549062139904	[-0.00012926066439409293, 4.751785014038855e-10, -0.00017124754895603278, 0.7412031528666441, 3.4352296155894897]	[0.00010840557326010028, 5.277766772148881e-09, 0.0001333382937824945, 0.10158064661434647, 1.1679135082005607]
952266549062139905	[-7.267154146816129e-05, 1.266169742025972e-09, -8.303744716510655e-05, 0.7407400643803058, 3.6696421234542336]	[8.47862417025449e-05, 4.565495463080859e-09, 0.0001307853841578753, 0.08208714254999779, 1.7471043111653817]
974798197531930624	[-4.4547637890360974e-05, -7.730071607949732e-10, -6.411571453934984e-05, 0.6387300475241696, 3.6926168500525605]	[9.661903517555735e-05, 3.6092838520841942e-09, 0.00016189592444140673, 0.12601710249503498, 1.5687738171632868]
975175578365190144	[-0.00013478385942029212, 2.1955060707484726e-10, -0.00017649898530274253, 0.594686300094293, 2.7482233121341877]	[0.0001000287725646859, 6.549376416191845e-09, 0.00012772286700202238, 0.21597673865840622, 0.7885097250246396]
1212271430257147904	[-0.0001206467572420728, -5.841980760274794e-10, -0.00010971566917710506, 0.6163787996685521, 2.6869027966234773]	[8.150251339448984e-05, 5.155642117821822e-09, 0.00022814247404956357, 0.14730712340813562, 0.6869364842221338]
1217558606842859522	[-5.738893566906442e-05, -6.840240565671392e-10, -7.455732806437822e-05, 0.6928923687918833, 4.381124560025922]	[8.473571131553009e-05, 5.92279474708056e-09, 0.00012569982917661824, 0.04803214404284469, 2.312699932308084]
1219459547124858888	[-4.1527205964577706e-05, -4.1663406395761005e-10, -3.097427030510088e-05, 0.7138231626199438, 4.028823335858396]	[5.9140000942506896e-05, 3.6783974689736117e-09, 0.00011920719728110074, 0.05863519952418097, 1.9347573556446618]
1221958979573764096	[-0.00013479272585921706, 1.1806899743455793e-09, -7.710623146500102e-05, 0.641031922998893, 3.454081629394205]	[9.975695366463806e-05, 4.399479794095271e-09, 0.000351295670653359, 0.14049257609008023, 1.312216312088192]
1241224210107658240	[-3.764956072636633e-05, -1.176304381512534e-09, -4.1105819167308896e-05, 0.6379132219403818, 3.4071510659691784]	[5.5557112093398e-05, 2.3108602976481883e-09, 0.00010873153796719134, 0.0988353602430652, 1.4567866501191566]
1253322173403394049	[-0.00018615179343945627, -8.471395891966227e-09, -0.0002494890025629278, 0.6838379408590453, 3.7585231415882427]	[0.00022090483466841347, 1.374924543946831e-08, 0.0002685518904444635, 0.07414994901756253, 1.3904200022862483]
1257959303945900032	[-3.544039306144911e-05, 1.0681047206061522e-09, -2.8538418659801417e-05, 0.6402783944092154, 3.3132094231113163]	[5.286605857323665e-05, 3.3878800225184727e-09, 9.42497157124813e-05, 0.09234138533253881, 1.164354701361077]
1264179482648248320	[-0.0001068812384891329, 1.2344560136629494e-09, -0.00015353332632124853, 0.6190373855283505, 3.2711577560359144]	[0.0001054847319003572, 2.9602671067724396e-09, 0.00012749308486454823, 0.17189158979291255, 1.1494473971975465]
1265631236028084224	[-0.00018548198917977274, 2.8876202934672004e-10, -0.0002666276541900686, 0.6969078138789282, 4.708845094503214]	[0.00022102919101999006, 4.910335817077068e-09, 0.000267775369030889, 0.04202356800452739, 2.9748589920854256]
1267281706245128192	[-0.00019299851147547338, 5.41408743885528e-10, -0.00026163439013868585, 0.6281019812928663, 3.079850157299143]	[0.00016053266156111512, 2.311608771388982e-09, 0.00020386227944394416, 0.14595086411687816, 0.840246178671226]
1286433502037245955	[-0.00010008999498578095, 1.4554145682018842e-09, -0.00014059564189605032, 0.6184758167437507, 3.8027660627241997]	[9.785874681093091e-05, 5.609160826496108e-09, 0.00012006433740595788, 0.20071287298426305, 1.6390836929638481]
1295170777776619520	[-0.00013295196907272085, 1.2997865844138727e-09, -0.0001772364733801538, 0.6771157815217813, 3.871723597708205]	[9.91153541003118e-05, 5.962935685814554e-09, 0.0001237595166428851, 0.07857399721825235, 2.0450444313619975]
1296175329556406273	[-0.00010021904085530621, 1.698878160716044e-09, -0.00012629344680669416, 0.7019669413576681, 4.649344612122949]	[0.00012151835454643042, 5.491145030574589e-09, 0.0001759778890106312, 0.0361035266839402, 2.816507387723665]
1303185624317321216	[-2.1145698291147133e-05, -1.3466119889586898e-10, -4.9952107838560244e-05, 0.606567587943794, 4.243734273020854]	[5.246603996533559e-05, 6.49445499981773e-09, 8.926457007440605e-05, 0.21836066043307065, 2.1805631642169208]
1304838924188123136	[-0.0001106199499027008, 9.987993243303999e-10, -0.00014896641459947777, 0.5960776203244024, 3.1364300612180163]	[0.00011508787465051825, 6.112087778149792e-09, 0.00014039515367054667, 0.2248107621874546, 1.0725350475254638]
1307008631771148288	[-0.0001364793202013044, -2.625972165397994e-09, -0.0001358582442740673, 0.6984312817406648, 5.628073864085633]	[9.91392104767599e-05, 5.410088847178868e-09, 0.00021082694475144838, 0.031748375763925606, 4.635406326255486]
1308151079222345728	[-0.0001310515875271538, -1.1121520754334955e-09, -0.00015463284860614502, 0.6224654356128868, 3.214290258715311]	[0.00010027792044965449, 4.467848713510546e-09, 0.00016173128095742112, 0.16644083579038596, 1.276484978764588]
1314857412956839937	[-0.00011707292152152754, 3.4220555344479055e-09, -0.00015815134786130715, 0.5984216057212592, 3.3785628701749153]	[0.00011651260263385619, 7.874546554951956e-09, 0.00013868644507898686, 0.21830615799544015, 0.9725240706273309]
1334963880641114113	[-4.03735166640216e-05, -2.6803063231599484e-10, -2.8952240518344106e-05, 0.6366662049532504, 3.38966091474365]	[5.8649447704989123e-05, 3.598524600760933e-09, 0.00011653906988768783, 0.16368656232067802, 1.1699594803028466]
1343933675725996033	[-6.876058030057608e-05, -2.335582763443936e-09, -8.26313397453433e-05, 0.6488199464217329, 3.6130358949383417]	[8.193419853277071e-05, 6.1018352387210915e-09, 0.00013146550344307617, 0.12618526252388326, 1.3869163464766883]
1347248904895672323	[-6.931988254618268e-05, 3.5787304441037955e-10, -3.871623685261604e-05, 0.6967063957676731, 5.0268681717919375]	[8.146039192967793e-05, 4.877067983062342e-09, 0.00018802529475033647, 0.04643978779676189, 3.6936817603160224]
1348724621034483712	[-4.551178955555486e-05, 4.561594602658095e-11, -3.566864727723602e-05, 0.6545836525639369, 3.203892879319758]	[6.478937092016305e-05, 5.270921546101911e-09, 0.00011963764946405002, 0.11692381273880768, 1.1236056310925]
1357459209537937408	[-4.084725159690724e-05, -1.3397901693149037e-09, -3.277464050784456e-05, 0.6950288667774098, 4.382525426503823]	[5.824290888730001e-05, 3.2519924426152355e-09, 0.00011411551846278234, 0.05670387781347037, 2.162349428840926]
1360507235936456704	[-4.0785131464754566e-05, -8.95199554216847e-09, -3.079154489070866e-05, 0.6234938612996024, 3.965989906437384]	[5.838689516966839e-05, 1.1547532377669857e-08, 0.00011804678283569121, 0.19960525508682414, 1.7144250371692533]
1381436262633111552	[-0.00011092467093694166, 5.330139634248452e-10, -1.651687213971446e-05, 0.6136011802110716, 2.968300779803777]	[0.00011496046343313532, 2.528052467500343e-09, 0.00043551582950022646, 0.2166325924103258, 1.2893600005785737]
1390960631759523840	[-0.00013296361583464318, -6.632729531726637e-09, -0.00015284372953618445, 0.6722424607511298, 3.283893074809715]	[9.875704915137979e-05, 1.1306460625676987e-08, 0.00016662745975077448, 0.07685463431016495, 1.1500903372459297]
1394901053825556480	[-5.666105699424146e-05, -1.1551868194957126e-09, -9.876081901376361e-05, 0.5942088934396218, 3.000961811677818]	[0.00017960485284960277, 4.7866316283921566e-09, 0.0002014891637171245, 0.2333197216622384, 0.9079916364877583]
1405935500242915328	[-9.113809863671716e-05, 1.3221095168581365e-09, -6.150507989678002e-05, 0.6632413232048062, 4.327911217493495]	[7.30677888280799e-05, 5.950647116012983e-09, 0.00019888274123492272, 0.11696732989617463, 2.421680333645132]
1406907752065110016	[-0.00021738482453740053, 4.5982488891498614e-10, -0.0002812140522187002, 0.6552717723134179, 3.1475233228661024]	[0.0001963080086018169, 2.49072829123829e-09, 0.0002327907737596601, 0.09939496356786501, 1.0278153974495614]
1419740808757055491	[-4.158251743977939e-05, -1.1390198419484345e-09, -5.881415073799137e-05, 0.6823433665158987, 4.103325498572768]	[5.9043694981151794e-05, 3.2159082547963346e-09, 9.797551031575631e-05, 0.08280607467312553, 1.7837956098783367]
1424640593938944005	[-0.00011559377756235222, -3.012226288401668e-09, -0.00015656493749548585, 0.6479130122621544, 3.7859900986022788]	[0.00011644286224502388, 6.54296869670463e-09, 0.00013771857756178545, 0.18029674907922244, 1.872124465588256]
1425454693275168775	[-0.00013713123326603225, -3.1769348370528326e-09, -0.00017853456168196743, 0.657302921095722, 4.2437961799327235]	[0.00010381237789819916, 5.361920190816364e-09, 0.0001308723987291652, 0.11160542601570031, 2.1825549080473503]
1432363068969734144	[-1.9143026800508145e-05, 7.072837642812197e-10, -1.1106576839597222e-05, 0.6764096591463195, 5.149538564893938]	[5.631194430926002e-05, 4.7556104555743805e-09, 0.00010496453569212128, 0.05779763092923665, 3.8056438730533015]
1010300612129509376	[-4.4941212762515914e-05, 1.688764858391122e-10, -6.0945273970023006e-06, 0.6624293471157117, 3.145235696194884]	[6.426438620870914e-05, 5.06934600241322e-09, 0.0001806216127731501, 0.118654381269843, 1.1364416427534347]
1449841497298382850	[-3.439009527545016e-05, 1.0387558558089108e-08, -2.158365716199221e-05, 0.5864424854044635, 3.133783511464889]	[6.633634228011838e-05, 5.9930394093993555e-09, 0.00012162563231174528, 0.21882898561120917, 0.9732497063166053]
1103457912335331328	[-6.961887814398218e-05, 1.9629445483138375e-08, -9.806913331909331e-05, 0.6458863800962388, 4.81195649984699]	[8.157178664022714e-05, 1.3994531094999683e-08, 9.82961314206891e-05, 0.1636751819219168, 3.824721390113948]
1461358161453928448	[-0.00012205744210235876, -3.480895038127167e-09, -0.00016803493550388468, 0.6466888092396638, 4.7063681176613965]	[0.00010804821392684569, 7.237933060265555e-09, 0.00012755823131648227, 0.16013559166013472, 3.8189010260693186]
1470403383471263745	[-4.289906449055288e-05, 2.180736673542199e-08, -3.378424045082003e-05, 0.5987185990423215, 4.31553477488276]	[6.368516875550563e-05, 3.696423697733562e-08, 0.0001267121785776959, 0.20757613426955476, 2.2899047279987825]
1470797296921034752	[-6.925140412663243e-05, -4.217685533238844e-10, -8.129850511855979e-05, 0.663161092476693, 3.877783571233327]	[8.139145806354866e-05, 3.84426158854637e-09, 0.00013007725070143447, 0.12103998637720861, 1.5838091258362106]
1471505856378273792	[-0.00012213665583991394, -6.848279702703488e-11, -0.00017044379438693337, 0.6347951045003282, 3.2099832965336392]	[0.00010748628198268581, 3.4533814310330806e-09, 0.0001329365612878409, 0.17487563015284038, 1.1030982487179803]
1476984898477260800	[-0.00018571954548617282, -1.0675599804539492e-08, -0.00025381605658022084, 0.6911825454349483, 3.8082044668436676]	[0.0002208683455695432, 1.4163227303503742e-08, 0.00026037591541748934, 0.05313023298132062, 1.5110600309213698]
1509439556860456960	[-6.851715400059614e-05, -1.952261705960466e-10, -9.95103057453706e-05, 0.6392021682433632, 4.5551967712021915]	[8.082658689980975e-05, 3.768112235881361e-09, 0.0001481565417135728, 0.17891064478228008, 2.6832701555878975]
1512708407329198084	[-7.57719797701631e-05, 6.657499250283778e-10, -0.00011378960848866309, 0.6174172986371388, 3.1799746347156446]	[0.00012052260621837243, 2.6020571919644213e-09, 0.00014858111169907662, 0.16401974949836623, 0.8319773700428833]
1513648688417193984	[-9.49366402715289e-05, -1.0657522679564651e-09, -0.00013298864396325296, 0.6584848547856529, 2.7469348586926925]	[7.510207011067845e-05, 2.8989842401498327e-09, 8.712265762923839e-05, 0.1213304467498173, 0.7001263073124973]
1518068230341881856	[-9.892659863145968e-05, 2.9321743079881774e-09, -0.0001216630109572878, 0.6314513220443063, 3.642931091434223]	[0.00012181251741098665, 4.311628887553602e-09, 0.00018381134786260312, 0.14580145772847286, 1.297541698315242]
1524084713178431488	[-8.728239169612895e-05, 1.2055354673390872e-09, -9.981089024025953e-05, 0.6406784958464685, 3.451775067904007]	[7.099722070922834e-05, 5.938609899813741e-09, 0.00012429796023827758, 0.14553769171035277, 1.277923324165879]
1524540516561559552	[-0.00013193097041312883, -6.869399779569414e-10, -0.00017765558723148203, 0.646685827231044, 3.1427561829671995]	[9.918792543033695e-05, 3.6628891926294383e-09, 0.00011963190951662999, 0.13021426960634566, 1.0705842832919776]
1526108537293680640	[-5.573935297810499e-05, 1.253024948536648e-10, -4.880935199606946e-05, 0.7172421000798127, 3.4267248035989213]	[6.295576134673916e-05, 5.096471027390927e-09, 0.00013012735103340206, 0.08701633564426954, 1.2260759060731323]
1530832682095190018	[-6.914254508253114e-05, 3.631063437544613e-09, -8.058912983361658e-05, 0.6807484123652043, 4.0184664311063285]	[8.136962695821241e-05, 4.67793594819821e-09, 0.00013541090179211186, 0.08895103095444688, 1.847717612648945]
1534104823527661696	[-0.00011633308533384207, 9.498270509941647e-10, -8.19374830049726e-05, 0.7302252666905118, 3.4978720567761536]	[0.00011608868181457115, 4.7739244501529905e-09, 0.0002894076223765252, 0.08475915846427103, 1.2603686294531116]
1535843539778564096	[-0.00011222550937235487, -2.0107040855152634e-08, -0.00015490974062647777, 0.6845864279825504, 3.439294607747592]	[0.00011539506040343844, 1.6075416135487738e-08, 0.00013891121849431452, 0.06512216580999355, 1.202322935454118]
1536055318542794752	[-9.349686304491514e-05, -8.713342373039001e-10, -7.402438746995641e-05, 0.6829436119079637, 4.342654513450022]	[7.285931476710367e-05, 5.4946046538592544e-09, 0.0001881347833040993, 0.07658851578965332, 2.545103408613452]
1541974408058773504	[-0.00010159259474126336, -1.1283297586517185e-09, -8.26374112526949e-06, 0.6080692835275433, 3.0144462745921294]	[9.778431376394874e-05, 4.731168464244751e-09, 0.0004275068923633564, 0.20695158096478244, 0.9125656072556548]
1541974408058773512	[-0.00011155609939787363, 1.1829022689331513e-08, -0.00014921680799792503, 0.6518280632066051, 3.5936109132764096]	[0.00011592519458256879, 1.3412931045076854e-08, 0.00014122957032155177, 0.13393491296539625, 1.1904207810339749]
1545674949968420864	[-9.136811315649246e-05, 2.353905692409607e-09, -0.000103632356884813, 0.6668159880663412, 5.519009924698243]	[7.293618258878096e-05, 5.536380687404013e-09, 0.0001347941939699108, 0.09833129588648482, 4.8303242550884]
1551000216085618690	[-0.00010873495985436704, -2.912900433689188e-09, -7.533769617392614e-05, 0.6163802184921583, 2.8182557634681222]	[0.00011144147860068102, 6.4107653437036426e-09, 0.0002857571317794716, 0.1872582536755036, 0.8586436673197644]
1552006530374852608	[-6.080590169902026e-05, -8.146012175115059e-10, -5.6136062905126e-05, 0.6559265574169992, 4.25262224664943]	[5.423092722419641e-05, 7.230700070657091e-09, 0.00012339680533802672, 0.11018307737030088, 2.40980429889589]
1557748313948147712	[-1.6299815947636772e-05, -2.91894791352722e-09, -7.878067793686801e-05, 0.6588538457209285, 3.451301714056337]	[4.74900807206653e-05, 4.76938022680775e-09, 0.00011186163285228527, 0.1406697245344735, 1.262729578804391]
1558953336916922368	[-0.00012450590264745368, -1.8565149586113995e-09, -0.00016694013522828462, 0.5846927000714919, 2.880989918589711]	[8.047615595686889e-05, 5.188882280072464e-09, 0.00010326177802743007, 0.23553177794685468, 1.5817826351338014]
1559593258086305792	[-9.368727317067275e-05, -2.7755389190103428e-09, -0.00010617801085199911, 0.6135704090316934, 3.325405735430664]	[7.282519033895497e-05, 5.534782792954127e-09, 0.00013153754322229902, 0.23380538090091618, 2.1758723904494714]
1559849276699729923	[-0.00018609848063486323, 6.57381634272304e-10, -0.00025075252132825354, 0.6990404609971002, 4.730231642984223]	[0.00022086554486972805, 4.546515400727588e-09, 0.0002698928132947721, 0.041830285802126235, 2.9686371616223806]
1560479529881063424	[-0.0002173443456889042, -1.365937705207005e-10, -0.0002864273241229351, 0.7070298167256256, 4.602376528819745]	[0.000196337724615871, 3.907029800658396e-09, 0.00024112637209025122, 0.023626670603550913, 3.1318470209189675]
1562198318276431876	[-0.00011208662948949898, -1.6085147762803167e-09, -0.00014888828177434552, 0.6750379531427186, 3.450372273627109]	[0.00011560325738345949, 8.22194557497422e-09, 0.0001402416839195862, 0.08944481922477121, 1.313147824942438]
1563911121681137669	[-3.735310160244586e-05, 1.5865687675244653e-09, -4.431793887538213e-05, 0.6160650373163482, 2.5320288219054135]	[6.332967773298848e-05, 4.074943925258675e-09, 0.00010205515324115711, 0.18570690478461607, 0.872176692518174]
1567761967015772161	[-0.00014069533020183412, 3.1878446649269546e-09, -0.00017789917802961674, 0.6644460617415601, 3.14408727043181]	[0.00010432979791839416, 5.31818301197568e-09, 0.000137932633929163, 0.06865134933395027, 1.1289316975762336]
1567948218499239936	[-0.00013160964070413003, 2.2843196930933274e-07, -0.00012031535327174808, 0.6497928258976443, 3.8899855291612693]	[9.961921871659424e-05, 3.342460704110487e-07, 0.0002381329721617965, 0.14416729164189102, 2.2372139047893675]
1573022912000319488	[-8.912684940669434e-05, -4.4952931254778507e-10, -6.218625489510782e-05, 0.6458940396113337, 4.307103603457049]	[6.969985387838721e-05, 3.4227101729186317e-09, 0.0001893400403139156, 0.09439782300710946, 2.53019103776445]
1573532345772146688	[-6.910700167127532e-05, 3.837351389504023e-09, -8.042951582420305e-05, 0.6746173333864341, 3.901924864677309]	[8.138097603100828e-05, 4.988206399754318e-09, 0.00013488492045973804, 0.09599124560097581, 1.6720171792709557]
1573696002644664322	[-0.00010061661903955626, -6.217153720067074e-10, -0.00011538792923060506, 0.5992465261893315, 2.8583010422293564]	[9.794327588021289e-05, 7.776491377698459e-09, 0.00015794553951621986, 0.17560293408214103, 0.6791448594022867]
1576130850844184576	[-8.696778033661168e-05, -1.3226895675997314e-09, -9.463397613510459e-05, 0.6210174814786744, 3.3761712585745474]	[0.00011746857781920033, 4.648943582790444e-09, 0.00022678772839331482, 0.1793972524057799, 1.0147032116808443]
1577959393940881408	[-3.819726874059937e-05, 4.110202661124749e-10, -4.8309637045511484e-05, 0.7145771855399882, 1.6035352108085499]	[5.220983405676322e-05, 3.9524592837428425e-09, 8.559452510594962e-05, 0.13798368116208531, 0.5916244751528569]
1581248279123197953	[-0.00018615175269455982, -8.471395891966227e-09, -0.0002494890497778545, 0.6829761932592472, 3.7336395556180686]	[0.00022090480213817455, 1.374924543946831e-08, 0.0002685519282814249, 0.07560578385524946, 1.3609631743114003]
1582074009470267392	[-0.00012853490950456018, 1.780711059385333e-08, -0.00016361885699664832, 0.6648582305102346, 4.169074866745922]	[9.527250312770204e-05, 2.1484995597083598e-08, 0.00012635078376001146, 0.09175511073648361, 2.9799855385978926]
1585801883985317889	[-7.697803372598298e-05, 1.3920478984265421e-09, -8.399388554706423e-05, 0.6315196220544096, 4.1128354803164955]	[7.277630039949365e-05, 4.72924084126418e-09, 0.0001445718729777276, 0.15846323834851037, 2.0932634468295204]
1586612104127451136	[-4.39269185388878e-05, 2.025920107127961e-09, -3.5215589574744664e-05, 0.7099552688987784, 4.92578214670896]	[6.456772302735681e-05, 5.411745138970851e-09, 0.00011829641068926819, 0.03413696022941746, 3.3120537852048244]
1597126178804039682	[2.4815528016889667e-06, -2.8070746454433194e-09, -1.1657942547021367e-05, 0.684006401018573, 4.610838471769282]	[2.5775064827950936e-06, 4.573796802034625e-09, 3.133145914310029e-05, 0.07093610839442643, 2.615703570821575]
1599013198501388288	[-0.00011761580008556047, -3.0167027414120357e-09, -0.00016371327362648942, 0.6513383492285629, 5.254435253983426]	[0.0001043873866518355, 6.63602186948091e-09, 0.00012411929787802897, 0.1417393250573739, 5.537895661548073]
1603172736351670272	[-0.00011306636406674029, 2.1760290260223204e-10, -0.00015568145273089153, 0.6210302595161161, 3.219767606568839]	[0.00011869320406419554, 2.734064366360512e-09, 0.0001409825692939385, 0.22944823557868785, 1.0733298300969043]
1604350270472916993	[-0.00010029397475171307, -5.967733379359611e-09, -0.00011188318998685058, 0.6531862281378641, 3.632256236365076]	[0.00012183700015564994, 9.014181231467087e-09, 0.00020876736544036019, 0.1226158097782588, 1.512246127701171]
1705999885	[-6.282399843747757e-05, -1.3971707034812882e-10, -6.112818283191793e-05, 0.6295693347476546, 3.2586769264422353]	[0.00012136759096143875, 4.34970483435461e-09, 0.0002293659210614191, 0.15440973178531342, 1.0103062709371844]
175625853	[-6.097092440052602e-05, -1.0152807754773859e-11, -5.660744342426602e-05, 0.6531214264838255, 4.0385734018148085]	[5.4142739421124337e-05, 6.665828727677496e-09, 0.0001237302676866818, 0.10985451648061863, 2.1467668450152138]
1176972315537694720	[-4.47925022962585e-05, 1.5338299135602442e-09, -4.209576246919508e-05, 0.6849113971290313, 4.377795782012447]	[6.508987481750813e-05, 4.555647380450217e-09, 0.0001249074309412338, 0.07811986301586421, 2.329141398516769]
285050738	[-0.00013168860355540076, 5.935903076899988e-09, -0.00017777712776192523, 0.6530462194408729, 4.4585971497620305]	[9.916688028187646e-05, 4.716866068214253e-09, 0.00011937093160158884, 0.13153562197723456, 2.678276489966994]
3022955977	[-0.00011232087459586178, -8.365550065766918e-09, -0.0001546401369692297, 0.6497771560756289, 2.782099945059514]	[0.00011535068295944204, 1.3738936852286632e-08, 0.00013966005668554845, 0.12393709286124033, 0.5538948607824052]
3141533716	[-1.3565934400768689e-05, 3.8025282737342915e-10, -4.054498205628438e-05, 0.6116193781257389, 4.45317842590545]	[4.8351339909435165e-05, 5.1564123990815705e-09, 8.530570616140758e-05, 0.179452091695541, 2.5790802919432574]
3295465306	[-6.0881480824698865e-05, -3.757525323636317e-10, -3.024130408409307e-05, 0.7045771403995922, 5.611018895952623]	[8.827859616479289e-05, 6.6820196717000605e-09, 0.00018770568581881415, 0.032344559396031126, 4.727741677992342]
390960016	[-7.594655459607626e-05, -1.1079955790625542e-09, -7.703147513502661e-05, 0.6114680538173658, 2.835821025282014]	[0.00012046836130875971, 4.744218125584324e-09, 0.00022355380360730075, 0.17376996021032423, 0.7860639339590768]
4405807395	[-7.19075775326069e-05, -1.0110467809679277e-08, -8.323931595519404e-05, 0.6767616608470899, 4.0915791323448465]	[8.406008519967546e-05, 1.4741743987605357e-08, 0.0001349215482378993, 0.11060936628335524, 2.057920486635683]
1184331211721736192	[-0.00022188382411670438, 2.1000633945124074e-09, -0.000287216862062129, 0.6791746035885968, 3.7720890286918225]	[0.0001942775889102964, 4.707086818871172e-09, 0.00023040268595607904, 0.06428845301518026, 1.6898110879966493]
786189623944843264	[-0.00011546937464151508, -5.402001909258332e-09, -0.00015287075952015125, 0.642173312553806, 3.7441077305395645]	[0.00011629780546517066, 1.0684994037561341e-08, 0.00014132210961533134, 0.09990771025693203, 1.5596604598325463]
800152580915499010	[-0.00018552791319102567, 2.8876202934672004e-10, -0.00026485513597297944, 0.6766566820046318, 4.116086639460327]	[0.00022111169788742075, 4.910335817077068e-09, 0.00026632078205341255, 0.08225910274653042, 1.8318977207440124]
855091879003738113	[-6.968220945857962e-05, 1.7230158705111737e-08, -9.986564000395163e-05, 0.6671659493540667, 5.48220310077832]	[8.15338011212203e-05, 8.72476276920556e-09, 9.674189809676863e-05, 0.12299991020074538, 5.788212802658688]
