1103457912335331328	[0.08817982529671842, 0.08317515911985338, 0.2567344126368172, 0.6458863800962388, 4.81195649984699]	[0.07292194478844732, 0.06829752627458557, 0.09735077355883874, 0.1636751819219168, 3.824721390113948]
1176972315537694720	[0.11860424652341348, 0.11340301164074118, 0.21030929210438992, 0.6849113971290313, 4.377795782012447]	[0.05816294239944669, 0.05578942319059942, 0.11663852528640746, 0.07811986301586421, 2.329141398516769]
1184331211721736192	[0.05688179508291658, 0.05677194794552638, 0.13643987454536755, 0.6791746035885968, 3.7720890286918225]	[0.09242564781434177, 0.09332153127562443, 0.1613967121097596, 0.06428845301518026, 1.6898110879966493]
1010300612129509376	[0.1026355625504785, 0.09672144727956088, 0.19513115225804922, 0.6624293471157116, 3.145235696194884]	[0.06601781263871709, 0.06180611264376961, 0.10282495146211336, 0.118654381269843, 1.1364416427534347]
1212271430257147904	[0.12531203128927149, 0.12359952538795504, 0.17631834999999982, 0.6163787996685521, 2.6869027966234773]	[0.06874420972848677, 0.06819954614490059, 0.09787155030949671, 0.14730712340813562, 0.6869364842221338]
1217558606842859522	[0.135680395145748, 0.1267657676832194, 0.17369568633747945, 0.6928923687918833, 4.381124560025922]	[0.06318714165448806, 0.058227404481991527, 0.14682210882514998, 0.04803214404284469, 2.312699932308084]
1219459547124858888	[0.1311840390784696, 0.12574155411583873, 0.18679223845035023, 0.7138231626199438, 4.028823335858396]	[0.05748385216122029, 0.055366554401155545, 0.11802698277513474, 0.05863519952418097, 1.9347573556446618]
1221958979573764096	[0.09292113610465745, 0.09195637901369096, 0.14481077699777328, 0.641031922998893, 3.454081629394205]	[0.03771589175694579, 0.03733915145430542, 0.11142751188163848, 0.14049257609008023, 1.3122163120881918]
1241224210107658240	[0.11506632691729085, 0.11255681254604379, 0.22626051447994278, 0.6379132219403818, 3.4071510659691784]	[0.05838375711230824, 0.05709229632503547, 0.06982213782581183, 0.09883536024306518, 1.4567866501191566]
1253322173403394049	[0.08057928206481575, 0.07205349636292176, 0.13715546097908204, 0.6838379408590453, 3.7585231415882427]	[0.12473523499619132, 0.11950024898303557, 0.19396621855544258, 0.07414994901756253, 1.3904200022862483]
1257959303945900032	[0.11274476958902002, 0.110522639022619, 0.2429900455307844, 0.6402783944092154, 3.3132094231113163]	[0.056601743823683624, 0.05561183649423355, 0.056257352319372116, 0.09234138533253881, 1.164354701361077]
1264179482648248320	[0.1734422226263251, 0.17172972483335305, 0.17974023674740058, 0.6190373855283505, 3.2711577560359144]	[0.08924781145648313, 0.08968383608620184, 0.10492238279098423, 0.17189158979291255, 1.1494473971975465]
1265631236028084224	[0.10897774497887662, 0.10024997225985263, 0.15178108333539883, 0.6969078138789282, 4.708845094503214]	[0.11863033251522936, 0.1149023224410634, 0.1974071103696471, 0.04202356800452739, 2.9748589920854256]
1267281706245128192	[0.13259251001345992, 0.13055442496237282, 0.11856234671490375, 0.6281019812928663, 3.079850157299143]	[0.050742360626761455, 0.05076781683190674, 0.16531049995847583, 0.14595086411687816, 0.840246178671226]
1286433502037245955	[0.14381184294327767, 0.13809802114906466, 0.17720555314681996, 0.6184758167437507, 3.8027660627241997]	[0.0628578395600973, 0.06173428823944997, 0.14468384073021717, 0.20071287298426305, 1.6390836929638481]
1295170777776619520	[0.07635160475667269, 0.07517123712489324, 0.21712695220534772, 0.6771157815217813, 3.871723597708205]	[0.054902287470787445, 0.05466427697718384, 0.11085862333152918, 0.07857399721825235, 2.0450444313619975]
1303185624317321216	[0.11752888826624201, 0.1065585584803235, 0.25379641000161046, 0.606567587943794, 4.243734273020854]	[0.07169105972703194, 0.06314862633409474, 0.12215113323838278, 0.21836066043307065, 2.1805631642169208]
1296175329556406273	[0.1260434397397061, 0.11764125446330315, 0.18983880174669848, 0.7019669413576681, 4.649344612122949]	[0.06131625765406861, 0.054954005949886565, 0.13285631737543782, 0.0361035266839402, 2.816507387723665]
1304838924188123136	[0.12908183395846187, 0.12378556718353549, 0.17122447431665458, 0.5960776203244024, 3.1364300612180163]	[0.04719445557265637, 0.04251812711983026, 0.14973748848283042, 0.2248107621874546, 1.0725350475254638]
1307008631771148288	[0.09251986099034348, 0.09158184684223764, 0.14349757943295682, 0.6984312817406648, 5.628073864085633]	[0.040118221073846744, 0.03924166714202341, 0.11243921092910172, 0.031748375763925606, 4.635406326255486]
1308151079222345728	[0.14313470508017354, 0.14207205927694513, 0.1634009595995735, 0.6224654356128868, 3.214290258715311]	[0.10372832202397504, 0.10410475586045889, 0.09365247356543038, 0.16644083579038596, 1.276484978764588]
1314857412956839937	[0.10057572881213034, 0.09486922978638244, 0.14765971932141986, 0.5984216057212592, 3.3785628701749153]	[0.052896073780296406, 0.047121821834551235, 0.14822955258354628, 0.21830615799544015, 0.9725240706273309]
1334963880641114113	[0.1442591191389213, 0.13912894955478455, 0.2776636197545282, 0.6366662049532504, 3.38966091474365]	[0.03529790300068569, 0.034512714664860236, 0.0801562838940442, 0.16368656232067802, 1.1699594803028466]
1343933675725996033	[0.1710460430901175, 0.1664823814751987, 0.22077042267691754, 0.6488199464217329, 3.6130358949383417]	[0.08909694022207225, 0.09222239464388378, 0.10578435546570668, 0.12618526252388326, 1.3869163464766883]
1347248904895672323	[0.12221321230297366, 0.11667075902551281, 0.1912525455430908, 0.6967063957676731, 5.0268681717919375]	[0.056962691788516484, 0.054685128953351925, 0.13146409247121016, 0.04643978779676189, 3.6936817603160224]
1348724621034483712	[0.08812307439100737, 0.08234305061318858, 0.24611415632896916, 0.6545836525639369, 3.203892879319758]	[0.06618248421840361, 0.06079405354487108, 0.0684326703086539, 0.11692381273880768, 1.1236056310925]
1357459209537937408	[0.10577160735046126, 0.09977781727333765, 0.19947397386760551, 0.6950288667774098, 4.382525426503823]	[0.06305885364463878, 0.05878332275375682, 0.11702010696486295, 0.05670387781347037, 2.162349428840926]
1360507235936456704	[0.1311507494989423, 0.12570830341705075, 0.2023017964272877, 0.6234938612996024, 3.965989906437384]	[0.05544922039724257, 0.053296897595689244, 0.12662382806415437, 0.19960525508682414, 1.7144250371692533]
1381436262633111552	[0.1217066824329945, 0.11566392229055017, 0.16024490494876367, 0.6136011802110716, 2.968300779803777]	[0.046922241588492515, 0.04271668358408372, 0.1503342715096261, 0.2166325924103258, 1.2893600005785737]
1390960631759523840	[0.07083028650651156, 0.0696792815351192, 0.19977840990989898, 0.6722424607511298, 3.283893074809715]	[0.0616490804550493, 0.061223354075178725, 0.07053401424982042, 0.07685463431016495, 1.1500903372459297]
1394901053825556480	[0.26270878943756604, 0.25665744332229157, 0.2330347402062108, 0.5942088934396218, 3.000961811677818]	[0.2495900553415862, 0.25200488305398644, 0.10952472772116788, 0.2333197216622384, 0.9079916364877583]
1405935500242915328	[0.09180735828779812, 0.09025765292711735, 0.17190254204487299, 0.6632413232048062, 4.327911217493495]	[0.025268264787232757, 0.024723393103407865, 0.10076937615329962, 0.11696732989617463, 2.421680333645132]
1406907752065110016	[0.06907015220495837, 0.06777980751277767, 0.10115245507522255, 0.6552717723134179, 3.1475233228661024]	[0.09823078878167417, 0.09846072327971774, 0.17759198537019968, 0.09939496356786501, 1.0278153974495614]
1419740808757055491	[0.1266818876547727, 0.12124796268554643, 0.24197586961717266, 0.6823433665158987, 4.103325498572768]	[0.05613438865717935, 0.05388105089907822, 0.08870048234526705, 0.08280607467312553, 1.7837956098783367]
1424640593938944005	[0.08600304760295091, 0.08027478882997957, 0.17198250715339597, 0.6479130122621544, 3.7859900986022788]	[0.07323734764186961, 0.06842434086491618, 0.13483168221352554, 0.18029674907922244, 1.872124465588256]
1425454693275168775	[0.14383703540252127, 0.14292280536389823, 0.15024087161905714, 0.657302921095722, 4.2437961799327235]	[0.10418268615902973, 0.10432438367674214, 0.1067473852317735, 0.11160542601570031, 2.1825549080473503]
1449841497298382850	[0.10497294519243434, 0.09704283863190089, 0.13266454012926007, 0.5864424854044635, 3.133783511464889]	[0.07409616867990201, 0.06633307338782958, 0.12778866526720567, 0.21882898561120917, 0.9732497063166055]
1432363068969734144	[0.12704903341932078, 0.11520143213521009, 0.1972104174029539, 0.6764096591463195, 5.149538564893938]	[0.07213762856307807, 0.06286454681281756, 0.1283748906723311, 0.05779763092923665, 3.8056438730533015]
1461358161453928448	[0.08775878858860559, 0.08456721439702511, 0.19905673984279762, 0.6466888092396638, 4.7063681176613965]	[0.07024303164456497, 0.0681060669784303, 0.10656934566813962, 0.16013559166013472, 3.8189010260693186]
1470403383471263745	[0.10776440513640906, 0.10199170885271355, 0.1573306542005996, 0.5987185990423215, 4.31553477488276]	[0.0611690011657338, 0.05605983961301748, 0.13316721223701117, 0.20757613426955476, 2.2899047279987825]
1470797296921034752	[0.12451390200159487, 0.11815358602108385, 0.177820066531447, 0.663161092476693, 3.877783571233327]	[0.060037969523338265, 0.0566982177278553, 0.13869408414886314, 0.12103998637720861, 1.5838091258362106]
1471505856378273792	[0.102658355571836, 0.09898612626681788, 0.1580120460849042, 0.6347951045003282, 3.2099832965336392]	[0.04491425682224924, 0.04265794759864876, 0.17074251234686444, 0.17487563015284038, 1.1030982487179803]
1509439556860456960	[0.13824204572305693, 0.13269103108306005, 0.19555686374795028, 0.6392021682433632, 4.5551967712021915]	[0.06304537172370062, 0.061697852485279855, 0.12945174481537802, 0.17891064478228008, 2.6832701555878975]
1476984898477260800	[0.10646877854051229, 0.09815121639532498, 0.16194440633104204, 0.6911825454349483, 3.8082044668436676]	[0.1150805664446912, 0.11102891898532927, 0.19887183464092226, 0.05313023298132062, 1.5110600309213698]
1512708407329198084	[0.20239494898296645, 0.19365522862018988, 0.22461625039091562, 0.6174172986371388, 3.1799746347156446]	[0.07318959408687402, 0.07631158728593702, 0.0932389020425199, 0.16401974949836623, 0.8319773700428833]
1513648688417193984	[0.13401135723544755, 0.13372279617993085, 0.23725267242210143, 0.6584848547856529, 2.7469348586926925]	[0.11484767708829884, 0.11507589273100284, 0.08734434112812993, 0.1213304467498173, 0.7001263073124973]
1518068230341881856	[0.1966152480950799, 0.1878755307706173, 0.1979702550471013, 0.6314513220443063, 3.642931091434223]	[0.11364647380605043, 0.1156813391477001, 0.1303550432176714, 0.14580145772847286, 1.297541698315242]
1524084713178431488	[0.1589496717165898, 0.15746295019705897, 0.20307243763440352, 0.6406784958464685, 3.451775067904007]	[0.10305782636715816, 0.10331268648200401, 0.10292564237454127, 0.14553769171035277, 1.277923324165879]
1524540516561559552	[0.08459905599424006, 0.08696173272032624, 0.23350830903643072, 0.646685827231044, 3.1427561829671995]	[0.040486477672579686, 0.0409367114408522, 0.09683554697551731, 0.13021426960634566, 1.0705842832919776]
1526108537293680640	[0.10601919061369933, 0.10364469777488719, 0.19117003019263545, 0.7172421000798127, 3.4267248035989213]	[0.054694117090657225, 0.05403375327494593, 0.10985707776964042, 0.08701633564426954, 1.2260759060731323]
1534104823527661696	[0.09930994828914427, 0.09390845694288844, 0.17433400955406544, 0.7302252666905118, 3.4978720567761536]	[0.05086763029523434, 0.04516927278584114, 0.12203014138627181, 0.08475915846427103, 1.2603686294531116]
1530832682095190018	[0.11431596820546801, 0.10931128760270527, 0.25468936192897584, 0.6807484123652043, 4.0184664311063285]	[0.04043483522929221, 0.03517314839787189, 0.08281025856936185, 0.08895103095444688, 1.847717612648945]
1535843539778564096	[0.09335055916735177, 0.08818308463938562, 0.3344560688758304, 0.6845864279825504, 3.439294607747592]	[0.07430334718715807, 0.07042340219985681, 0.08240501971014838, 0.06512216580999355, 1.202322935454118]
1541974408058773504	[0.14740147229314435, 0.1413587147531914, 0.19573700468661187, 0.6080692835275433, 3.0144462745921294]	[0.07417222707119463, 0.07300011160259938, 0.12078831574240347, 0.20695158096478244, 0.9125656072556548]
1536055318542794752	[0.09035777193608814, 0.08967773006957602, 0.1557283834830399, 0.6829436119079637, 4.342654513450022]	[0.050485418691113046, 0.05122980667762597, 0.103093590409722, 0.07658851578965332, 2.545103408613452]
1541974408058773512	[0.160342312311582, 0.15569711543261924, 0.2580621253090451, 0.6518280632066051, 3.5936109132764096]	[0.10067347426118603, 0.10045055676286982, 0.08933634378486267, 0.13393491296539625, 1.1904207810339749]
1545674949968420864	[0.08395416892907562, 0.08315220458542623, 0.15929706599253568, 0.6668159880663412, 5.519009924698243]	[0.03409668182417532, 0.033619081065478895, 0.09770207339947203, 0.09833129588648482, 4.8303242550884]
1551000216085618690	[0.103327984929478, 0.0975911531734453, 0.16270260721163077, 0.6163802184921583, 2.8182557634681222]	[0.08181148168893489, 0.07844731871792358, 0.14780047723199138, 0.1872582536755036, 0.8586436673197644]
1552006530374852608	[0.1546419105219592, 0.15476118773717992, 0.24847338940172564, 0.6559265574169992, 4.25262224664943]	[0.09496578343731164, 0.09726433249814684, 0.05651302827071516, 0.11018307737030088, 2.40980429889589]
1557748313948147712	[0.12640709460676156, 0.11470237832039462, 0.1843232497613319, 0.6588538457209285, 3.451301714056337]	[0.0763202631758012, 0.06778228633029605, 0.12145443692165227, 0.1406697245344735, 1.262729578804391]
1558953336916922368	[0.1262665862902891, 0.1250950162561615, 0.15556544921692295, 0.5846927000714919, 2.880989918589711]	[0.0806861501263783, 0.07997057335647197, 0.10028132569153897, 0.23553177794685468, 1.5817826351338014]
1559593258086305792	[0.10648327383357861, 0.10501504358525439, 0.2674804850072707, 0.6135704090316934, 3.325405735430664]	[0.05878299643364376, 0.057744746701976664, 0.27362362405589596, 0.23380538090091618, 2.1758723904494714]
1559849276699729923	[0.09750500607774527, 0.08908955180412136, 0.16931960277238484, 0.6990404609971002, 4.730231642984223]	[0.11401317260858855, 0.10947040498629362, 0.19195987237771298, 0.041830285802126235, 2.9686371616223806]
1560479529881063424	[0.06868510917473657, 0.06698455933007201, 0.11139720623570548, 0.7070298167256256, 4.602376528819745]	[0.09761206403837093, 0.09795859442966143, 0.184130910509805, 0.023626670603550913, 3.1318470209189675]
1562198318276431876	[0.10296523039485406, 0.0977977930542974, 0.2470163312644098, 0.6750379531427186, 3.450372273627109]	[0.06674010431687744, 0.06300892421967244, 0.09636697311305485, 0.08944481922477121, 1.313147824942438]
1563911121681137669	[0.11312100762911774, 0.10822486353340499, 0.21499124644139572, 0.6160650373163482, 2.5320288219054135]	[0.0410343194667142, 0.03577115812024792, 0.07064429194628476, 0.18570690478461607, 0.872176692518174]
1567761967015772161	[0.08320675549112361, 0.0814520070408191, 0.1119061119440891, 0.6644460617415601, 3.14408727043181]	[0.03610904077558885, 0.035672342985088895, 0.10806925066271247, 0.06865134933395027, 1.1289316975762336]
1567948218499239936	[0.07552604108695696, 0.07412804589941999, 0.2809962075604207, 0.6497928258976443, 3.8899855291612693]	[0.06228389434304743, 0.061864386843358835, 0.12458982652239632, 0.14416729164189102, 2.2372139047893675]
1573022912000319488	[0.08161606771828707, 0.08081410418019809, 0.17729832595680173, 0.6458940396113337, 4.307103603457049]	[0.04787789172914706, 0.04715593211260968, 0.11088358000774554, 0.09439782300710946, 2.53019103776445]
1573532345772146688	[0.11450900360386601, 0.10950432295886184, 0.30366263667550225, 0.6746173333864341, 3.901924864677309]	[0.040436495790470366, 0.03519137711335936, 0.09053568788326521, 0.09599124560097581, 1.6720171792709557]
1573696002644664322	[0.16053804521291506, 0.15448669264659282, 0.22066624805926713, 0.5992465261893315, 2.8583010422293564]	[0.05935574281835251, 0.05909701686451464, 0.10628590232143449, 0.17560293408214103, 0.6791448594022867]
1576130850844184576	[0.22634677862169147, 0.2203040115403628, 0.23824769639475388, 0.6210174814786744, 3.3761712585745474]	[0.17969346182590396, 0.18198533821736454, 0.1148570730066959, 0.1793972524057799, 1.0147032116808443]
1577959393940881408	[0.07679133179682673, 0.07435712782219436, 0.07838182872400018, 0.7145771855399882, 1.6035352108085499]	[0.05142899467623219, 0.049413895142281256, 0.06842836791788348, 0.13798368116208531, 0.5916244751528569]
1581248279123197953	[0.08057928206481577, 0.07205349636292174, 0.13715546097908207, 0.6829761932592472, 3.7336395556180686]	[0.12473523499619134, 0.11950024898303557, 0.19396621855544258, 0.07560578385524946, 1.3609631743114003]
1582074009470267392	[0.08139282375163907, 0.08052901150211149, 0.345913036984772, 0.6648582305102346, 4.169074866745922]	[0.07330245428737263, 0.07299672650810865, 0.052127094787357775, 0.09175511073648361, 2.9799855385978926]
1585801883985317889	[0.1351254389490858, 0.13391326356860508, 0.23760645258029797, 0.6315196220544096, 4.1128354803164955]	[0.08736402009485607, 0.08818426016440856, 0.06430876050809493, 0.15846323834851037, 2.0932634468295204]
1586612104127451136	[0.12121426332092883, 0.11601300135081419, 0.23472365526908276, 0.7099552688987784, 4.92578214670896]	[0.05708509713843736, 0.055021702291794795, 0.11524875537223868, 0.03413696022941746, 3.3120537852048244]
1597126178804039682	[0.1697213392812086, 0.1546210608798482, 0.24311358408950004, 0.684006401018573, 4.610838471769282]	[0.07364731242501338, 0.06523572626413142, 0.1016051878324178, 0.07093610839442643, 2.615703570821575]
1599013198501388288	[0.10034910335662826, 0.09693251483338422, 0.2050723342865653, 0.6513383492285629, 5.254435253983426]	[0.07849478302071441, 0.07698275521550443, 0.10529605107905783, 0.1417393250573739, 5.537895661548073]
1603172736351670272	[0.2766361120995225, 0.270584782481895, 0.22944611615687532, 0.6210302595161161, 3.219767606568839]	[0.41706145813694845, 0.4189478250159864, 0.10557235679861818, 0.22944823557868785, 1.0733298300969043]
1604350270472916993	[0.10869265801984407, 0.10070068327777351, 0.17144975839258556, 0.6531862281378641, 3.632256236365076]	[0.08477322869405324, 0.07858968784983338, 0.15171377041435918, 0.1226158097782588, 1.512246127701171]
1705999885	[0.19553739682377844, 0.18356134321951845, 0.17682639525279126, 0.6295693347476546, 3.2586769264422357]	[0.04506254187834402, 0.04882818258609416, 0.1404856778453648, 0.15440973178531342, 1.0103062709371844]
175625853	[0.15404258089503228, 0.1544562810261578, 0.21869605327545638, 0.6531214264838255, 4.0385734018148085]	[0.09515186860783376, 0.09725093996270288, 0.06204028328137059, 0.10985451648061863, 2.1467668450152138]
285050738	[0.09097541829542456, 0.09013109438118656, 0.18871559918346126, 0.6530462194408729, 4.4585971497620305]	[0.0389948904872364, 0.03866029757329614, 0.10900200997412621, 0.13153562197723456, 2.678276489966994]
3022955977	[0.09442184743170233, 0.08869356392040631, 0.1844612254119949, 0.6497771560756289, 2.782099945059514]	[0.07485489386014883, 0.07068434210369487, 0.13647430169913313, 0.12393709286124033, 0.5538948607824052]
3141533716	[0.17469302032365067, 0.16331716053351517, 0.21404631556169984, 0.6116193781257389, 4.45317842590545]	[0.046702536017670375, 0.04068920754627831, 0.10331214669631801, 0.179452091695541, 2.5790802919432574]
390960016	[0.189636931039714, 0.18089720583093244, 0.21295416082399488, 0.6114680538173658, 2.835821025282014]	[0.05227450875735335, 0.05466143148521093, 0.09742411650422676, 0.17376996021032423, 0.7860639339590768]
3295465306	[0.12519403998989143, 0.11695464837009352, 0.1915958460463385, 0.7045771403995922, 5.611018895952623]	[0.06605071323744396, 0.06107260815762493, 0.12497151755872739, 0.032344559396031126, 4.727741677992342]
4405807395	[0.09420956966798381, 0.08832102074600508, 0.156914545578884, 0.6767616608470899, 4.0915791323448465]	[0.0636794032265941, 0.058457140583992886, 0.15568163336562083, 0.11060936628335524, 2.057920486635683]
786189623944843264	[0.10125090744839807, 0.09628484201521914, 0.19686833033931, 0.6421733125538062, 3.7441077305395645]	[0.052086739597038974, 0.04623649969396322, 0.14328002935805248, 0.09990771025693201, 1.5596604598325463]
800152580915499010	[0.10897748894097875, 0.10024971588538813, 0.1845066722434777, 0.6766566820046318, 4.116086639460327]	[0.11863053578476958, 0.11490252220643953, 0.17197594236235214, 0.08225910274653042, 1.8318977207440124]
855091879003738113	[0.08852404305132609, 0.08351937697083164, 0.24176751863775417, 0.6671659493540666, 5.48220310077832]	[0.0733487516343054, 0.06867821204340734, 0.11853538028528501, 0.12299991020074537, 5.788212802658688]
878199957500686336	[0.09462223606764628, 0.08589446334943918, 0.14773589963617725, 0.6984896683485055, 4.701407013289134]	[0.11471599009492402, 0.11005197674926982, 0.19657259956426165, 0.041380263489969774, 2.9720927066556357]
938384349342429184	[0.11896135272935576, 0.11777950820862812, 0.14147624691825905, 0.591902030465914, 3.002606031237474]	[0.08017741164475033, 0.07956776797168016, 0.11025627580364848, 0.19537466056329877, 1.0473029458927234]
938634317294653440	[0.09521758882320068, 0.0898804469004898, 0.30939708967118346, 0.6266871770843917, 3.467689117699597]	[0.048866594993349395, 0.046915764447091515, 0.0686065762245912, 0.14258522994657505, 1.8442059741182868]
941038685818060800	[0.14051007225897416, 0.13473005402780702, 0.19275780651300228, 0.7204590323624931, 5.662783741149946]	[0.06498384551000316, 0.0635060000525324, 0.12737615153723897, 0.05635071782587264, 5.210070160224743]
952266549062139904	[0.07981984163173281, 0.07717401848462088, 0.14459116440958736, 0.7412031528666441, 3.4352296155894897]	[0.042709071905681996, 0.03917858671747068, 0.12603126601119258, 0.10158064661434647, 1.1679135082005607]
952266549062139905	[0.11295157190000785, 0.10838955184303586, 0.2077990913353382, 0.7407400643803058, 3.6696421234542336]	[0.0604217227143525, 0.05735350003388841, 0.11002497543945879, 0.08208714254999779, 1.7471043111653817]
974798197531930624	[0.19398451005237063, 0.18844206905322564, 0.17961177576364915, 0.6387300475241696, 3.6926168500525605]	[0.06511178598686607, 0.06883815013061786, 0.11390045634489578, 0.12601710249503498, 1.5687738171632868]
975175578365190144	[0.09139648309102583, 0.08968398012557897, 0.12606087504239852, 0.5946863000942931, 2.7482233121341877]	[0.02994874694130165, 0.029457962292364383, 0.1378386111472405, 0.2159767386584062, 0.7885097250246396]
