1103457912335331328	[0.005863929777643846, 0.005103143854088505, 0.1204842552456608, 0.6458863800962387, 4.811956499846991]	[0.02677364423538013, 0.02587166636798444, 0.06965009279475014, 0.16367518192191682, 3.8247213901139485]
1176972315537694720	[0.006021756879623287, 0.005260954921982454, 0.14011783443251472, 0.6849113971290313, 4.377795782012447]	[0.02305231729574664, 0.022003754456410486, 0.06089048026856534, 0.07811986301586421, 2.329141398516769]
1184331211721736192	[-0.03952182163954526, -0.03952185492076209, 0.1242602438787904, 0.6791746035885968, 3.7720890286918225]	[0.05515090875958477, 0.05515090729314273, 0.02650556025156062, 0.06428845301518026, 1.6898110879966493]
1010300612129509376	[0.007456279193873004, 0.006695486743643226, 0.10410604123032152, 0.6624293471157116, 3.145235696194884]	[0.023188758738532874, 0.022195877731578707, 0.08416939889090763, 0.118654381269843, 1.1364416427534347]
1212271430257147904	[0.007377712541018401, 0.007377689001816213, 0.15289989833789613, 0.6163787996685521, 2.6869027966234773]	[0.0038572175890361593, 0.0038572163177216655, 0.06846191583177154, 0.14730712340813562, 0.6869364842221338]
1217558606842859522	[0.010475041112322113, 0.009240871165967057, 0.15017113544394875, 0.6928923687918833, 4.381124560025922]	[0.029938577599713957, 0.028666803911717997, 0.0639318539425296, 0.04803214404284469, 2.312699932308084]
1219459547124858888	[0.011863913816491045, 0.011103111251861909, 0.1354338707606313, 0.7138231626199438, 4.028823335858396]	[0.015343559615437322, 0.014038151885464006, 0.058068535125524755, 0.05863519952418097, 1.9347573556446618]
1221958979573764096	[-0.01786826950122185, -0.017868292962072988, 0.11507297644125263, 0.641031922998893, 3.454081629394205]	[0.032381225436432653, 0.032381226190708164, 0.04517427173296724, 0.14049257609008023, 1.312216312088192]
1241224210107658240	[-0.000765779932249318, -0.0011208288120645301, 0.15508429409471558, 0.6379132219403818, 3.4071510659691784]	[0.018654491924331225, 0.01797529147896425, 0.03489330353268469, 0.09883536024306518, 1.4567866501191566]
1253322173403394049	[-0.01986794886544986, -0.02110210893347573, 0.15504047872085122, 0.6838379408590453, 3.7585231415882427]	[0.06835709485985782, 0.06725521019049427, 0.05143457770313238, 0.07414994901756253, 1.3904200022862483]
1257959303945900032	[0.0025870857250441456, 0.0022320368528933243, 0.15119549454225617, 0.6402783944092154, 3.3132094231113163]	[0.017138205154655008, 0.016468768908997938, 0.033848811898001124, 0.09234138533253881, 1.164354701361077]
1264179482648248320	[0.03075232538585194, 0.03075230184664975, 0.15706086671364683, 0.6190373855283505, 3.2711577560359144]	[0.059062314409553854, 0.059062323642434265, 0.023427640270018917, 0.17189158979291255, 1.1494473971975465]
1265631236028084224	[-0.017853125548762824, -0.019087295437525045, 0.16210061701694478, 0.6969078138789282, 4.708845094503214]	[0.06907523612487307, 0.06802156590056631, 0.048505796972779326, 0.04202356800452739, 2.9748589920854256]
1267281706245128192	[0.010522883002024743, 0.010522859453456039, 0.1397307450550829, 0.6281019812928663, 3.079850157299143]	[0.0061724732479962, 0.006172484525567534, 0.010859639790112043, 0.14595086411687816, 0.840246178671226]
1286433502037245955	[0.016497869641313126, 0.015737067068878556, 0.15758836320103675, 0.6184758167437507, 3.8027660627241997]	[0.013204377217791396, 0.011960394507795744, 0.06690705580257923, 0.20071287298426305, 1.6390836929638481]
1295170777776619520	[-0.013606620509910105, -0.013606644362159123, 0.12426543932582924, 0.6771157815217813, 3.871723597708205]	[0.031516543016756875, 0.03151654072590859, 0.030129555001969198, 0.07857399721825235, 2.0450444313619975]
1296175329556406273	[0.001245333991590633, 1.1164112194934038e-05, 0.1532232764690842, 0.7019669413576681, 4.649344612122949]	[0.04257064947196463, 0.04141191791021401, 0.06590338130433568, 0.0361035266839402, 2.816507387723665]
1303185624317321216	[0.010493334630585667, 0.008691134216036088, 0.12749569103193567, 0.606567587943794, 4.243734273020854]	[0.02095093713056458, 0.01960586372779003, 0.08457101616611354, 0.21836066043307065, 2.1805631642169208]
1304838924188123136	[-0.002886039965830643, -0.0036468323128698342, 0.14579131101186193, 0.5960776203244024, 3.1364300612180163]	[0.03932993100357065, 0.03854776076060801, 0.06542204790072514, 0.2248107621874546, 1.0725350475254638]
1307008631771148288	[-0.01362521387066806, -0.013625248786151, 0.13560643211648957, 0.6984312817406648, 5.628073864085633]	[0.03162447901779099, 0.03162449797229948, 0.056360294456159, 0.031748375763925606, 4.635406326255486]
1308151079222345728	[-0.011812891119689986, -0.011812924198948136, 0.12848639723588007, 0.6224654356128868, 3.214290258715311]	[0.03227104152201401, 0.03227105986708343, 0.01818798803868524, 0.16644083579038596, 1.276484978764588]
1314857412956839937	[-0.013411515095306923, -0.014172317667741099, 0.13624898720051212, 0.5984216057212592, 3.3785628701749153]	[0.04014375139517078, 0.03917389230035283, 0.06350393715514514, 0.21830615799544015, 0.9725240706273309]
1334963880641114113	[0.01276780236503624, 0.012007000407395073, 0.19354562628653169, 0.6366662049532504, 3.38966091474365]	[0.015108805385354926, 0.01383098655237086, 0.05919229542702898, 0.16368656232067802, 1.1699594803028466]
1343933675725996033	[0.006301801226589259, 0.005540978971738046, 0.16540825538867035, 0.6488199464217329, 3.6130358949383417]	[0.026539561740567794, 0.025642360072665748, 0.05302015707465967, 0.12618526252388326, 1.3869163464766883]
1347248904895672323	[0.006046612373547424, 0.0052858098057965, 0.14470867105579757, 0.6967063957676731, 5.0268681717919375]	[0.026589056682711238, 0.025686024105451392, 0.062179740450076, 0.04643978779676189, 3.6936817603160224]
1348724621034483712	[0.0058940682388708915, 0.00513327582128569, 0.13840901105150963, 0.6545836525639369, 3.203892879319758]	[0.023082487797392626, 0.022030949873335846, 0.03904075568411679, 0.11692381273880768, 1.1236056310925]
1357459209537937408	[0.012640153335330927, 0.011879360885101095, 0.145758153373522, 0.6950288667774098, 4.382525426503823]	[0.01521145737753008, 0.01393607505846936, 0.07299154892849728, 0.05670387781347037, 2.162349428840926]
1360507235936456704	[0.012767798313935546, 0.012006995749306406, 0.13043281875111531, 0.6234938612996024, 3.965989906437384]	[0.015108808624691142, 0.013830990350290997, 0.06222123287555455, 0.19960525508682414, 1.7144250371692533]
1381436262633111552	[-0.002924137036625611, -0.0036849294620158535, 0.14435841192264548, 0.6136011802110716, 2.968300779803777]	[0.039345477627724314, 0.03856436951569883, 0.06159941562457242, 0.2166325924103258, 1.2893600005785737]
1390960631759523840	[-0.01363773417565534, -0.013637751402909331, 0.11371569643701063, 0.6722424607511298, 3.283893074809715]	[0.03148185847952149, 0.03148184820389668, 0.05100660142906586, 0.07685463431016495, 1.1500903372459297]
1394901053825556480	[0.0931642811885091, 0.09240348876311845, 0.2178753320482291, 0.5942088934396218, 3.000961811677818]	[0.2002211253807745, 0.20043415123814565, 0.05822834998054933, 0.2333197216622384, 0.9079916364877583]
1405935500242915328	[-0.006962261141139063, -0.006962284675657987, 0.1227801829658726, 0.6632413232048062, 4.327911217493495]	[0.023338042807365303, 0.0233380539461382, 0.034595843713353745, 0.11696732989617463, 2.421680333645132]
1406907752065110016	[-0.032231659512718995, -0.03223168298293663, 0.11586881643096733, 0.6552717723134179, 3.1475233228661024]	[0.05825899192598963, 0.05825898272463924, 0.029315026905590208, 0.09939496356786501, 1.0278153974495614]
1419740808757055491	[0.011851868600610544, 0.011091066035981798, 0.14555559213451413, 0.6823433665158987, 4.103325498572768]	[0.01535227470533947, 0.014047024589138722, 0.06647472739031825, 0.08280607467312553, 1.7837956098783367]
1424640593938944005	[-0.00996301510190403, -0.010723801088905915, 0.12198615897754186, 0.6479130122621544, 3.7859900986022788]	[0.04055400555603776, 0.039661834011321354, 0.0621752860898448, 0.18029674907922244, 1.872124465588256]
1425454693275168775	[-0.013665547540017265, -0.013665582767680587, 0.14787444778214762, 0.657302921095722, 4.2437961799327235]	[0.03256589515956955, 0.03256591533835798, 0.03219410270777171, 0.11160542601570031, 2.1825549080473503]
1449841497298382850	[0.007683577430968251, 0.006449417380114325, 0.11188851368083981, 0.5864424854044635, 3.133783511464889]	[0.029165643324599786, 0.027732580112876354, 0.07850259422174785, 0.21882898561120917, 0.9732497063166053]
1432363068969734144	[0.01563730685608076, 0.013835106330535644, 0.11983383454808541, 0.6764096591463195, 5.149538564893938]	[0.028375966403483322, 0.02672816867020242, 0.07925751548575777, 0.05779763092923665, 3.8056438730533015]
1461358161453928448	[-0.007320009042854778, -0.007675058388585612, 0.1421382876539757, 0.6466888092396638, 4.7063681176613965]	[0.03635022613135055, 0.035941711994174924, 0.06457041162251002, 0.16013559166013472, 3.8189010260693186]
1470403383471263745	[0.00792920679777835, 0.0071684143801935395, 0.11674212318859434, 0.5987185990423216, 4.31553477488276]	[0.023303095331465355, 0.022328830768010295, 0.07871483583982294, 0.20757613426955476, 2.2899047279987825]
1470797296921034752	[0.00604661843804428, 0.005285816359754364, 0.13591691903227163, 0.663161092476693, 3.877783571233327]	[0.02658905873894324, 0.025686026306686656, 0.06103467920502115, 0.12103998637720861, 1.5838091258362106]
1471505856378273792	[-0.00783093883194455, -0.00818599777989352, 0.13520744894251632, 0.6347951045003282, 3.2099832965336392]	[0.03580378248470314, 0.03538385383932202, 0.057098093986330915, 0.17487563015284038, 1.1030982487179803]
1509439556860456960	[0.008673808202549739, 0.007913005634798428, 0.14008001500878314, 0.6392021682433632, 4.5551967712021915]	[0.02698609827234878, 0.02617328372163874, 0.06135707908410595, 0.17891064478228008, 2.6832701555878975]
1476984898477260800	[-0.01890628701313559, -0.020140446676502832, 0.16744943875410687, 0.6911825454349483, 3.8082044668436676]	[0.06861223150928117, 0.06753208720896119, 0.04609308849802159, 0.05313023298132062, 1.5110600309213698]
1512708407329198084	[0.04321370883838311, 0.04197954910603135, 0.2100940196108753, 0.6174172986371388, 3.1799746347156446]	[0.0564339926009175, 0.05648956770100478, 0.03184780133107665, 0.16401974949836623, 0.8319773700428833]
1513648688417193984	[-0.013019528896706111, -0.013019553073059284, 0.10262009475296822, 0.6584848547856529, 2.7469348586926925]	[0.022859809559082834, 0.02285982264395167, 0.01670502552368232, 0.1213304467498173, 0.7001263073124973]
1518068230341881856	[0.0015663795503273069, 0.0003322198179755405, 0.18244289080042408, 0.6314513220443063, 3.642931091434223]	[0.04251947918893415, 0.041368873377039636, 0.022814593467809, 0.14580145772847286, 1.297541698315242]
1524540516561559552	[-0.012068108291404877, -0.012068143100214411, 0.11757462841753759, 0.646685827231044, 3.1427561829671995]	[0.03216835827708218, 0.032168377363841004, 0.04615422148035645, 0.13021426960634566, 1.0705842832919776]
1524084713178431488	[-0.0008152548891611662, -0.000815288352205742, 0.1288452158510198, 0.6406784958464685, 3.451775067904007]	[0.020071805050662417, 0.020071812989722382, 0.022211316841910578, 0.14553769171035277, 1.277923324165879]
1526108537293680640	[0.0014409390377151852, 0.0010858799574045008, 0.11419033376167462, 0.7172421000798127, 3.4267248035989213]	[0.019016200728781085, 0.018393057992956586, 0.05177924686273575, 0.08701633564426954, 1.2260759060731323]
1534104823527661696	[-0.01078118958626961, -0.011541991551716214, 0.1312517862069997, 0.7302252666905118, 3.4978720567761536]	[0.039952962321645705, 0.03903113986014871, 0.05970989167915577, 0.08475915846427103, 1.2603686294531116]
1530832682095190018	[0.005984873879616045, 0.0052240879560607025, 0.14275666556446953, 0.6807484123652043, 4.0184664311063285]	[0.026576918953620788, 0.025671613555395576, 0.0525250003365133, 0.08895103095444688, 1.847717612648945]
1535843539778564096	[-0.004132787695250855, -0.0048935736234894615, 0.14265400713065277, 0.6845864279825504, 3.439294607747592]	[0.03918288680890013, 0.03837450966257759, 0.06381839383156002, 0.06512216580999355, 1.202322935454118]
1541974408058773504	[0.014512735706239044, 0.013751943280848796, 0.17269882760142635, 0.6080692835275433, 3.0144462745921294]	[0.014131579157292334, 0.012859879874766948, 0.07653184791806879, 0.20695158096478244, 0.9125656072556548]
1536055318542794752	[-0.00928135949171995, -0.009281393486329644, 0.11587628677123225, 0.6829436119079637, 4.342654513450022]	[0.021764200216105478, 0.02176420717382754, 0.04745508897383047, 0.07658851578965332, 2.545103408613452]
1541974408058773512	[-0.003779998220852103, -0.004540800107947265, 0.1764093527168633, 0.6518280632066051, 3.5936109132764096]	[0.03901701619996751, 0.038212180908841965, 0.03981730834182048, 0.13393491296539625, 1.1904207810339749]
1545674949968420864	[-0.006997289414990072, -0.0069973128711579465, 0.10432181629283635, 0.6668159880663412, 5.519009924698243]	[0.023327134917783737, 0.02332714587173438, 0.05164934010119043, 0.09833129588648482, 4.8303242550884]
1551000216085618690	[0.002724853268065341, 0.0019640672810630616, 0.14334339393598128, 0.6163802184921583, 2.8182557634681222]	[0.03448702796025754, 0.03372082307866213, 0.06435210722779303, 0.1872582536755036, 0.8586436673197644]
1552006530374852608	[0.0035180272487641373, 0.003517973756783392, 0.1534301197654864, 0.6559265574169992, 4.25262224664943]	[0.0020380905691395933, 0.0020381119332844627, 0.061797312385834316, 0.11018307737030088, 2.40980429889589]
1557748313948147712	[0.021466814106319343, 0.019664613613419188, 0.13165683524178748, 0.6588538457209285, 3.451301714056337]	[0.019934211749116863, 0.018099318239599198, 0.08509794588896342, 0.1406697245344735, 1.262729578804391]
1558953336916922368	[0.0060550753268649, 0.0060550504064776035, 0.1629871362946247, 0.5846927000714919, 2.880989918589711]	[0.003885213092881085, 0.003885210414888566, 0.08107690591681059, 0.23553177794685468, 1.5817826351338014]
1559593258086305792	[-0.003536730549860642, -0.003536766070128548, 0.1335255080165504, 0.6135704090316934, 3.325405735430664]	[0.01951164962451297, 0.019511656264541155, 0.055253232485337804, 0.23380538090091618, 2.1758723904494714]
1559849276699729923	[-0.019770264538381342, -0.0210044338201556, 0.15704797951539787, 0.6990404609971002, 4.730231642984223]	[0.06826626183526256, 0.06716469012983045, 0.048240504849466403, 0.041830285802126235, 2.9686371616223806]
1560479529881063424	[-0.03223164674586215, -0.03223168044147479, 0.12848174866172102, 0.7070298167256256, 4.602376528819745]	[0.058258981594729364, 0.058258980677467875, 0.030058927083915266, 0.023626670603550913, 3.1318470209189675]
1562198318276431876	[-0.004096893972058603, -0.004857679900297203, 0.14927050378887508, 0.6750379531427186, 3.450372273627109]	[0.039186780377308876, 0.03837919674861922, 0.0376077508491431, 0.08944481922477121, 1.313147824942438]
1563911121681137669	[0.0194786976567302, 0.018717911736297034, 0.1261215279284604, 0.6160650373163482, 2.5320288219054135]	[0.02194270197339924, 0.021324004323861553, 0.04895104845852767, 0.18570690478461607, 0.872176692518174]
1567761967015772161	[-0.020213864502175206, -0.020213888591670927, 0.10911899872833171, 0.6644460617415601, 3.14408727043181]	[0.032629268139580954, 0.03262926887995546, 0.04567405042479388, 0.06865134933395027, 1.1289316975762336]
1567948218499239936	[-0.012165850951198631, -0.012165868052012462, 0.2270130026005992, 0.6497928258976443, 3.8899855291612693]	[0.032383903877013766, 0.032383893786342925, 0.10547086968705277, 0.14416729164189102, 2.237213904789367]
1573022912000319488	[-0.0021020038168364035, -0.0021020272730042835, 0.1020457550001288, 0.6458940396113337, 4.307103603457049]	[0.01954653008341856, 0.019546538710299557, 0.05916380451322244, 0.09439782300710946, 2.53019103776445]
1573532345772146688	[0.005984873964235893, 0.00522408804068055, 0.1452566655802008, 0.6746173333864341, 3.901924864677309]	[0.02657691895213187, 0.02567161355636179, 0.05373444632952613, 0.09599124560097581, 1.6720171792709557]
1573696002644664322	[0.015465228615928712, 0.014704436190538074, 0.21592382965272608, 0.5992465261893315, 2.8583010422293564]	[0.013649127201090657, 0.012386400035152487, 0.04760360483204998, 0.17560293408214103, 0.6791448594022867]
1576130850844184576	[0.038974526229491026, 0.03821373380410077, 0.18005566045115942, 0.6210174814786744, 3.3761712585745474]	[0.05789896812002952, 0.05792396857533672, 0.02111182040596407, 0.1793972524057799, 1.0147032116808443]
1577959393940881408	[0.0015955450754982503, 0.0012404954951837827, 0.07485759297505033, 0.7145771855399882, 1.6035352108085499]	[0.015791206394104047, 0.015167808760686722, 0.049201307780020895, 0.13798368116208531, 0.5916244751528569]
1581248279123197953	[-0.01986794886544986, -0.021102108933475725, 0.1550404787208512, 0.6829761932592472, 3.7336395556180686]	[0.06835709485985782, 0.06725521019049427, 0.05143457770313237, 0.07560578385524946, 1.3609631743114003]
1582074009470267392	[-0.005864216708082427, -0.005864234079839365, 0.1206501178113242, 0.6648582305102348, 4.169074866745922]	[0.02832385330910248, 0.028323846558987283, 0.05669004711877252, 0.09175511073648361, 2.9799855385978926]
1585801883985317889	[0.018363432684085596, 0.018363399002522734, 0.13093526463284436, 0.6315196220544096, 4.1128354803164955]	[0.028902643253297937, 0.028902624574033243, 0.0529853256996123, 0.15846323834851037, 2.0932634468295204]
1586612104127451136	[0.006937624170630281, 0.006176822212989445, 0.15640033845432197, 0.7099552688987784, 4.92578214670896]	[0.023123001484398074, 0.022109333244081847, 0.06587048535084795, 0.03413696022941746, 3.3120537852048244]
1597126178804039682	[0.029152901094474284, 0.02664064010107589, 0.15874677593062536, 0.684006401018573, 4.610838471769282]	[0.023088548293928854, 0.021004073410844055, 0.08024135469489649, 0.07093610839442643, 2.615703570821575]
1599013198501388288	[0.00045354576395995223, 9.850318292507938e-05, 0.1449113665532137, 0.6513383492285629, 5.254435253983426]	[0.03215978198014837, 0.031784250356005544, 0.06544890382128243, 0.1417393250573739, 5.537895661548073]
1603172736351670272	[-0.009014881957682425, -0.00977567438307306, 0.19979024796651063, 0.6210302595161161, 3.219767606568839]	[0.04064635497938884, 0.03977440249910841, 0.04837440316550242, 0.22944823557868785, 1.0733298300969043]
1604350270472916993	[0.001147647351197943, -8.65123028027711e-05, 0.14516710007059266, 0.6531862281378641, 3.632256236365076]	[0.0427641844499326, 0.04160792559765494, 0.06797439677357611, 0.1226158097782588, 1.512246127701171]
1705999885	[0.04754604108499232, 0.04574384058428673, 0.16994632892121586, 0.6295693347476546, 3.2586769264422357]	[0.05460757632238512, 0.05482882269422246, 0.03968212936726236, 0.15440973178531342, 1.0103062709371844]
175625853	[0.0035180275744007674, 0.00351797393791698, 0.1478589934106887, 0.6531214264838255, 4.0385734018148085]	[0.0020380906367555495, 0.002038111970898859, 0.057439246061017656, 0.10985451648061863, 2.1467668450152138]
285050738	[-0.012068110154269916, -0.01206814411145924, 0.1207763895820991, 0.653046219440873, 4.45859714976203]	[0.032168357922050986, 0.03216837715549417, 0.049087829278020995, 0.13153562197723456, 2.678276489966994]
3022955977	[-0.004132842729012455, -0.004893628716014346, 0.15001007863593016, 0.6497771560756289, 2.782099945059514]	[0.03918287321354466, 0.03837449467175851, 0.06648972649103252, 0.12393709286124033, 0.5538948607824052]
3141533716	[0.023610501338721814, 0.021808290698777336, 0.13646222875887845, 0.6116193781257389, 4.45317842590545]	[0.022274552758936448, 0.020424696060875734, 0.0720884621774224, 0.179452091695541, 2.5790802919432574]
390960016	[0.04315984091531648, 0.04192568118296472, 0.20759333075941439, 0.6114680538173658, 2.835821025282014]	[0.05635185637338121, 0.056406333790161224, 0.03478549800368977, 0.17376996021032423, 0.7860639339590768]
3295465306	[0.004644937497445887, 0.0034107676227334476, 0.1454214058453472, 0.7045771403995922, 5.611018895952623]	[0.034292492747055474, 0.032970472389822265, 0.0645906791032012, 0.032344559396031126, 4.727741677992342]
4405807395	[0.0011878995304306752, 0.00042710710972329504, 0.1224752657794545, 0.6767616608470899, 4.0915791323448465]	[0.030907941292451124, 0.03001169913583691, 0.08000195859594969, 0.11060936628335524, 2.057920486635683]
786189623944843264	[-0.009865321073344667, -0.010626123567428187, 0.1360198323745709, 0.6421733125538062, 3.7441077305395645]	[0.04037674366705527, 0.0394824736904202, 0.06252179633013481, 0.09990771025693201, 1.5596604598325463]
800152580915499010	[-0.017853125548762824, -0.019087295437525048, 0.16210061410835475, 0.6766566820046318, 4.116086639460327]	[0.06907523612487305, 0.06802156590056631, 0.04850579890748453, 0.08225910274653042, 1.8318977207440124]
855091879003738113	[0.005863935671681907, 0.005103149748126567, 0.11841742364082528, 0.6671659493540666, 5.48220310077832]	[0.02677365187959096, 0.025871673712529443, 0.06740864703094475, 0.12299991020074537, 5.788212802658688]
878199957500686336	[-0.02474830534262336, -0.025982475231385582, 0.1581838596954231, 0.6984896683485055, 4.701407013289134]	[0.0681570501884735, 0.06696200085629403, 0.04785812594023729, 0.041380263489969774, 2.9720927066556357]
938384349342429184	[9.433440789360735e-05, 9.43105977482205e-05, 0.12886150679344396, 0.591902030465914, 3.002606031237474]	[0.015545882355993832, 0.015545887412238162, 0.05344060096767551, 0.19537466056329877, 1.0473029458927234]
938634317294653440	[0.0024664784826175404, 0.0021114281667723362, 0.22432868632436728, 0.6266871770843917, 3.467689117699597]	[0.0171388311350748, 0.01646682016015571, 0.0733005353356448, 0.14258522994657505, 1.8442059741182868]
941038685818060800	[0.0127977430193352, 0.012036950601749996, 0.13418209770692888, 0.7204590323624931, 5.662783741149946]	[0.015085332301029594, 0.013806983228149907, 0.06173711231009051, 0.05635071782587264, 5.210070160224743]
952266549062139904	[-0.019250103521294738, -0.019605162609410854, 0.1161024027385032, 0.7412031528666441, 3.4352296155894897]	[0.03566964919314602, 0.03513291984195847, 0.057139970597596436, 0.10158064661434647, 1.1679135082005607]
952266549062139905	[0.00021645142180124963, -0.0005443504606107066, 0.1439686920557647, 0.7407400643803058, 3.6696421234542336]	[0.030577840860984078, 0.02964671065549717, 0.059730882530879464, 0.08208714254999779, 1.7471043111653817]
974798197531930624	[0.050363273956263784, 0.04960247138851287, 0.15634213451119433, 0.6387300475241696, 3.6926168500525605]	[0.057997005453532355, 0.05817109433077836, 0.03229888045472715, 0.12601710249503498, 1.5687738171632868]
975175578365190144	[-0.017885323139608663, -0.01788534667881085, 0.10975464675596955, 0.594686300094293, 2.7482233121341877]	[0.032415465701001615, 0.03241546652687046, 0.04673056392816001, 0.21597673865840622, 0.7885097250246396]
