878199957500686336	[1.1195209799252142, 0.03109872368559576, 0.17355934838024328, 0.6984896683485055, 4.701407013289134]	[0.3075817971235776, 0.025484259507784324, 0.961809915611919, 0.041380263489969774, 2.9720927066556357]
938384349342429184	[0.8071794473015382, 0.002627396018007321, 0.1467220426234945, 0.591902030465914, 3.002606031237474]	[0.2470458805125888, 0.005315842532488343, 0.3214903199919076, 0.19537466056329877, 1.0473029458927234]
938634317294653440	[2.034064502540165, 0.00710370718837678, 0.40043765739055814, 0.6266871770843917, 3.467689117699597]	[0.48106757893584723, 0.007351287924428961, 3.0212455236964493, 0.14258522994657505, 1.8442059741182868]
941038685818060800	[1.1017304044062803, 0.010369693884780585, 0.27996852899900626, 0.7204590323624931, 5.662783741149946]	[0.4377634541013269, 0.009051512145916782, 0.7041001892790388, 0.05635071782587264, 5.210070160224743]
952266549062139904	[0.9197149354353494, 0.013935165533937963, 0.3842925124676542, 0.7412031528666441, 3.4352296155894897]	[0.4123102224693572, 0.0099428893769866, 0.3140227338047307, 0.10158064661434647, 1.1679135082005607]
952266549062139905	[1.2501578233356083, 0.014152142527385577, 0.6716456138190117, 0.7407400643803058, 3.6696421234542336]	[0.4921127165660065, 0.010302045389971424, 0.3614909185258168, 0.08208714254999779, 1.7471043111653817]
974798197531930624	[0.9472079294540238, 0.010132136417888161, 0.2710982209772527, 0.6387300475241696, 3.6926168500525605]	[0.3908064762271277, 0.008579669776659905, 0.47891826219810824, 0.12601710249503498, 1.5687738171632868]
975175578365190144	[0.8482682883164702, 0.009987479561777965, 0.3722638235375162, 0.594686300094293, 2.7482233121341877]	[0.35260299557517455, 0.008564640228727632, 0.305585958997225, 0.21597673865840622, 0.7885097250246396]
1212271430257147904	[0.8786791995544914, 0.006678138062999206, 0.3573365791489901, 0.6163787996685521, 2.6869027966234773]	[0.388740051538324, 0.007336558526406293, 0.3286514828902695, 0.14730712340813562, 0.6869364842221338]
1217558606842859522	[1.1111169281479372, 0.03141504438664509, 0.23435048298519215, 0.6928923687918833, 4.381124560025922]	[0.3412369896826337, 0.025449044843995516, 0.7979297539952003, 0.04803214404284469, 2.312699932308084]
1219459547124858888	[1.0036797865999099, 0.009891117580773288, 0.4290740071478204, 0.7138231626199438, 4.028823335858396]	[0.4108015872010115, 0.008336743873324837, 0.3033342207707465, 0.05863519952418097, 1.9347573556446618]
1221958979573764096	[0.918787602239051, 0.010006057408460793, 0.2517340653426216, 0.641031922998893, 3.454081629394205]	[0.2794657744648029, 0.008542871211799186, 0.3699589315617453, 0.14049257609008023, 1.312216312088192]
1241224210107658240	[2.0639291257830275, 0.007177146587580905, 1.435991899915542, 0.6379132219403818, 3.4071510659691784]	[0.17598378646701737, 0.007436747470822767, 0.14946726199630161, 0.0988353602430652, 1.4567866501191566]
1253322173403394049	[1.1486485430727849, -0.0007498681311678779, 0.24038740069179718, 0.6838379408590453, 3.7585231415882427]	[0.31475642765606815, 0.005205449971506408, 0.7116660890758825, 0.07414994901756253, 1.3904200022862483]
1257959303945900032	[2.0150698662875572, 0.007442710520283249, 1.4410526355010203, 0.6402783944092154, 3.3132094231113163]	[0.1887118709540137, 0.007907829708310521, 0.15756115310880023, 0.09234138533253881, 1.164354701361077]
1264179482648248320	[0.9601038922230054, 0.010134682088815631, 0.3175815506761318, 0.6190373855283505, 3.2711577560359144]	[0.3586467768579734, 0.00860232445243505, 0.37074737452404066, 0.17189158979291255, 1.1494473971975465]
1265631236028084224	[1.1206807644542034, 0.031183018049366462, 0.1621924344960196, 0.6969078138789282, 4.708845094503214]	[0.3078414687264286, 0.025417306997710238, 0.963002462714894, 0.04202356800452739, 2.9748589920854256]
1267281706245128192	[0.897398299001344, 0.0101374727829931, 0.23512867041333912, 0.6281019812928663, 3.079850157299143]	[0.3781141723207825, 0.008602616410496406, 0.4923493023724895, 0.14595086411687816, 0.840246178671226]
1286433502037245955	[1.0800098446013584, 0.010013589925268278, 0.3348493249292353, 0.6184758167437507, 3.8027660627241997]	[0.42941061236315636, 0.008534074793034028, 0.6360086078641236, 0.20071287298426305, 1.6390836929638481]
1295170777776619520	[0.9904191257182033, 0.004290406351411078, 0.20472328668386763, 0.6771157815217813, 3.871723597708205]	[0.14983948265943464, 0.006834672379202818, 0.27323145360813006, 0.07857399721825235, 2.0450444313619975]
1296175329556406273	[1.119130976662035, 0.03160676511873676, 0.21736732621274413, 0.7019669413576681, 4.649344612122949]	[0.34089298237334287, 0.025306262379074185, 0.8833665917403517, 0.0361035266839402, 2.816507387723665]
1303185624317321216	[1.5559713967061952, 0.01938942803638165, 0.7237843242912374, 0.606567587943794, 4.243734273020854]	[0.6548331195531288, 0.013111256508452912, 0.7002961432606464, 0.21836066043307065, 2.1805631642169208]
1304838924188123136	[1.0742625435212245, 0.009987479298455457, 0.5783856021351998, 0.5960776203244024, 3.1364300612180163]	[0.42080977362747973, 0.008564640265341686, 0.3360936394326103, 0.2248107621874546, 1.0725350475254638]
1307008631771148288	[1.0009481728667229, 0.014127751513078863, 0.09386355041917371, 0.6984312817406648, 5.628073864085633]	[0.22227612703204822, 0.010070433340565354, 0.6956953898089799, 0.031748375763925606, 4.635406326255486]
1308151079222345728	[1.040245844825626, 0.009898390058900801, 0.28702386508858857, 0.6224654356128868, 3.214290258715311]	[0.1715984442096327, 0.008339893596394365, 0.3785731835009646, 0.16644083579038596, 1.276484978764588]
1314857412956839937	[0.9764538286319269, 0.010118042447637077, 0.1925674030762481, 0.5984216057212592, 3.3785628701749153]	[0.5326184102080206, 0.00855412937223602, 0.7191685890157558, 0.21830615799544015, 0.9725240706273309]
1334963880641114113	[1.1014242474616904, 0.009891117580773268, 0.5021434575932764, 0.6366662049532504, 3.38966091474365]	[0.2998332040026667, 0.00833674387332483, 0.284038695293828, 0.16368656232067802, 1.1699594803028466]
1343933675725996033	[1.0959664665515232, 0.00990615220503304, 0.2134335209219912, 0.6488199464217329, 3.6130358949383417]	[0.21254912091448155, 0.008318979972479181, 0.45322684176960876, 0.12618526252388326, 1.3869163464766883]
1347248904895672323	[1.075112080738718, 0.0100779832428862, 0.3145200131585397, 0.6967063957676731, 5.0268681717919375]	[0.35647248056835307, 0.008534205030118373, 0.6163447276197563, 0.04643978779676189, 3.6936817603160224]
1348724621034483712	[0.8761704902504518, 0.010097884289039002, 0.1944380513630622, 0.6545836525639369, 3.203892879319758]	[0.3832442930587598, 0.008542667077648941, 0.5101579089383466, 0.11692381273880768, 1.1236056310925]
1357459209537937408	[1.38379116431203, 0.010112233309392388, 0.4493132360114398, 0.6950288667774098, 4.382525426503823]	[0.4037615313383752, 0.008571323056775342, 0.9755383453447511, 0.05670387781347037, 2.162349428840926]
1360507235936456704	[1.056819872819143, 0.01919907645218893, -0.6232418714673202, 0.6234938612996024, 3.965989906437384]	[0.435958774770339, 0.016325792708520248, 3.064743762096832, 0.19960525508682414, 1.7144250371692533]
1381436262633111552	[1.0571701186863236, 0.009883594001557416, 0.36044473802124005, 0.6136011802110716, 2.968300779803777]	[0.365445081621162, 0.008345634958944045, 0.5012162164967618, 0.2166325924103258, 1.2893600005785737]
1390960631759523840	[0.9891834541514501, 0.0010013054331278054, 0.23651766680767933, 0.6722424607511298, 3.283893074809715]	[0.1787524526681984, 0.006700418571639937, 0.2571657176150134, 0.07685463431016495, 1.1500903372459297]
1394901053825556480	[0.9538161209937113, 0.009866151801756306, 0.24719674167342937, 0.5942088934396218, 3.000961811677818]	[0.45619667516789786, 0.0082186957474966, 0.6133126530588088, 0.2333197216622384, 0.9079916364877583]
1405935500242915328	[1.0297666759121902, 0.010023649886916784, 0.24082066056091983, 0.6632413232048062, 4.327911217493495]	[0.24923776014785995, 0.008545200961770246, 0.5356534801349674, 0.11696732989617463, 2.421680333645132]
1406907752065110016	[0.9774492082113581, 0.009883592823075698, 0.24189502261524992, 0.6552717723134179, 3.1475233228661024]	[0.24623513347939263, 0.008345634274636972, 0.4218988040065841, 0.09939496356786501, 1.0278153974495614]
1419740808757055491	[1.0808363345017353, 0.019705431832562872, 0.3106663516954762, 0.6823433665158987, 4.103325498572768]	[0.41053337808329826, 0.013086762987963574, 0.718491296204557, 0.08280607467312553, 1.7837956098783367]
1424640593938944005	[1.0466201064621574, 0.003864095263031305, 0.17020319017704466, 0.6479130122621544, 3.7859900986022788]	[0.40933634728080387, 0.007113636554846819, 0.7335630553672469, 0.18029674907922244, 1.872124465588256]
1425454693275168775	[1.0809995430495798, 0.013995643047452589, 0.27355912567287793, 0.657302921095722, 4.2437961799327235]	[0.12595518293346908, 0.009840902726849845, 0.3148854616056275, 0.11160542601570031, 2.1825549080473503]
1432363068969734144	[1.2104159362602118, 0.010077988918843216, 0.3598270476691109, 0.6764096591463195, 5.149538564893938]	[0.26910623930162064, 0.008534198367430988, 0.6103920818309007, 0.05779763092923665, 3.8056438730533015]
1010300612129509376	[0.9292114484026331, 0.0100779832428862, 0.3605026884630708, 0.6624293471157117, 3.145235696194884]	[0.42412007696352444, 0.008534205030118373, 0.38744334775047307, 0.118654381269843, 1.1364416427534347]
1449841497298382850	[0.9816767599861912, 0.0013797567253049866, 0.19543970991500437, 0.5864424854044635, 3.133783511464889]	[0.5661596453472145, 0.00369221451702069, 0.6700953491852604, 0.21882898561120917, 0.9732497063166053]
1103457912335331328	[1.1909285084716894, 0.004139361472735525, 0.3492753951619117, 0.6458863800962388, 4.81195649984699]	[0.1703146776624559, 0.006807763605104745, 0.46751578792590354, 0.1636751819219168, 3.824721390113948]
1461358161453928448	[1.1826179071945748, 0.003869111991377054, 0.35494100890784935, 0.6466888092396638, 4.7063681176613965]	[0.15737253352524821, 0.0071090599418708, 0.4405153819272961, 0.16013559166013472, 3.8189010260693186]
1470403383471263745	[1.1985623375745433, 0.01004069180737902, 0.40765188184373746, 0.5987185990423215, 4.31553477488276]	[0.4451096362791301, 0.00820401157926222, 0.4894716966869151, 0.20757613426955476, 2.2899047279987825]
1470797296921034752	[1.027941959760421, 0.009891117580773268, 0.43669687519277084, 0.663161092476693, 3.877783571233327]	[0.434126457961269, 0.00833674387332483, 0.3613905003681083, 0.12103998637720861, 1.5838091258362106]
1471505856378273792	[0.9455677839332333, 0.009891118589012435, 0.36851699773867413, 0.6347951045003282, 3.2099832965336392]	[0.4200996474648447, 0.008336744206854794, 0.32900201019037423, 0.17487563015284038, 1.1030982487179803]
1476984898477260800	[1.1501017395332023, 0.00795087846041892, 0.29684152279213716, 0.6911825454349483, 3.8082044668436676]	[0.28200119313673705, 0.010617727360614348, 0.6346804448379841, 0.05313023298132062, 1.5110600309213698]
1509439556860456960	[1.0674779453618632, 0.019484315220082454, 0.4893133932648505, 0.6392021682433632, 4.5551967712021915]	[0.5257918587004501, 0.013097309420100317, 0.32097939739554704, 0.17891064478228008, 2.6832701555878975]
1512708407329198084	[0.9970522132906343, 0.0013939614333701362, 0.3986874213417848, 0.6174172986371388, 3.1799746347156446]	[0.4682394802785965, 0.003683887914826666, 0.4605375912627723, 0.16401974949836623, 0.8319773700428833]
1513648688417193984	[0.787466775297191, 0.009977210447529746, 0.255943039020214, 0.6584848547856529, 2.7469348586926925]	[0.23615931058612574, 0.008439741859646363, 0.31290681479606647, 0.1213304467498173, 0.7001263073124973]
1518068230341881856	[1.2001567559771855, 0.010494206730775023, 0.549041198755222, 0.6314513220443063, 3.642931091434223]	[0.24741355341460702, 0.009232766750427192, 0.38163354461033194, 0.14580145772847286, 1.297541698315242]
1524084713178431488	[1.051464730378994, 0.010023695480565024, 0.3801330946214905, 0.6406784958464685, 3.451775067904007]	[0.16944511537937737, 0.00854521533669159, 0.2468779957407565, 0.14553769171035277, 1.277923324165879]
1524540516561559552	[0.6841235525501642, 0.013728395499073866, 0.08421144000344405, 0.646685827231044, 3.1427561829671995]	[0.3720963764115967, 0.009847437643528592, 0.3913205289512532, 0.13021426960634566, 1.0705842832919776]
1526108537293680640	[0.9580853532555471, 0.010087166686703562, 0.38557452599206665, 0.7172421000798127, 3.4267248035989213]	[0.4009841489250986, 0.008536901214515056, 0.28908268508276513, 0.08701633564426954, 1.2260759060731323]
1530832682095190018	[1.1950123398994834, -0.0010743992395139733, 0.3948957577728337, 0.6807484123652043, 4.0184664311063285]	[0.2262754585384816, 0.0015760601951358784, 0.4345307103068853, 0.08895103095444688, 1.847717612648945]
1534104823527661696	[0.972460949617591, 0.010314864650143606, 0.3832354896232705, 0.7302252666905118, 3.4978720567761536]	[0.4194878954849466, 0.00905060660076968, 0.35321924303046703, 0.08475915846427103, 1.2603686294531116]
1535843539778564096	[1.1986406964858594, -0.0010979273052097761, 0.4519947057972954, 0.6845864279825504, 3.439294607747592]	[0.2228275651247961, 0.0013788843819819735, 0.38721606696431343, 0.06512216580999355, 1.202322935454118]
1536055318542794752	[1.0296496180911823, 0.0051559261431345545, 0.12004166745467208, 0.6829436119079637, 4.342654513450022]	[0.13216077637017834, 0.006034828928920934, 0.4650700639084756, 0.07658851578965332, 2.545103408613452]
1541974408058773504	[0.9892851302674148, 0.010067007687124192, 0.29630216687838823, 0.6080692835275433, 3.0144462745921294]	[0.35399858130086664, 0.008353615645364444, 0.4776128212064641, 0.20695158096478244, 0.9125656072556548]
1541974408058773512	[1.1742217768468242, 0.013609206926983579, 0.4398317530023352, 0.6518280632066051, 3.5936109132764096]	[0.21738643736285496, 0.006449272652995382, 0.3807137705063396, 0.13393491296539625, 1.1904207810339749]
1545674949968420864	[0.9080733442236298, 0.009995837437882595, 0.3336191380424205, 0.6668159880663412, 5.519009924698243]	[0.36796865884949476, 0.0085512170157883, 0.4017314254608968, 0.09833129588648482, 4.8303242550884]
1551000216085618690	[0.922517748223684, 0.0039018088892849214, 0.28781100813394983, 0.6163802184921583, 2.8182557634681222]	[0.47561934899985814, 0.007100915174021862, 0.479170240425585, 0.1872582536755036, 0.8586436673197644]
1552006530374852608	[1.1076760612927063, 0.01441238833963344, 0.3446777660654945, 0.6559265574169992, 4.25262224664943]	[0.10560000068444385, 0.010389291073776811, 0.19924394934936762, 0.11018307737030088, 2.40980429889589]
1557748313948147712	[0.9217051220800883, 0.0012515371593330305, 0.14113356920675843, 0.6588538457209285, 3.451301714056337]	[0.5625428747555391, 0.003714742678754224, 0.7370006681163425, 0.1406697245344735, 1.262729578804391]
1558953336916922368	[0.8592664185857659, 0.010150456086162933, 0.2843409463140722, 0.5846927000714919, 2.880989918589711]	[0.3776042866064453, 0.00846071696870027, 0.28298796252007524, 0.23553177794685468, 1.5817826351338014]
1559593258086305792	[0.894310841740375, 0.014128147192098376, 0.2516149583172511, 0.6135704090316934, 3.325405735430664]	[0.3641270932483719, 0.010069880647146904, 0.34431250854615597, 0.23380538090091618, 2.1758723904494714]
1559849276699729923	[1.1530131435896986, 0.03139999723198935, 0.19899757144802316, 0.6990404609971002, 4.730231642984223]	[0.2993523764656135, 0.025413101610687227, 0.9615867163552276, 0.041830285802126235, 2.9686371616223806]
1560479529881063424	[0.9410188398906992, 0.013741256580817783, 0.14463254990249433, 0.7070298167256256, 4.602376528819745]	[0.3580102679846877, 0.009852515916902975, 0.7051331526151369, 0.023626670603550913, 3.1318470209189675]
1562198318276431876	[1.1823380326998758, 0.003928400874778343, 0.46809573190116527, 0.6750379531427186, 3.450372273627109]	[0.14815335095538287, 0.007080664198851117, 0.31019218551635813, 0.08944481922477121, 1.313147824942438]
1563911121681137669	[0.9714900972265507, -0.0003193577088665845, 0.3447401164784324, 0.6160650373163482, 2.5320288219054135]	[0.417580550406959, 0.000561104116906968, 0.40792339215598256, 0.18570690478461607, 0.872176692518174]
1567761967015772161	[0.8746884608385443, 0.004899653269341548, -0.013033873524971186, 0.6644460617415601, 3.14408727043181]	[0.3211698963102225, 0.006333127999603424, 0.5589499078331153, 0.06865134933395027, 1.1289316975762336]
1567948218499239936	[1.317546658406222, 0.12514910546407088, 0.5940420046114755, 0.6497928258976443, 3.8899855291612693]	[0.18098173241989957, 0.1674064224146247, 0.218557280301083, 0.14416729164189102, 2.2372139047893675]
1573022912000319488	[0.9198845618194111, 0.010132135238651242, 0.13455763329252826, 0.6458940396113337, 4.307103603457049]	[0.28184109590116224, 0.008579669146046732, 0.5720228353887805, 0.09439782300710946, 2.53019103776445]
1573532345772146688	[1.2406363061703272, -0.0010743992417795779, 0.4894959364738145, 0.6746173333864341, 3.901924864677309]	[0.1638572990336531, 0.0015760601928518963, 0.3097465854289178, 0.09599124560097581, 1.6720171792709557]
1573696002644664322	[0.9139439716030291, 0.0028662097667319967, 0.39377740717719356, 0.5992465261893315, 2.8583010422293564]	[0.4585023963081134, 0.005218723390584251, 0.3869023992604768, 0.17560293408214103, 0.6791448594022867]
1576130850844184576	[1.2236880091520974, 0.00983821255158634, 0.5640879198729557, 0.6210174814786744, 3.3761712585745474]	[0.23418556333753335, 0.008208189563051926, 0.3250548032473385, 0.1793972524057799, 1.0147032116808443]
1577959393940881408	[0.5003766971785684, 0.005304972332041736, 0.1467491187223255, 0.7145771855399882, 1.6035352108085499]	[0.3153967231547409, 0.007025670852147709, 0.14485479564180853, 0.13798368116208531, 0.5916244751528569]
1581248279123197953	[1.1486485620413465, -0.0007498681311678779, 0.23767141840655776, 0.6829761932592472, 3.7336395556180686]	[0.31475641335560883, 0.005205449971506408, 0.7165756206068886, 0.07560578385524946, 1.3609631743114003]
1582074009470267392	[1.0686775743295116, 0.00457627092529026, 0.32407336164664774, 0.6648582305102346, 4.169074866745922]	[0.15510467916158763, 0.006007570106329119, 0.14740726796733336, 0.09175511073648361, 2.9799855385978926]
1585801883985317889	[1.0256007188543739, 0.019920922233773605, 0.33029303689823675, 0.6315196220544096, 4.1128354803164955]	[0.3805809803174721, 0.01325754938265322, 0.4379735096087333, 0.15846323834851037, 2.0932634468295204]
1586612104127451136	[1.402632357094203, 0.03159872502299675, 0.6107223626490519, 0.7099552688987784, 4.92578214670896]	[0.21444038752209865, 0.02531280241577575, 0.5701062449662734, 0.03413696022941746, 3.3120537852048244]
1597126178804039682	[1.1744393309472363, 0.0012515371593330305, 0.26171546055376493, 0.684006401018573, 4.610838471769282]	[0.3660500884449388, 0.0037147426787542243, 0.7891002813919333, 0.07093610839442643, 2.615703570821575]
1599013198501388288	[1.1564801196893184, 0.003864096273158476, 0.33927100738341737, 0.6513383492285629, 5.254435253983426]	[0.16641719805060676, 0.007113637795378551, 0.4505068519545172, 0.1417393250573739, 5.537895661548073]
1603172736351670272	[1.4722690950562776, 0.014140040230022497, 0.9341170734303217, 0.6210302595161161, 3.219767606568839]	[0.8670950419959694, 0.010137928665710892, 1.2775321454871087, 0.22944823557868785, 1.0733298300969043]
1604350270472916993	[1.0748783903080705, -0.0015040029077935824, 0.2852272278089539, 0.6531862281378641, 3.632256236365076]	[0.3936209610955135, 0.0013110945656009028, 0.6025814160936814, 0.1226158097782588, 1.512246127701171]
1705999885	[1.048079088612797, -0.0003968713126023019, 0.3905142517032323, 0.6295693347476546, 3.2586769264422353]	[0.39055466058371824, 0.0005339914171250925, 0.4310255598985355, 0.15440973178531342, 1.0103062709371844]
175625853	[1.0217271466118225, 0.005387945568741182, 0.22607201592961826, 0.6531214264838255, 4.0385734018148085]	[0.10786631404963265, 0.005875497886580018, 0.28547725982299726, 0.10985451648061863, 2.1467668450152138]
1176972315537694720	[1.2164484609743618, 0.010314863471661878, 0.4934863416659167, 0.6849113971290313, 4.377795782012447]	[0.43861323172313504, 0.009050606025920647, 0.6186575123274579, 0.07811986301586421, 2.329141398516769]
285050738	[0.9802198143494081, 0.021333412465021535, 0.12266669332704674, 0.6530462194408729, 4.4585971497620305]	[0.3203837737322023, 0.015449166147141391, 0.8304253038841108, 0.13153562197723456, 2.678276489966994]
3022955977	[1.00059729332197, -0.0021341959898278184, 0.33151204228665726, 0.6497771560756289, 2.782099945059514]	[0.3902051229967772, 0.0027299362728690434, 0.46193443389898575, 0.12393709286124033, 0.5538948607824052]
3141533716	[1.2936982275706659, 0.0196803655044944, 0.5322811227109375, 0.6116193781257389, 4.45317842590545]	[0.30219700088107093, 0.01308263774900359, 0.38510327353859286, 0.179452091695541, 2.5790802919432574]
3295465306	[1.1331848501899444, 0.013846015089494918, 0.2897350330570148, 0.7045771403995922, 5.611018895952623]	[0.341487226108977, 0.009947435173126504, 0.7236847265916434, 0.032344559396031126, 4.727741677992342]
390960016	[0.9766073080222082, 0.000861717498661115, 0.343125635312387, 0.6114680538173658, 2.835821025282014]	[0.47353538623089475, 0.0039024545396946957, 0.49749673203214034, 0.17376996021032423, 0.7860639339590768]
4405807395	[1.1020530618701783, 0.007737291103111503, 0.31956290994155756, 0.6767616608470899, 4.0915791323448465]	[0.38066081237344707, 0.010374765246560974, 0.6007541829964322, 0.11060936628335524, 2.057920486635683]
1184331211721736192	[0.9720289889708135, 0.0034542588820699717, 0.2093413699800107, 0.6791746035885968, 3.7720890286918225]	[0.2407295375382128, 0.00496565262461423, 0.2915594007046931, 0.06428845301518026, 1.6898110879966493]
786189623944843264	[1.0925284341259478, 0.008771130536848538, 0.303261651833574, 0.642173312553806, 3.7441077305395645]	[0.29824210650156435, 0.009056384755690436, 0.5184441889707998, 0.09990771025693203, 1.5596604598325463]
800152580915499010	[1.0951598673504916, 0.031183018049366462, 0.20078741156500307, 0.6766566820046318, 4.116086639460327]	[0.37954950041329427, 0.025417306997710238, 0.8957494194807671, 0.08225910274653042, 1.8318977207440124]
855091879003738113	[1.1208552451668738, 0.0036224427659941457, 0.2481896564022818, 0.6671659493540667, 5.48220310077832]	[0.22348350357158375, 0.0072333904832149794, 0.6614996014746894, 0.12299991020074538, 5.788212802658688]
