1103457912335331328	[0.2466016878450535, 0.1857950119945553, -3.6055077270051847, 0.6458863800962387, 4.811956499846991]	[0.03788011720945804, 0.019236072437497708, 2.885519140800492, 0.16367518192191682, 3.8247213901139485]
1176972315537694720	[0.23033045299325017, 0.17156155844066281, -1.8842807748076167, 0.6849113971290313, 4.377795782012447]	[0.040482568673659715, 0.022081485903774928, 2.3891834632336066, 0.07811986301586421, 2.329141398516769]
1184331211721736192	[0.20595719169041404, 0.15194556249918753, -1.9827910644848905, 0.6791746035885968, 3.7720890286918225]	[0.06641991221623576, 0.04383350586786419, 2.4190327515769465, 0.06428845301518026, 1.6898110879966493]
1010300612129509376	[0.2081932843698747, 0.15351211653838642, -1.272471366248549, 0.6624293471157116, 3.145235696194884]	[0.07981264610662166, 0.055438796071189726, 2.1627463369383624, 0.118654381269843, 1.1364416427534347]
1212271430257147904	[0.1973602074159878, 0.14980926673988865, -2.839546364365545, 0.6163787996685521, 2.6869027966234773]	[0.07218639417070118, 0.04741532831731247, 2.594782811868482, 0.14730712340813562, 0.6869364842221337]
1219459547124858888	[0.22332051285445642, 0.16377448784667362, -1.9468237411178964, 0.7138231626199438, 4.028823335858396]	[0.08913930258328968, 0.0664388398508615, 2.3911223483733726, 0.05863519952418097, 1.9347573556446618]
1217558606842859522	[0.24795924320994506, 0.1842091240535799, -2.0316449285874096, 0.6928923687918833, 4.381124560025922]	[0.03414395136809613, 0.017286123964237652, 2.5088765586463397, 0.04803214404284469, 2.312699932308084]
1221958979573764096	[0.21190234380874942, 0.15778474545987056, -1.8754814153250838, 0.641031922998893, 3.454081629394205]	[0.06522871000358117, 0.04282034801654597, 2.33275431686677, 0.14049257609008023, 1.312216312088192]
1241224210107658240	[0.19113578036781145, 0.14416504824509868, -0.5064749980264966, 0.6379132219403818, 3.4071510659691784]	[0.061828489310429204, 0.03859985993980313, 1.7722965575215404, 0.09883536024306518, 1.4567866501191566]
1253322173403394049	[0.23955457616970396, 0.17733932407002306, -7.454740059479859, 0.6838379408590453, 3.7585231415882427]	[0.06087454173922113, 0.03864710541921611, 3.6177628659239414, 0.07414994901756253, 1.3904200022862483]
1257959303945900032	[0.19510655025956514, 0.1478424773505109, -1.1212177285083855, 0.6402783944092153, 3.3132094231113163]	[0.0589570972858313, 0.03819521765731579, 2.0778938935726456, 0.09234138533253881, 1.164354701361077]
1264179482648248320	[0.23324548581115848, 0.1774529097232721, -1.9597081363773712, 0.6190373855283505, 3.271157756035915]	[0.043980502911734956, 0.02267570921993141, 2.4346081893159788, 0.17189158979291255, 1.1494473971975465]
1265631236028084224	[0.2479503701132711, 0.1822329368392187, -1.2992729800798455, 0.6969078138789282, 4.708845094503214]	[0.03998411958143767, 0.026051594960797776, 2.1406408747266528, 0.04202356800452739, 2.9748589920854256]
1267281706245128192	[0.21494764120064644, 0.16446994730174005, -1.9277570321582171, 0.6281019812928663, 3.079850157299143]	[0.04570676108449767, 0.022321210349161517, 2.419042975854804, 0.14595086411687816, 0.840246178671226]
1286433502037245955	[0.25471637881524106, 0.19177039613422983, -1.9628817956355713, 0.6184758167437507, 3.8027660627241997]	[0.05837594032807692, 0.037053394601788206, 2.3377558463430295, 0.20071287298426305, 1.6390836929638481]
1295170777776619520	[0.22364261434829025, 0.16722875237276044, -4.229719487707995, 0.6771157815217813, 3.871723597708205]	[0.04508901391027005, 0.02833708901957612, 3.8882195776503745, 0.07857399721825235, 2.0450444313619975]
1303185624317321216	[0.33813856913617735, 0.26428456396572464, -2.0343478290327215, 0.606567587943794, 4.243734273020854]	[0.06407699451143967, 0.0881430190942308, 2.564130698138002, 0.21836066043307065, 2.1805631642169208]
1296175329556406273	[0.2480109398718696, 0.1828722254350055, -1.2815236271308144, 0.7019669413576681, 4.649344612122949]	[0.039110702911071236, 0.02359017131707574, 2.143725134389101, 0.0361035266839402, 2.816507387723665]
1304838924188123136	[0.25063704827412114, 0.19367473563374862, -1.9713091778853864, 0.5960776203244024, 3.1364300612180163]	[0.04613944603773245, 0.03295680931467391, 2.3598721323220113, 0.2248107621874546, 1.0725350475254636]
1307008631771148288	[0.25432822461130306, 0.18775419667729684, -2.781929620768503, 0.6984312817406648, 5.628073864085633]	[0.029347810580981296, 0.023606875398669153, 2.5880562617084455, 0.031748375763925606, 4.635406326255486]
1308151079222345728	[0.2143192791643327, 0.16100700364108395, -1.9525202754662971, 0.6224654356128868, 3.2142902587153106]	[0.05333615608347977, 0.03177872719963241, 2.2737273101595337, 0.16644083579038596, 1.276484978764588]
1314857412956839937	[0.27680132907445626, 0.21887858966717455, -1.2453226490754885, 0.5984216057212592, 3.3785628701749153]	[0.06075880956201115, 0.0673014659020632, 2.155491542620033, 0.21830615799544015, 0.9725240706273309]
1334963880641114113	[0.2239426110731118, 0.16724852670509607, -2.00755559118556, 0.6366662049532504, 3.38966091474365]	[0.07406621442631964, 0.04844537484258519, 2.493621200924876, 0.16368656232067802, 1.1699594803028466]
1343933675725996033	[0.22200541231288942, 0.16703441418553347, -1.9992676320066356, 0.6488199464217329, 3.6130358949383417]	[0.0502534203158828, 0.02658705959169056, 2.32201504490367, 0.12618526252388326, 1.3869163464766883]
1347248904895672323	[0.26015845111948305, 0.19205230896333214, -1.2812432569955856, 0.6967063957676731, 5.026868171791937]	[0.012244785796342838, 0.012779030270068641, 2.1553142927141065, 0.04643978779676189, 3.693681760316023]
1348724621034483712	[0.19999429924488907, 0.15002871069852589, -1.3464651542612254, 0.6545836525639369, 3.203892879319758]	[0.0641210263604588, 0.03965227923204477, 2.0987030277727694, 0.11692381273880768, 1.1236056310925]
1357459209537937408	[0.24983126932198946, 0.1850863261635022, -2.081162481134164, 0.6950288667774098, 4.382525426503823]	[0.05259104915209887, 0.030030204201127078, 2.4698639064647923, 0.05670387781347037, 2.162349428840926]
1360507235936456704	[0.24217380658559723, 0.18225535932497755, -1.2950437094486207, 0.6234938612996024, 3.965989906437384]	[0.05136481770457243, 0.02682343307721585, 2.104134865872127, 0.19960525508682414, 1.7144250371692533]
1381436262633111552	[0.21931835032242314, 0.16334469676860344, -1.944465900327828, 0.6136011802110716, 2.968300779803777]	[0.0768557725727123, 0.04928916524869994, 2.3931955416626067, 0.2166325924103258, 1.2893600005785737]
1390960631759523840	[0.2121526368173984, 0.15918349521219108, -6.865674817938601, 0.6722424607511298, 3.283893074809715]	[0.04700434996712205, 0.027738402172981083, 3.116581038628219, 0.07685463431016495, 1.1500903372459297]
1394901053825556480	[0.2593242284449844, 0.20641712520082853, -2.857352124986646, 0.5942088934396218, 3.000961811677818]	[0.06988458027707274, 0.08026010171102695, 2.713223782239636, 0.2333197216622384, 0.9079916364877583]
1405935500242915328	[0.25597265209432946, 0.19028950111303358, -1.9051110746714486, 0.6632413232048063, 4.327911217493494]	[0.021605073072882994, 0.017480610054037112, 2.399831757042284, 0.11696732989617462, 2.421680333645132]
1406907752065110016	[0.1979417594902231, 0.14582193820555028, -1.910769460419115, 0.655271772313418, 3.1475233228661024]	[0.07868459838492087, 0.054358514661107304, 2.43118752127171, 0.09939496356786501, 1.0278153974495614]
1419740808757055491	[0.25366077917718755, 0.18578068271013948, -2.0138964651236373, 0.6823433665158987, 4.103325498572767]	[0.048259867509281136, 0.029370112079739972, 2.3652541560562748, 0.08280607467312553, 1.783795609878337]
1424640593938944005	[0.21689952719857222, 0.16247715124244233, -5.7714653543742145, 0.6479130122621544, 3.7859900986022788]	[0.05512018562683584, 0.02982539842385038, 3.6075567923160703, 0.18029674907922244, 1.872124465588256]
1425454693275168775	[0.2425486057210828, 0.1811722029032232, -2.7946850412580644, 0.657302921095722, 4.2437961799327235]	[0.02653665443339213, 0.018081217824179104, 2.5730632047565014, 0.11160542601570031, 2.1825549080473503]
1449841497298382850	[0.2869403226522176, 0.2292198428180909, -1.2688165400030498, 0.5864424854044635, 3.133783511464889]	[0.03713441937914063, 0.05587687844333156, 2.207995339658241, 0.21882898561120917, 0.9732497063166053]
1432363068969734144	[0.27039728898966886, 0.20085978747276537, -1.273901595731748, 0.6764096591463193, 5.149538564893938]	[0.014661264645256938, 0.01458450686688814, 2.1284133285571016, 0.05779763092923665, 3.8056438730533015]
1461358161453928448	[0.23122476543875134, 0.17404164440991862, -5.148261098044079, 0.6466888092396638, 4.7063681176613965]	[0.05138576052371149, 0.02906153297205989, 3.155397244410015, 0.16013559166013472, 3.8189010260693186]
1470403383471263745	[0.34405365164600377, 0.2756103253381926, -2.0614016640134603, 0.5987185990423215, 4.315534774882761]	[0.11422708808844403, 0.13009903803044617, 2.339469157662755, 0.20757613426955476, 2.289904727998783]
1470797296921034752	[0.22400260789297413, 0.16459921867266958, -1.952217777107811, 0.663161092476693, 3.877783571233327]	[0.08167249357483947, 0.057130799365425, 2.3799680456221908, 0.12103998637720861, 1.5838091258362106]
1471505856378273792	[0.21213776529142245, 0.1562082234848582, -2.056145594226738, 0.6347951045003282, 3.2099832965336392]	[0.08399002882811545, 0.05803980431773076, 2.4723957405816797, 0.17487563015284038, 1.1030982487179803]
1476984898477260800	[0.22181966753630303, 0.1648555128195817, -6.091679203165147, 0.6911825454349483, 3.8082044668436676]	[0.07277251139612596, 0.04664232277314486, 1.8625487965774656, 0.05313023298132062, 1.5110600309213698]
1509439556860456960	[0.24197720327094474, 0.17802520812103123, -2.0164637379085013, 0.6392021682433632, 4.5551967712021915]	[0.08470461141655089, 0.06021054171789547, 2.31958754146228, 0.17891064478228008, 2.6832701555878975]
1512708407329198084	[0.23039339691426672, 0.17715647856553116, -2.058988463684833, 0.6174172986371388, 3.1799746347156446]	[0.05295452002961575, 0.026037230747994827, 2.474008707068322, 0.16401974949836623, 0.8319773700428833]
1513648688417193984	[0.16774239404935834, 0.12768825556054308, -0.8382243235594199, 0.6584848547856529, 2.7469348586926925]	[0.05726239473936633, 0.035070104966490365, 2.341186603606054, 0.1213304467498173, 0.7001263073124973]
1518068230341881856	[0.24835295232636095, 0.18899218246328603, -1.2370850580876667, 0.6314513220443063, 3.642931091434223]	[0.04537912223391652, 0.026038230963435542, 2.177324077784886, 0.14580145772847286, 1.297541698315242]
1524084713178431488	[0.23098325606301576, 0.17572166357142785, -1.9786515529388629, 0.6406784958464685, 3.451775067904007]	[0.037677188742384855, 0.022423500091313973, 2.423623670235316, 0.14553769171035277, 1.277923324165879]
1524540516561559552	[0.18788834944012858, 0.1381981895836924, -1.9151112101852015, 0.646685827231044, 3.1427561829671995]	[0.08630618843715634, 0.0610369151588417, 2.366643191152254, 0.13021426960634566, 1.0705842832919776]
1526108537293680640	[0.2198206942063981, 0.1601077368416755, -1.1898591694411143, 0.7172421000798127, 3.4267248035989213]	[0.08464028880686794, 0.062024743305640555, 2.129125637599249, 0.08701633564426954, 1.2260759060731323]
1534104823527661696	[0.20437069282509482, 0.1488945809233537, -1.9782261867101583, 0.7302252666905118, 3.4978720567761536]	[0.08912290518367336, 0.06357420239186609, 2.3767455276671017, 0.08475915846427103, 1.2603686294531116]
1530832682095190018	[0.24899716226794244, 0.18585719822368474, -5.011097161130114, 0.6807484123652043, 4.0184664311063285]	[0.034685237650940566, 0.016905033915980767, 3.5370978868390477, 0.08895103095444688, 1.847717612648945]
1535843539778564096	[0.21679938771447377, 0.1627525692201306, -5.366187046345347, 0.6845864279825504, 3.439294607747592]	[0.06077922592595866, 0.036494308602164065, 3.64898328162528, 0.06512216580999355, 1.202322935454118]
1541974408058773504	[0.21457003236074007, 0.16188699505911308, -2.881725946087414, 0.6080692835275433, 3.0144462745921294]	[0.06851687871416931, 0.042667503253300584, 2.6967831794681962, 0.20695158096478244, 0.9125656072556548]
1536055318542794752	[0.24148495348155666, 0.18001112166604694, -2.8567551558555553, 0.6829436119079637, 4.342654513450022]	[0.027533643603665024, 0.02454187474764185, 2.6622098195446253, 0.07658851578965332, 2.545103408613452]
1541974408058773512	[0.2398211868790045, 0.17964505418502996, -1.224623496794191, 0.6518280632066051, 3.5936109132764096]	[0.044338543436101475, 0.025855060709833184, 2.1744318631639614, 0.13393491296539625, 1.1904207810339749]
1545674949968420864	[0.24472501197586363, 0.18516321843372535, -2.072408841445832, 0.6668159880663412, 5.519009924698243]	[0.04033820402366202, 0.027199445567071063, 2.3683388510867434, 0.09833129588648482, 4.8303242550884]
1551000216085618690	[0.20405129496852548, 0.15327216617575593, -6.381149126307047, 0.6163802184921583, 2.8182557634681222]	[0.08330104050512614, 0.05723646922779944, 3.4780574813921468, 0.1872582536755036, 0.8586436673197644]
1552006530374852608	[0.24542853423938457, 0.1848913319675026, -1.9919752941006896, 0.6559265574169992, 4.25262224664943]	[0.02458697114371768, 0.01788551445124186, 2.4101815665399675, 0.11018307737030088, 2.40980429889589]
1557748313948147712	[0.23056534826476333, 0.17118029346602018, -1.1603254663458582, 0.6588538457209285, 3.451301714056337]	[0.05977254620239752, 0.03674812713023757, 2.215524043392889, 0.1406697245344735, 1.262729578804391]
1558953336916922368	[0.2051567051563198, 0.15347277588862232, -2.8094635008609883, 0.5846927000714919, 2.880989918589711]	[0.08645614844383036, 0.0627891707118487, 2.5563649442338616, 0.23553177794685468, 1.5817826351338014]
1559593258086305792	[0.21318907740694878, 0.1576884345064173, -2.7879857030949458, 0.6135704090316934, 3.325405735430664]	[0.07720054291720972, 0.05546695456674241, 2.580944124860969, 0.23380538090091618, 2.1758723904494714]
1559849276699729923	[0.24732304769990707, 0.1811941745777019, -2.0572384462392757, 0.6990404609971002, 4.730231642984223]	[0.03716267653685721, 0.022865208192611643, 2.4837607127383694, 0.041830285802126235, 2.9686371616223806]
1560479529881063424	[0.21982386727200784, 0.1615157015182535, -1.9617820329713354, 0.7070298167256256, 4.602376528819745]	[0.0523327882977351, 0.03458199173895756, 2.435519569617107, 0.023626670603550913, 3.1318470209189675]
1562198318276431876	[0.2072697668242218, 0.1549369294452565, -5.694088713349144, 0.6750379531427186, 3.450372273627109]	[0.06100047732808224, 0.03637999377557436, 3.5597099451998164, 0.08944481922477121, 1.313147824942438]
1563911121681137669	[0.20975534786499725, 0.15843541578388237, -1.5538674272345059, 0.6160650373163482, 2.5320288219054135]	[0.07260492172043152, 0.04766599034483038, 2.576256530556592, 0.18570690478461607, 0.872176692518174]
1567761967015772161	[0.1931753221239163, 0.14366475279867427, -2.049902213122305, 0.6644460617415601, 3.14408727043181]	[0.0844263399605777, 0.059220088036017825, 2.447070719754068, 0.06865134933395027, 1.1289316975762336]
1567948218499239936	[0.20939302728616205, 0.15766145368187337, -5.385237186856543, 0.6497928258976443, 3.8899855291612693]	[0.04886243905457663, 0.027203155164350803, 3.397154048987324, 0.14416729164189102, 2.2372139047893675]
1573022912000319488	[0.24405964842430888, 0.18248087164511811, -1.8783286917836781, 0.6458940396113337, 4.307103603457049]	[0.017394112111572414, 0.016010439693532334, 2.378297458693408, 0.09439782300710946, 2.53019103776445]
1573532345772146688	[0.24808970711092912, 0.18539202039129762, -5.001284340660481, 0.6746173333864341, 3.901924864677309]	[0.03606609625861935, 0.018021060037947612, 3.5520195390419698, 0.09599124560097581, 1.6720171792709557]
1573696002644664322	[0.22291416278798798, 0.17266279910819474, -1.967333162976249, 0.5992465261893315, 2.8583010422293564]	[0.05894097894699058, 0.032947352566106924, 2.324052881129128, 0.17560293408214103, 0.6791448594022867]
1576130850844184576	[0.25965346179294735, 0.19875868177210765, -2.926297675507501, 0.6210174814786744, 3.3761712585745474]	[0.028074866739166652, 0.01692479848961392, 2.671853592213121, 0.1793972524057799, 1.0147032116808443]
1577959393940881408	[0.12694742663292086, 0.09491778444053622, 0.0749152472629927, 0.7145771855399882, 1.6035352108085499]	[0.07739159625531823, 0.05702170059367152, 1.3044516762826086, 0.13798368116208531, 0.5916244751528569]
1581248279123197953	[0.23950236051458695, 0.17730692670315423, -7.495229996919936, 0.6829761932592472, 3.7336395556180686]	[0.060901830627109514, 0.038668741177271974, 3.6471842100754897, 0.07560578385524946, 1.3609631743114003]
1582074009470267392	[0.21184036121627875, 0.16035547350645596, -5.174618780420391, 0.6648582305102346, 4.169074866745922]	[0.05527960927952579, 0.036077072595944046, 3.1727868135560513, 0.09175511073648361, 2.9799855385978926]
1585801883985317889	[0.2473075343615603, 0.1869507185297958, -1.9293793999795215, 0.6315196220544096, 4.1128354803164955]	[0.061858776906905014, 0.044993664642766704, 2.4637482692494928, 0.15846323834851037, 2.0932634468295204]
1586612104127451136	[0.24308031499520172, 0.18001256425145287, -1.2651769624094187, 0.7099552688987784, 4.92578214670896]	[0.024975634839633984, 0.011432854651621378, 2.1707152201005875, 0.03413696022941746, 3.3120537852048244]
1597126178804039682	[0.2651579090245681, 0.19736515459968212, -1.279017050756046, 0.684006401018573, 4.610838471769282]	[0.03583841095141626, 0.019615065128731582, 2.150901966127306, 0.07093610839442643, 2.615703570821575]
1599013198501388288	[0.21723174902605868, 0.16569457441912902, -5.445093665577996, 0.6513383492285629, 5.254435253983426]	[0.04910492512170677, 0.025816361378616138, 3.401064287310188, 0.1417393250573739, 5.537895661548073]
1603172736351670272	[0.23720834868153437, 0.17965068805396156, -3.0042311160710105, 0.6210302595161161, 3.219767606568839]	[0.039574252863367916, 0.03130861571739756, 2.6515456652791416, 0.22944823557868785, 1.0733298300969043]
1604350270472916993	[0.2510303081493238, 0.18872076589317002, -4.260378379633622, 0.6531862281378641, 3.632256236365076]	[0.04501321928407763, 0.02361725175929303, 1.920372817266173, 0.1226158097782588, 1.512246127701171]
1705999885	[0.252614263097337, 0.1933485139532815, -1.9406449428299748, 0.6295693347476548, 3.2586769264422357]	[0.045815827781031056, 0.021620458658320314, 2.4039061453225448, 0.15440973178531342, 1.0103062709371842]
175625853	[0.23398705561543606, 0.17643591535772124, -2.011340878362153, 0.6531214264838255, 4.0385734018148085]	[0.039159613646091884, 0.02299247777280663, 2.4007759775948343, 0.10985451648061863, 2.1467668450152138]
285050738	[0.23410120147129002, 0.17399185977542558, -1.9603625206282966, 0.6530462194408729, 4.4585971497620305]	[0.041841200866065846, 0.0232018954219471, 2.4391143796981667, 0.13153562197723456, 2.678276489966994]
3022955977	[0.202054259462244, 0.15088569577715352, -6.165932813014242, 0.6497771560756289, 2.782099945059514]	[0.08076731592952867, 0.0523684847584875, 2.389415239274849, 0.12393709286124033, 0.5538948607824052]
3141533716	[0.2507031481066969, 0.18796526419972823, -1.3009342892016038, 0.6116193781257389, 4.45317842590545]	[0.059591323812317736, 0.03722450969630149, 2.1195770342393514, 0.179452091695541, 2.5790802919432574]
390960016	[0.22551733981343208, 0.17254930885680142, -2.9223340663714548, 0.6114680538173658, 2.835821025282014]	[0.062247548280468606, 0.033563661445918706, 2.680396389948234, 0.17376996021032423, 0.7860639339590768]
3295465306	[0.2739685784757447, 0.2016243382234015, -1.9548714281852595, 0.7045771403995922, 5.611018895952623]	[0.019402321892003967, 0.020019291472018717, 2.4047447468030794, 0.032344559396031126, 4.727741677992342]
4405807395	[0.2576532521980787, 0.1916315045708774, -6.224414613023082, 0.6767616608470899, 4.0915791323448465]	[0.026440115271093547, 0.016885356559997747, 2.194497881736863, 0.11060936628335524, 2.057920486635683]
786189623944843264	[0.23003220895498344, 0.17148537377838075, -4.210182993968919, 0.6421733125538062, 3.7441077305395645]	[0.04586059620029201, 0.024132652980959787, 2.0704769946375214, 0.09990771025693201, 1.5596604598325463]
800152580915499010	[0.24898195289552597, 0.18267989239623317, -2.32232625719995, 0.6766566820046318, 4.116086639460327]	[0.05336866922799668, 0.03598211966457924, 1.7817899115384916, 0.08225910274653042, 1.8318977207440124]
855091879003738113	[0.23383098837903493, 0.17457228853266554, -5.056406530090256, 0.6671659493540666, 5.48220310077832]	[0.04943826843285232, 0.02670848360610361, 3.0615023407175754, 0.12299991020074537, 5.788212802658688]
878199957500686336	[0.24620697662871577, 0.18074191954249907, -2.035511202402084, 0.6984896683485055, 4.701407013289134]	[0.03812751142483011, 0.02374818901496774, 2.3565927177497055, 0.041380263489969774, 2.9720927066556357]
938384349342429184	[0.23190635977820123, 0.18134129114556752, -2.8565194445782955, 0.591902030465914, 3.002606031237474]	[0.03431407636576369, 0.0227208451248408, 2.638698440837161, 0.19537466056329877, 1.0473029458927234]
938634317294653440	[0.18377023392018543, 0.1386215066392883, -1.2259912884840407, 0.6266871770843917, 3.467689117699597]	[0.07365906444622591, 0.04917527989554712, 2.1341836533933827, 0.14258522994657505, 1.8442059741182868]
941038685818060800	[0.23452083996697864, 0.17230203913685696, -2.0450999637402503, 0.7204590323624931, 5.662783741149946]	[0.08638938362975589, 0.06338152397429292, 2.46584944238275, 0.05635071782587264, 5.210070160224743]
952266549062139904	[0.17576326149688995, 0.12626989079572565, -1.3203295874086494, 0.7412031528666441, 3.4352296155894897]	[0.08339407614723908, 0.059125303493540185, 2.1780962632348353, 0.10158064661434647, 1.1679135082005607]
952266549062139905	[0.21103078316987905, 0.1549045070256153, -1.9115453547980055, 0.7407400643803058, 3.6696421234542336]	[0.08005889997640751, 0.05748005452061624, 2.3868197149660455, 0.08208714254999779, 1.7471043111653817]
974798197531930624	[0.2585842671937316, 0.1979456651213391, -1.9348329281600405, 0.6387300475241696, 3.6926168500525605]	[0.013361242589563548, 0.023110016181376203, 2.417342831886904, 0.12601710249503498, 1.5687738171632868]
975175578365190144	[0.20802048454963598, 0.16132797044599376, -1.8598880164427345, 0.594686300094293, 2.7482233121341877]	[0.04634980421891037, 0.027230728428697726, 2.3150789032824037, 0.21597673865840622, 0.7885097250246396]
