855091879003738113	[1.1801174547482323e-07, 1.1783823130375118e-07, 1.1900908768991102e-07, 0.7486280442585507, 0.002271102935128546]	[0.0, 0.0, 0.0, 0.0, 0.0]
1524084713178431488	[1.1585038832454844e-07, 1.1568004218133786e-07, 1.1683007458158002e-07, 0.7481034533259131, 0.002215289233977078]	[0.0, 0.0, 0.0, 0.0, 0.0]
1257959303945900032	[6.583743353731325e-07, 6.583695840964122e-07, 6.564821311710852e-07, 0.7574726250369932, 0.0131995075003062]	[0.0, 0.0, 0.0, 0.0, 0.0]
1530832682095190018	[1.1615850244367821e-07, 1.1598770343592044e-07, 1.1714092855371249e-07, 0.7473480062296142, 0.0022176624392176683]	[0.0, 0.0, 0.0, 0.0, 0.0]
3295465306	[1.1737137788263106e-07, 1.1719884501314799e-07, 1.1835449206938658e-07, 0.7519226482389657, 0.002400959636474158]	[0.0, 0.0, 0.0, 0.0, 0.0]
1552006530374852608	[1.169179101241084e-07, 1.167459944481752e-07, 1.1790676220284234e-07, 0.74717959291879, 0.0022408404344223336]	[0.0, 0.0, 0.0, 0.0, 0.0]
975175578365190144	[1.1801174547482327e-07, 1.1783823130375118e-07, 1.1900908768991106e-07, 0.7486280442585507, 0.002271102935128546]	[0.0, 0.0, 0.0, 0.0, 0.0]
1512708407329198084	[1.1497210596396554e-07, 1.1480305452137566e-07, 1.1594457689225424e-07, 0.7491551101270248, 0.0021965270715085137]	[0.0, 0.0, 0.0, 0.0, 0.0]
1470797296921034752	[6.526100891653288e-07, 6.526054925650119e-07, 6.501769565827049e-07, 0.7557878174870758, 0.012577757661677957]	[0.0, 0.0, 0.0, 0.0, 0.0]
878199957500686336	[1.1801174547482323e-07, 1.1783823130375117e-07, 1.1900908768991106e-07, 0.7486280442585507, 0.002271102935128546]	[0.0, 0.0, 0.0, 0.0, 0.0]
1264179482648248320	[6.839339615765737e-07, 6.839291475408175e-07, 6.815894904942581e-07, 0.7602996254681648, 0.01348262753411226]	[0.0, 0.0, 0.0, 0.0, 0.0]
1010300612129509376	[-1.585291792506071e-11, -1.5852925739339803e-11, -4.929803622079897e-12, 0.95, 3.1666666666666665]	[0.0, 0.0, 0.0, 0.0, 0.0]
1217558606842859522	[6.671354371811019e-07, 6.671307361655299e-07, 6.507608045848877e-07, 0.76189568400183, 0.013006717175661955]	[0.0, 0.0, 0.0, 0.0, 0.0]
1184331211721736192	[6.86204260010304e-07, 6.861994298723255e-07, 6.838503344330626e-07, 0.7604887668690306, 0.013555782247280847]	[0.0, 0.0, 0.0, 0.0, 0.0]
1558953336916922368	[1.1695266606179814e-07, 1.1678069928132383e-07, 1.1794181224998812e-07, 0.7471646979114502, 0.002241996292450225]	[0.0, 0.0, 0.0, 0.0, 0.0]
1347248904895672323	[6.521178365510725e-07, 6.521132464082682e-07, 6.49888806113615e-07, 0.7682141394586948, 0.01284424570323101]	[0.0, 0.0, 0.0, 0.0, 0.0]
1405935500242915328	[6.733517718396776e-07, 6.733470322911991e-07, 6.710499040402154e-07, 0.7563197449328172, 0.013224437135143315]	[0.0, 0.0, 0.0, 0.0, 0.0]
1390960631759523840	[6.766573020611436e-07, 6.766525392241597e-07, 6.743443509553109e-07, 0.7617369993107146, 0.013331885672311205]	[0.0, 0.0, 0.0, 0.0, 0.0]
1267281706245128192	[-2.8331141838389944e-10, -2.833114183850548e-10, -2.2186788019505138e-10, 0.2857142857142857, 1.0]	[0.0, 0.0, 0.0, 0.0, 0.0]
1582074009470267392	[1.1769519880530446e-07, 1.1752215176497495e-07, 1.18690433390587e-07, 0.7488892838102008, 0.002263095908758675]	[0.0, 0.0, 0.0, 0.0, 0.0]
1296175329556406273	[6.799949264139083e-07, 6.799901400967233e-07, 6.776699907876914e-07, 0.7613108714839403, 0.013427956465237168]	[0.0, 0.0, 0.0, 0.0, 0.0]
1470403383471263745	[6.546769310463803e-07, 6.546723198905914e-07, 6.522365510720248e-07, 0.7555405557430532, 0.012640645056860318]	[0.0, 0.0, 0.0, 0.0, 0.0]
1253322173403394049	[6.850672750337485e-07, 6.850624528991082e-07, 6.827172343646179e-07, 0.760190086156937, 0.01351705982652328]	[0.0, 0.0, 0.0, 0.0, 0.0]
3141533716	[1.1790568184123596e-07, 1.177323236594039e-07, 1.1890214255256245e-07, 0.7486802301441366, 0.0022676494704745643]	[0.0, 0.0, 0.0, 0.0, 0.0]
1599013198501388288	[1.1780092224943637e-07, 1.1762771977773342e-07, 1.187970597942e-07, 0.7488668345430307, 0.0022666257780934087]	[0.0, 0.0, 0.0, 0.0, 0.0]
952266549062139904	[1.1801174547482307e-07, 1.1783823130375109e-07, 1.1900908768991093e-07, 0.7486280442585507, 0.002271102935128546]	[0.0, 0.0, 0.0, 0.0, 0.0]
1303185624317321216	[6.668377397939652e-07, 6.668330378409385e-07, 6.645598188637139e-07, 0.7519748418254651, 0.01307375875445859]	[0.0, 0.0, 0.0, 0.0, 0.0]
1314857412956839937	[6.783225314341136e-07, 6.783177568787257e-07, 6.760038664742069e-07, 0.7616018394328415, 0.013385490543138135]	[0.0, 0.0, 0.0, 0.0, 0.0]
1343933675725996033	[6.470693979316966e-07, 6.47064842100818e-07, 6.443280173342462e-07, 0.7555256869772998, 0.012399464217656062]	[0.0, 0.0, 0.0, 0.0, 0.0]
1545674949968420864	[1.166752007679081e-07, 1.1650364197496194e-07, 1.1766200115040732e-07, 0.7473219540906415, 0.0022340083744083316]	[0.0, 0.0, 0.0, 0.0, 0.0]
1449841497298382850	[6.7008181365072e-07, 6.700770956316567e-07, 6.677910627412382e-07, 0.7567864309241661, 0.013137503105443102]	[0.0, 0.0, 0.0, 0.0, 0.0]
1586612104127451136	[1.1780092224943632e-07, 1.176277197777334e-07, 1.1879705979419993e-07, 0.7488668345430307, 0.0022666257780934087]	[0.0, 0.0, 0.0, 0.0, 0.0]
1419740808757055491	[6.717126089974657e-07, 6.717078809994704e-07, 6.694156039730306e-07, 0.7564010165762621, 0.01316993917299043]	[0.0, 0.0, 0.0, 0.0, 0.0]
1567948218499239936	[1.1734394484177683e-07, 1.1717141390346158e-07, 1.183362087177654e-07, 0.7483449580328644, 0.002252907131931153]	[0.0, 0.0, 0.0, 0.0, 0.0]
952266549062139905	[1.1801174547482323e-07, 1.1783823130375118e-07, 1.1900908768991102e-07, 0.7486280442585507, 0.002271102935128546]	[0.0, 0.0, 0.0, 0.0, 0.0]
800152580915499010	[1.1797635746677268e-07, 1.1780289532471683e-07, 1.1897339953967127e-07, 0.7486504122916295, 0.0022700107654630994]	[0.0, 0.0, 0.0, 0.0, 0.0]
1394901053825556480	[6.766573020611437e-07, 6.766525392241596e-07, 6.743443509553107e-07, 0.7617369993107146, 0.013331885672311205]	[0.0, 0.0, 0.0, 0.0, 0.0]
938634317294653440	[1.1801174547482307e-07, 1.1783823130375107e-07, 1.1900908768991093e-07, 0.7486280442585507, 0.002271102935128546]	[0.0, 0.0, 0.0, 0.0, 0.0]
1551000216085618690	[1.1691791012410846e-07, 1.1674599444817533e-07, 1.179067622028423e-07, 0.74717959291879, 0.0022408404344223336]	[0.0, 0.0, 0.0, 0.0, 0.0]
1524540516561559552	[1.1588450889250185e-07, 1.157141125736984e-07, 1.1686448208802918e-07, 0.7480960749853545, 0.0022165078632221985]	[0.0, 0.0, 0.0, 0.0, 0.0]
1295170777776619520	[6.788783497842937e-07, 6.788735713265026e-07, 6.765572323627861e-07, 0.7613658162286592, 0.013387923950925112]	[0.0, 0.0, 0.0, 0.0, 0.0]
1334963880641114113	[6.783225314341145e-07, 6.783177568787264e-07, 6.76003866474207e-07, 0.7616018394328415, 0.013385490543138135]	[0.0, 0.0, 0.0, 0.0, 0.0]
1560479529881063424	[1.1702223730120644e-07, 1.1685016822044632e-07, 1.1801197170091352e-07, 0.7471640295824862, 0.0022441339499642554]	[0.0, 0.0, 0.0, 0.0, 0.0]
1286433502037245955	[6.799974326677342e-07, 6.799926463390779e-07, 6.776724919820976e-07, 0.7613802103323866, 0.013426602772363006]	[0.0, 0.0, 0.0, 0.0, 0.0]
1509439556860456960	[1.1477084251924984e-07, 1.1460208696617246e-07, 1.1574159650954552e-07, 0.7492064416552607, 0.0021899501487773494]	[0.0, 0.0, 0.0, 0.0, 0.0]
1221958979573764096	[6.856352724212257e-07, 6.856304462883345e-07, 6.832832656472584e-07, 0.7604964045465089, 0.01353605416898908]	[0.0, 0.0, 0.0, 0.0, 0.0]
1559849276699729923	[1.1702223730120657e-07, 1.1685016822044648e-07, 1.1801197170091354e-07, 0.7471640295824862, 0.0022441339499642554]	[0.0, 0.0, 0.0, 0.0, 0.0]
974798197531930624	[1.1801174547482323e-07, 1.1783823130375118e-07, 1.1900908768991106e-07, 0.7486280442585507, 0.002271102935128546]	[0.0, 0.0, 0.0, 0.0, 0.0]
1471505856378273792	[6.500447985224937e-07, 6.500402199902794e-07, 6.476212440420114e-07, 0.7560062869545693, 0.012495732078440687]	[0.0, 0.0, 0.0, 0.0, 0.0]
1357459209537937408	[6.772114392270516e-07, 6.772066724916365e-07, 6.748965728593545e-07, 0.7617296717606955, 0.013351055974006794]	[0.0, 0.0, 0.0, 0.0, 0.0]
1705999885	[1.1787036069621032e-07, 1.1769705444829177e-07, 1.1886652344185408e-07, 0.7486951364175564, 0.002266470333801183]	[0.0, 0.0, 0.0, 0.0, 0.0]
175625853	[1.1787036069621032e-07, 1.1769705444829183e-07, 1.1886652344185408e-07, 0.7486951364175564, 0.002266470333801183]	[0.0, 0.0, 0.0, 0.0, 0.0]
1557748313948147712	[1.1695266606179806e-07, 1.1678069928132371e-07, 1.1794181224998795e-07, 0.7471646979114502, 0.002241996292450225]	[0.0, 0.0, 0.0, 0.0, 0.0]
1581248279123197953	[1.1751919683412322e-07, 1.1734640822721218e-07, 1.1851294757502238e-07, 0.7482697426796806, 0.0022576789999710863]	[0.0, 0.0, 0.0, 0.0, 0.0]
390960016	[1.1794099262475322e-07, 1.1776758247740783e-07, 1.1893773571200383e-07, 0.748665322102266, 0.0022688296139699933]	[0.0, 0.0, 0.0, 0.0, 0.0]
1536055318542794752	[1.1639907159300455e-07, 1.162279188591575e-07, 1.1738353441521181e-07, 0.7472143004145474, 0.0022252828556468688]	[0.0, 0.0, 0.0, 0.0, 0.0]
1573532345772146688	[1.1741397817895475e-07, 1.1724134426704254e-07, 1.184068320362811e-07, 0.7483071646116088, 0.002254350450077277]	[0.0, 0.0, 0.0, 0.0, 0.0]
1461358161453928448	[6.620149521872322e-07, 6.620102893907459e-07, 6.597525692680185e-07, 0.7554953327311051, 0.012876968241259674]	[0.0, 0.0, 0.0, 0.0, 0.0]
1534104823527661696	[1.1629586024226748e-07, 1.1612485928472546e-07, 1.1727945496474998e-07, 0.7472737426883396, 0.0022220365402341306]	[0.0, 0.0, 0.0, 0.0, 0.0]
1432363068969734144	[6.451035618046092e-07, 6.450991309255556e-07, 6.416330998283021e-07, 0.7467411545623837, 0.012737001563721657]	[0.0, 0.0, 0.0, 0.0, 0.0]
1212271430257147904	[6.856352724212257e-07, 6.856304462883345e-07, 6.832832656472583e-07, 0.7604964045465089, 0.01353605416898908]	[0.0, 0.0, 0.0, 0.0, 0.0]
941038685818060800	[1.1801174547482323e-07, 1.1783823130375118e-07, 1.1900908768991102e-07, 0.7486280442585507, 0.002271102935128546]	[0.0, 0.0, 0.0, 0.0, 0.0]
285050738	[1.1790568184123596e-07, 1.177323236594039e-07, 1.1890214255256245e-07, 0.7486802301441366, 0.0022676494704745643]	[0.0, 0.0, 0.0, 0.0, 0.0]
1563911121681137669	[1.171965130748586e-07, 1.1702418771004798e-07, 1.1818771471098852e-07, 0.7470000294837397, 0.0022488721022338536]	[0.0, 0.0, 0.0, 0.0, 0.0]
1406907752065110016	[6.728057049592869e-07, 6.728009692672345e-07, 6.705049602838521e-07, 0.7563927460353593, 0.013210205060654168]	[0.0, 0.0, 0.0, 0.0, 0.0]
1567761967015772161	[1.1734394484177683e-07, 1.1717141390346158e-07, 1.183362087177654e-07, 0.7483449580328644, 0.002252907131931153]	[0.0, 0.0, 0.0, 0.0, 0.0]
1585801883985317889	[1.1769519880530446e-07, 1.1752215176497495e-07, 1.18690433390587e-07, 0.7488892838102008, 0.002263095908758675]	[0.0, 0.0, 0.0, 0.0, 0.0]
938384349342429184	[1.1801174547482323e-07, 1.1783823130375118e-07, 1.1900908768991102e-07, 0.7486280442585507, 0.002271102935128546]	[0.0, 0.0, 0.0, 0.0, 0.0]
1425454693275168775	[6.711673877239322e-07, 6.71162663563489e-07, 6.688722471515747e-07, 0.7564287339755746, 0.013150537520968066]	[0.0, 0.0, 0.0, 0.0, 0.0]
1513648688417193984	[1.1503934066580497e-07, 1.148701903627226e-07, 1.1601237997843884e-07, 0.7491185640607244, 0.002198669629127904]	[0.0, 0.0, 0.0, 0.0, 0.0]
1576130850844184576	[1.1744903631248956e-07, 1.1727635086294816e-07, 1.1844219343372562e-07, 0.7482920770118002, 0.0022552510662572477]	[0.0, 0.0, 0.0, 0.0, 0.0]
1541974408058773504	[1.166060395005693e-07, 1.1643458240212091e-07, 1.1759225498152077e-07, 0.7473591290275121, 0.002231799616572274]	[0.0, 0.0, 0.0, 0.0, 0.0]
1573696002644664322	[1.1741397817895475e-07, 1.1724134426704248e-07, 1.1840683203628108e-07, 0.7483071646116088, 0.002254350450077277]	[0.0, 0.0, 0.0, 0.0, 0.0]
1577959393940881408	[1.1748410619493562e-07, 1.1731136918210684e-07, 1.184775598695076e-07, 0.7482846326747901, 0.0022565091025584768]	[0.0, 0.0, 0.0, 0.0, 0.0]
1526108537293680640	[1.159528201275133e-07, 1.1578232336879124e-07, 1.1693337258849849e-07, 0.748073937370009, 0.0022188613905432383]	[0.0, 0.0, 0.0, 0.0, 0.0]
1219459547124858888	[6.856352724212257e-07, 6.856304462883345e-07, 6.832832656472584e-07, 0.7604964045465089, 0.01353605416898908]	[0.0, 0.0, 0.0, 0.0, 0.0]
4405807395	[1.1794099262475335e-07, 1.1776758247740794e-07, 1.1893773571200397e-07, 0.748665322102266, 0.0022688296139699933]	[0.0, 0.0, 0.0, 0.0, 0.0]
1424640593938944005	[6.71167387723932e-07, 6.71162663563489e-07, 6.688722471515747e-07, 0.7564287339755746, 0.013150537520968066]	[0.0, 0.0, 0.0, 0.0, 0.0]
1348724621034483712	[6.777665288654623e-07, 6.777617582229549e-07, 6.754497642040921e-07, 0.7617022906611507, 0.013370943665191839]	[0.0, 0.0, 0.0, 0.0, 0.0]
1597126178804039682	[1.1780092224943632e-07, 1.176277197777334e-07, 1.1879705979419993e-07, 0.7488668345430307, 0.0022666257780934087]	[0.0, 0.0, 0.0, 0.0, 0.0]
3022955977	[-5.589249378230049e-13, -5.58924956064046e-13, -5.277784449840313e-13, 0.95, 3.1666666666666665]	[0.0, 0.0, 0.0, 0.0, 0.0]
1304838924188123136	[6.788794574709301e-07, 6.788746789954757e-07, 6.765588931272219e-07, 0.7616036181058603, 0.013405464188905664]	[0.0, 0.0, 0.0, 0.0, 0.0]
1535843539778564096	[1.1636465632924832e-07, 1.1619355421732574e-07, 1.1734883404929591e-07, 0.7472440250463004, 0.002224316533919974]	[0.0, 0.0, 0.0, 0.0, 0.0]
1307008631771148288	[6.783225314341145e-07, 6.783177568787264e-07, 6.76003866474207e-07, 0.7616018394328415, 0.013385490543138135]	[0.0, 0.0, 0.0, 0.0, 0.0]
786189623944843264	[1.1797635746677268e-07, 1.1780289532471683e-07, 1.1897339953967127e-07, 0.7486504122916295, 0.0022700107654630994]	[0.0, 0.0, 0.0, 0.0, 0.0]
1381436262633111552	[6.766573020611437e-07, 6.766525392241596e-07, 6.743443509553107e-07, 0.7617369993107146, 0.013331885672311205]	[0.0, 0.0, 0.0, 0.0, 0.0]
1103457912335331328	[6.86204260010304e-07, 6.861994298723255e-07, 6.838503344330626e-07, 0.7604887668690306, 0.013555782247280847]	[0.0, 0.0, 0.0, 0.0, 0.0]
1541974408058773512	[1.1660603950056928e-07, 1.164345824021209e-07, 1.1759225498152077e-07, 0.7473591290275121, 0.002231799616572274]	[0.0, 0.0, 0.0, 0.0, 0.0]
1241224210107658240	[6.593906877659771e-07, 6.593860968184424e-07, 6.571379583061042e-07, 0.7668873175868813, 0.012976830089444027]	[0.0, 0.0, 0.0, 0.0, 0.0]
1265631236028084224	[6.839339615765737e-07, 6.839291475408175e-07, 6.815894904942581e-07, 0.7602996254681648, 0.01348262753411226]	[0.0, 0.0, 0.0, 0.0, 0.0]
1573022912000319488	[1.1741397817895471e-07, 1.1724134426704253e-07, 1.1840683203628108e-07, 0.7483071646116088, 0.002254350450077277]	[0.0, 0.0, 0.0, 0.0, 0.0]
1476984898477260800	[5.945645148400934e-07, 5.945602922708218e-07, 5.923782481793052e-07, 0.7679719259233522, 0.011431659848253676]	[0.0, 0.0, 0.0, 0.0, 0.0]
1603172736351670272	[1.1783512373776253e-07, 1.1766186939451739e-07, 1.1883102021019437e-07, 0.7487626329984292, 0.002266727749165544]	[0.0, 0.0, 0.0, 0.0, 0.0]
1562198318276431876	[1.1705705579145594e-07, 1.1688493551489687e-07, 1.180470850702504e-07, 0.7471491292689395, 0.002245292642495856]	[0.0, 0.0, 0.0, 0.0, 0.0]
1604350270472916993	[1.1783512373776246e-07, 1.1766186939451736e-07, 1.1883102021019441e-07, 0.7487626329984292, 0.002266727749165544]	[0.0, 0.0, 0.0, 0.0, 0.0]
1176972315537694720	[6.86204260010304e-07, 6.861994298723255e-07, 6.838503344330626e-07, 0.7604887668690306, 0.013555782247280847]	[0.0, 0.0, 0.0, 0.0, 0.0]
1308151079222345728	[6.783225314341145e-07, 6.783177568787264e-07, 6.76003866474207e-07, 0.7616018394328415, 0.013385490543138135]	[0.0, 0.0, 0.0, 0.0, 0.0]
1360507235936456704	[6.772114392270516e-07, 6.772066724916365e-07, 6.748965728593545e-07, 0.7617296717606955, 0.013351055974006794]	[0.0, 0.0, 0.0, 0.0, 0.0]
1559593258086305792	[1.1702223730120657e-07, 1.1685016822044648e-07, 1.1801197170091354e-07, 0.7471640295824862, 0.0022441339499642554]	[0.0, 0.0, 0.0, 0.0, 0.0]
1518068230341881856	[-6.176217091621046e-11, -6.176217066307505e-11, -6.432986350283629e-11, 0.1044776119402985, 1.1666666666666667]	[0.0, 0.0, 0.0, 0.0, 0.0]
