855091879003738113	[0.009010927622831445, 0.0007960661635795838, 0.009613281258109186, 0.8000653808434128, 0.001813344239775766]	[0.0, 0.0, 0.0, 0.0, 0.0]
1524084713178431488	[0.009010927622831443, 0.0007960661635795838, 0.009613281258109186, 0.8000719165767709, 0.001813418332455335]	[0.0, 0.0, 0.0, 0.0, 0.0]
1257959303945900032	[0.008363622889316587, -0.0018989194323106656, 0.008549369489337775, 0.6623235613463626, 0.013636702352269058]	[0.0, 0.0, 0.0, 0.0, 0.0]
1530832682095190018	[0.009010927622831445, 0.0007960661635795838, 0.009613281258109186, 0.8000621128164893, 0.0018133071934359813]	[0.0, 0.0, 0.0, 0.0, 0.0]
3295465306	[0.009010927622831443, 0.0007960661635795838, 0.009613281258109186, 0.8039679800121636, 0.0018119735252037363]	[0.0, 0.0, 0.0, 0.0, 0.0]
1552006530374852608	[0.009010927622831443, 0.0007960661635795838, 0.009613281258109186, 0.8000523080946776, 0.0018131960544166277]	[0.0, 0.0, 0.0, 0.0, 0.0]
975175578365190144	[0.009010927622831445, 0.0007960661635795838, 0.009613281258109186, 0.8000653808434128, 0.001813344239775766]	[0.0, 0.0, 0.0, 0.0, 0.0]
1512708407329198084	[0.009010927622831445, 0.0007960661635795838, 0.009613281258109186, 0.8000621128164893, 0.0018133071934359813]	[0.0, 0.0, 0.0, 0.0, 0.0]
1470797296921034752	[0.008753375142464492, 0.0007689261090004787, 0.009229421100709966, 0.8039124657819329, 0.0018603930913021862]	[0.0, 0.0, 0.0, 0.0, 0.0]
878199957500686336	[0.009010927622831443, 0.0007960661635795838, 0.009613281258109185, 0.8000719165767709, 0.001813418332455335]	[0.0, 0.0, 0.0, 0.0, 0.0]
1264179482648248320	[0.009552624257079423, -0.0011436598014596836, 0.009332576123721688, 0.7615360912102304, 0.0054680944391988055]	[0.0, 0.0, 0.0, 0.0, 0.0]
1010300612129509376	[-8.355644371695094e-48, 0.0, 2.223362066435567e-47, 0.8181818181818182, 4.5]	[0.0, 0.0, 0.0, 0.0, 0.0]
1217558606842859522	[-4.121309081384902e-05, -0.008955084021610459, -0.005693138985869458, 0.5245441795231417, 0.03191670933606418]	[0.0, 0.0, 0.0, 0.0, 0.0]
1184331211721736192	[0.007916688339832672, -1.7549016158559937e-33, -0.01692760155565667, 0.5238095238095238, 0.2619047619047619]	[0.0, 0.0, 0.0, 0.0, 0.0]
1558953336916922368	[0.009010927622831443, 0.0007960661635795838, 0.009613281258109186, 0.8000523080946776, 0.0018131960544166277]	[0.0, 0.0, 0.0, 0.0, 0.0]
1347248904895672323	[0.007152596887356888, -0.0004857487382228286, 0.006695149921743164, 0.8192303380234318, 0.0021656178847873652]	[0.0, 0.0, 0.0, 0.0, 0.0]
1405935500242915328	[0.007694365284825841, -0.0003145166394285975, 0.007469867247091886, 0.8177009214138887, 0.0021073810386460006]	[0.0, 0.0, 0.0, 0.0, 0.0]
1390960631759523840	[0.007460862677006644, -0.0003145166394285974, 0.0067569542157610435, 0.8111223993992668, 0.00204084581239289]	[0.0, 0.0, 0.0, 0.0, 0.0]
1267281706245128192	[-1.1814166950174624e-16, 0.0, -1.181268619134467e-16, 0.5, 1.5]	[0.0, 0.0, 0.0, 0.0, 0.0]
1582074009470267392	[0.009010927622831443, 0.0007960661635795838, 0.009613281258109186, 0.800055576442127, 0.0018132331007564121]	[0.0, 0.0, 0.0, 0.0, 0.0]
1296175329556406273	[0.0056919798577077605, -0.0007288380486195758, 0.004950064729146156, 0.812391116576632, 0.0020557754873260768]	[0.0, 0.0, 0.0, 0.0, 0.0]
1470403383471263745	[0.008716446766637258, 0.0007689260358495683, 0.009251455919979227, 0.8046319614906436, 0.0018701362786655315]	[0.0, 0.0, 0.0, 0.0, 0.0]
1253322173403394049	[0.013086102987295078, -0.0023783310444127665, 0.015449540328425281, 0.6293739212301899, 0.01563486680543537]	[0.0, 0.0, 0.0, 0.0, 0.0]
3141533716	[0.009010927622831445, 0.0007960661635795838, 0.009613281258109186, 0.8000653808434128, 0.001813344239775766]	[0.0, 0.0, 0.0, 0.0, 0.0]
1599013198501388288	[0.009010927622831443, 0.0007960661635795838, 0.009613281258109185, 0.800055576442127, 0.0018132331007564121]	[0.0, 0.0, 0.0, 0.0, 0.0]
952266549062139904	[0.009010927622831445, 0.0007960661635795838, 0.009613281258109186, 0.8000653808434128, 0.001813344239775766]	[0.0, 0.0, 0.0, 0.0, 0.0]
1303185624317321216	[0.005341359735085511, -0.0007288374059418201, 0.004745684221367078, 0.8138093703302177, 0.002057887128693798]	[0.0, 0.0, 0.0, 0.0, 0.0]
1314857412956839937	[0.005005236197156663, -0.0008746045598252198, 0.004326256001798792, 0.8154546379909552, 0.0020774846424398423]	[0.0, 0.0, 0.0, 0.0, 0.0]
1343933675725996033	[0.006159274227240443, -0.000489078965299124, 0.005482862067220017, 0.8192732622695981, 0.0021867342984645773]	[0.0, 0.0, 0.0, 0.0, 0.0]
1545674949968420864	[0.009010927622831443, 0.0007960661635795838, 0.009613281258109186, 0.8000523080946776, 0.0018131960544166277]	[0.0, 0.0, 0.0, 0.0, 0.0]
1449841497298382850	[0.007087884095572169, -0.0003045430510963745, 0.0069102968742053555, 0.8016733611697652, 0.0018706549274225158]	[0.0, 0.0, 0.0, 0.0, 0.0]
1586612104127451136	[0.00901092758373499, 0.0007960661635795838, 0.009613281217170032, 0.8034842285865118, 0.0018043049328683276]	[0.0, 0.0, 0.0, 0.0, 0.0]
1419740808757055491	[0.007376162011898927, -0.00031451984476421103, 0.007100010411780131, 0.8141711624067687, 0.0020462545780014388]	[0.0, 0.0, 0.0, 0.0, 0.0]
1567948218499239936	[0.009010927622831443, 0.0007960661635795838, 0.009613281258109185, 0.800055576442127, 0.0018132331007564121]	[0.0, 0.0, 0.0, 0.0, 0.0]
952266549062139905	[0.009010927622831445, 0.0007960661635795838, 0.009613281258109186, 0.8000653808434128, 0.001813344239775766]	[0.0, 0.0, 0.0, 0.0, 0.0]
800152580915499010	[0.009010927622831445, 0.0007960661635795838, 0.009613281258109186, 0.8000653808434128, 0.001813344239775766]	[0.0, 0.0, 0.0, 0.0, 0.0]
1394901053825556480	[0.007293467261490371, -0.0003145166394285974, 0.0065300304199045625, 0.8110259433962265, 0.0020382896149477537]	[0.0, 0.0, 0.0, 0.0, 0.0]
938634317294653440	[0.009010927622831445, 0.0007960661635795838, 0.009613281258109186, 0.8000653808434128, 0.001813344239775766]	[0.0, 0.0, 0.0, 0.0, 0.0]
1551000216085618690	[0.009010927622831443, 0.0007960661635795838, 0.009613281258109186, 0.800055576442127, 0.0018132331007564121]	[0.0, 0.0, 0.0, 0.0, 0.0]
1524540516561559552	[0.009010927622831443, 0.0007960661635795838, 0.009613281258109186, 0.8000719165767709, 0.001813418332455335]	[0.0, 0.0, 0.0, 0.0, 0.0]
1295170777776619520	[0.0056919798577077605, -0.0007288380486195758, 0.004950064729146156, 0.8127258628509562, 0.002057887128693798]	[0.0, 0.0, 0.0, 0.0, 0.0]
1334963880641114113	[0.005007883060721143, -0.0008746061518454008, 0.004334287456108132, 0.8192226069473919, 0.0021737310332001886]	[0.0, 0.0, 0.0, 0.0, 0.0]
1560479529881063424	[0.009010927622831443, 0.0007960661635795838, 0.009613281258109185, 0.8000523080946776, 0.0018131960544166277]	[0.0, 0.0, 0.0, 0.0, 0.0]
1286433502037245955	[0.005403897648791155, -0.0007288380486195758, 0.004702666336118262, 0.8105005891851788, 0.0020639627284184696]	[0.0, 0.0, 0.0, 0.0, 0.0]
1509439556860456960	[0.009010927622831445, 0.0007960661635795838, 0.009613281258109186, 0.8000621128164893, 0.0018133071934359813]	[0.0, 0.0, 0.0, 0.0, 0.0]
1221958979573764096	[-0.0005784503482680456, -0.009525751140634652, -0.0006425262329996441, 0.5195755579948774, 0.034289577900125566]	[0.0, 0.0, 0.0, 0.0, 0.0]
1559849276699729923	[0.009010927622831443, 0.0007960661635795838, 0.009613281258109185, 0.8000653808434128, 0.001813344239775766]	[0.0, 0.0, 0.0, 0.0, 0.0]
974798197531930624	[0.009010927622831445, 0.0007960661635795838, 0.009613281258109186, 0.8000653808434128, 0.001813344239775766]	[0.0, 0.0, 0.0, 0.0, 0.0]
1471505856378273792	[0.008716446766637256, 0.0007689260358495683, 0.009251418460224634, 0.8045135566188197, 0.0018687285177537173]	[0.0, 0.0, 0.0, 0.0, 0.0]
1357459209537937408	[0.007396890821043968, -0.00031445100426879353, 0.006845141455790517, 0.8145847778941623, 0.0020455136512057474]	[0.0, 0.0, 0.0, 0.0, 0.0]
1705999885	[0.009010926550908632, 0.0007960661635795838, 0.009613280085160556, 0.8039660615627466, 0.0018113437374273984]	[0.0, 0.0, 0.0, 0.0, 0.0]
175625853	[0.009010927622831445, 0.0007960661635795838, 0.009613281258109186, 0.8000653808434128, 0.001813344239775766]	[0.0, 0.0, 0.0, 0.0, 0.0]
1557748313948147712	[0.009010927622831443, 0.0007960661635795838, 0.009613281258109185, 0.8000719165767709, 0.001813418332455335]	[0.0, 0.0, 0.0, 0.0, 0.0]
1581248279123197953	[0.009010927622831445, 0.0007960661635795838, 0.009613281258109186, 0.8040676071158462, 0.0018117512471650288]	[0.0, 0.0, 0.0, 0.0, 0.0]
390960016	[0.009010927622831443, 0.0007960661635795838, 0.009613281258109185, 0.8000719165767709, 0.001813418332455335]	[0.0, 0.0, 0.0, 0.0, 0.0]
1536055318542794752	[0.009010927622831445, 0.0007960661635795838, 0.009613281258109186, 0.8000621128164893, 0.0018133071934359813]	[0.0, 0.0, 0.0, 0.0, 0.0]
1573532345772146688	[0.009010927622831443, 0.0007960661635795838, 0.009613281258109185, 0.8000653808434128, 0.001813344239775766]	[0.0, 0.0, 0.0, 0.0, 0.0]
1461358161453928448	[0.008145192070178876, 0.00013284092814304198, 0.008466527286573393, 0.80585562686662, 0.001879249678252539]	[0.0, 0.0, 0.0, 0.0, 0.0]
1534104823527661696	[0.009010927622831443, 0.0007960661635795838, 0.009613281258109186, 0.800058844682729, 0.0018132701470961968]	[0.0, 0.0, 0.0, 0.0, 0.0]
1432363068969734144	[0.0070764591727896535, -0.00031448469292977147, 0.0067715146740408225, 0.8083811378748916, 0.0019681238473957534]	[0.0, 0.0, 0.0, 0.0, 0.0]
1212271430257147904	[0.009517233122978632, -0.009253586822338324, 0.006917074862147404, 0.5035739814152966, 0.03210298473456368]	[0.0, 0.0, 0.0, 0.0, 0.0]
941038685818060800	[0.009010927622831445, 0.0007960661635795838, 0.009613281258109186, 0.8000653808434128, 0.001813344239775766]	[0.0, 0.0, 0.0, 0.0, 0.0]
285050738	[0.009010927622831445, 0.0007960661635795838, 0.009613281258109186, 0.8000653808434128, 0.001813344239775766]	[0.0, 0.0, 0.0, 0.0, 0.0]
1563911121681137669	[0.009010927622831443, 0.0007960661635795838, 0.009613281258109185, 0.8000653808434128, 0.001813344239775766]	[0.0, 0.0, 0.0, 0.0, 0.0]
1406907752065110016	[0.007577509510260516, -0.0003145166394285975, 0.00734343353164822, 0.8171376560332871, 0.0020953039318762265]	[0.0, 0.0, 0.0, 0.0, 0.0]
1567761967015772161	[0.009010927622831443, 0.0007960661635795838, 0.009613281258109186, 0.800055576442127, 0.0018132331007564121]	[0.0, 0.0, 0.0, 0.0, 0.0]
1585801883985317889	[0.009010927622831443, 0.0007960661635795838, 0.009613281258109186, 0.800055576442127, 0.0018132331007564121]	[0.0, 0.0, 0.0, 0.0, 0.0]
938384349342429184	[0.009010927622831445, 0.0007960661635795838, 0.009613281258109186, 0.8000653808434128, 0.001813344239775766]	[0.0, 0.0, 0.0, 0.0, 0.0]
1425454693275168775	[0.00739195946425887, -0.00031448469292977147, 0.00713491685360371, 0.8103852997024655, 0.0020079486626641803]	[0.0, 0.0, 0.0, 0.0, 0.0]
1513648688417193984	[0.009010927622831443, 0.0007960661635795838, 0.009613281258109186, 0.8001111492505598, 0.001813418332455335]	[0.0, 0.0, 0.0, 0.0, 0.0]
1576130850844184576	[0.009010927622831443, 0.0007960661635795838, 0.009613281258109185, 0.8000653808434128, 0.001813344239775766]	[0.0, 0.0, 0.0, 0.0, 0.0]
1541974408058773504	[0.009010927622831443, 0.0007960661635795838, 0.009613281258109186, 0.800055576442127, 0.0018132331007564121]	[0.0, 0.0, 0.0, 0.0, 0.0]
1573696002644664322	[0.009010927622831443, 0.0007960661635795838, 0.009613281258109185, 0.8000653808434128, 0.001813344239775766]	[0.0, 0.0, 0.0, 0.0, 0.0]
1577959393940881408	[0.009010927622831443, 0.0007960661635795838, 0.009613281258109185, 0.800055576442127, 0.0018132331007564121]	[0.0, 0.0, 0.0, 0.0, 0.0]
1526108537293680640	[0.009010927622831441, 0.0007960661635795838, 0.009613281258109185, 0.800068648763505, 0.0018133812861155505]	[0.0, 0.0, 0.0, 0.0, 0.0]
1219459547124858888	[-0.0013110048510709138, -0.009525751140634654, -0.0016535043930782046, 0.5213613323678494, 0.034772529701535784]	[0.0, 0.0, 0.0, 0.0, 0.0]
4405807395	[0.009010927622831445, 0.0007960661635795838, 0.009613281258109186, 0.8040891460127539, 0.0018124551276209359]	[0.0, 0.0, 0.0, 0.0, 0.0]
1424640593938944005	[0.007398534237669476, -0.00031451984476421103, 0.007137262911584226, 0.8103847936949466, 0.0020074670602469803]	[0.0, 0.0, 0.0, 0.0, 0.0]
1348724621034483712	[0.007346019786360597, -0.0004890788749445787, 0.006930776905684735, 0.8181174608903263, 0.0021834371742237495]	[0.0, 0.0, 0.0, 0.0, 0.0]
1597126178804039682	[0.009010927622831445, 0.0007960661635795838, 0.009613281258109186, 0.8000653808434128, 0.001813344239775766]	[0.0, 0.0, 0.0, 0.0, 0.0]
3022955977	[0.009010927622831445, 0.0007960661635795838, 0.009613281258109186, 0.8040891460127539, 0.0018124551276209359]	[0.0, 0.0, 0.0, 0.0, 0.0]
1304838924188123136	[0.00534135973508551, -0.0007288374059418201, 0.004745684221367072, 0.8138737973552799, 0.0020589244262077663]	[0.0, 0.0, 0.0, 0.0, 0.0]
1535843539778564096	[0.009010927622831445, 0.0007960661635795838, 0.009613281258109186, 0.8000621128164893, 0.0018133071934359813]	[0.0, 0.0, 0.0, 0.0, 0.0]
1307008631771148288	[0.005319992541877506, -0.00072883690441839, 0.004704511864337245, 0.8142454634374224, 0.002066259601485114]	[0.0, 0.0, 0.0, 0.0, 0.0]
786189623944843264	[0.009010927622831445, 0.0007960661635795838, 0.009613281258109186, 0.8000653808434128, 0.001813344239775766]	[0.0, 0.0, 0.0, 0.0, 0.0]
1381436262633111552	[0.007298460976919795, -0.00031445280112670247, 0.00659585700190566, 0.8180151716120956, 0.0020333994980961884]	[0.0, 0.0, 0.0, 0.0, 0.0]
1103457912335331328	[0.07451841267005353, 0.0, 0.08161333005957999, 0.4835164835164835, 0.4888888888888889]	[0.0, 0.0, 0.0, 0.0, 0.0]
1541974408058773512	[0.009010927622831443, 0.0007960661635795838, 0.009613281258109185, 0.8000523080946776, 0.0018131960544166277]	[0.0, 0.0, 0.0, 0.0, 0.0]
1241224210107658240	[-1.8115724665922861e-06, 0.0, 0.00028230299472025024, 0.990228013029316, 0.7238095238095238]	[0.0, 0.0, 0.0, 0.0, 0.0]
1265631236028084224	[0.007307344507596751, -0.0007715966435585791, 0.006127186826358052, 0.7801628052598623, 0.003920975253847523]	[0.0, 0.0, 0.0, 0.0, 0.0]
1573022912000319488	[0.009010927622831443, 0.0007960661635795838, 0.009613281258109186, 0.800055576442127, 0.0018132331007564121]	[0.0, 0.0, 0.0, 0.0, 0.0]
1476984898477260800	[0.008661929367676176, 0.0007689260358495683, 0.009199930697102355, 0.8029205306543019, 0.001847538011396936]	[0.0, 0.0, 0.0, 0.0, 0.0]
1603172736351670272	[0.009010927622831445, 0.0007960661635795838, 0.009613281258109186, 0.8000653808434128, 0.001813344239775766]	[0.0, 0.0, 0.0, 0.0, 0.0]
1562198318276431876	[0.009010927622831443, 0.0007960661635795838, 0.009613281258109185, 0.8000719165767709, 0.001813418332455335]	[0.0, 0.0, 0.0, 0.0, 0.0]
1604350270472916993	[0.009010927622831445, 0.0007960661635795838, 0.009613281258109186, 0.8000653808434128, 0.001813344239775766]	[0.0, 0.0, 0.0, 0.0, 0.0]
1176972315537694720	[0.005805571449210626, -1.2869278516277287e-33, -0.012413574474145907, 0.5458015267175572, 0.16436781609195403]	[0.0, 0.0, 0.0, 0.0, 0.0]
1308151079222345728	[0.005426727819685186, -0.00072883690441839, 0.004820285478685638, 0.8150235015911015, 0.002068445335532404]	[0.0, 0.0, 0.0, 0.0, 0.0]
1360507235936456704	[0.007764898338311213, -0.000314451004268799, 0.007209769712329054, 0.8181345128138415, 0.002096859878147179]	[0.0, 0.0, 0.0, 0.0, 0.0]
1559593258086305792	[0.009010927622831443, 0.0007960661635795838, 0.009613281258109186, 0.8000523080946776, 0.0018131960544166277]	[0.0, 0.0, 0.0, 0.0, 0.0]
1518068230341881856	[0.009010927622831445, 0.0007960661635795838, 0.009613281258109186, 0.8000621128164893, 0.0018133071934359813]	[0.0, 0.0, 0.0, 0.0, 0.0]
