855091879003738113	[0.09891887020470835, 0.03821813895476722, -0.058141156811203173, 0.7486280442585507, 0.002271102935128546]	[0.0, 0.0, 0.0, 0.0, 0.0]
1524084713178431488	[0.09705169156048359, 0.03727254674173247, -0.05692855566498464, 0.7481034533259131, 0.002215289233977078]	[0.0, 0.0, 0.0, 0.0, 0.0]
1257959303945900032	[0.2893108952693784, 0.10251704126622067, -0.3940518055247662, 0.7574726250369932, 0.0131995075003062]	[0.0, 0.0, 0.0, 0.0, 0.0]
1530832682095190018	[0.09731216075288858, 0.03737243529945764, -0.05707517426039771, 0.7473480062296142, 0.0022176624392176683]	[0.0, 0.0, 0.0, 0.0, 0.0]
3295465306	[0.10469378683285056, 0.039457929512030206, -0.07070725546669357, 0.7519226482389657, 0.002400959636474158]	[0.0, 0.0, 0.0, 0.0, 0.0]
1552006530374852608	[0.09794837695490394, 0.037616772167154984, -0.057448325478973154, 0.74717959291879, 0.0022408404344223336]	[0.0, 0.0, 0.0, 0.0, 0.0]
975175578365190144	[0.09891887020470835, 0.03821813895476722, -0.05814115681120321, 0.7486280442585507, 0.002271102935128546]	[0.0, 0.0, 0.0, 0.0, 0.0]
1512708407329198084	[0.09645147651792152, 0.03704802220809466, -0.056290556302322936, 0.7491551101270248, 0.0021965270715085137]	[0.0, 0.0, 0.0, 0.0, 0.0]
1470797296921034752	[0.2599407844063178, 0.09591352930902468, -0.33685618814870955, 0.7557878174870758, 0.012577757661677957]	[0.0, 0.0, 0.0, 0.0, 0.0]
878199957500686336	[0.09891887020470835, 0.03821813895476722, -0.058141156811203194, 0.7486280442585507, 0.002271102935128546]	[0.0, 0.0, 0.0, 0.0, 0.0]
1264179482648248320	[0.26874776107963794, 0.10122632119240788, -0.3601504405539434, 0.7602996254681648, 0.01348262753411226]	[0.0, 0.0, 0.0, 0.0, 0.0]
1010300612129509376	[-3.308744649522307e-10, -3.308744649522307e-10, 1.2344333101445584e-09, 0.95, 3.1666666666666665]	[0.0, 0.0, 0.0, 0.0, 0.0]
1217558606842859522	[0.2735921816010037, 0.10313473778007003, -0.3337354677818007, 0.76189568400183, 0.013006717175661955]	[0.0, 0.0, 0.0, 0.0, 0.0]
1184331211721736192	[0.26963972180624796, 0.10156236182372848, -0.3614074982807037, 0.7604887668690306, 0.013555782247280847]	[0.0, 0.0, 0.0, 0.0, 0.0]
1558953336916922368	[0.09797749359490239, 0.03762795432297162, -0.057465402864668426, 0.7471646979114502, 0.002241996292450225]	[0.0, 0.0, 0.0, 0.0, 0.0]
1347248904895672323	[0.2570870250036785, 0.0968126672888191, -0.3409737024506123, 0.7682141394586948, 0.01284424570323101]	[0.0, 0.0, 0.0, 0.0, 0.0]
1405935500242915328	[0.2650802215974439, 0.09958819273822543, -0.35246448339962255, 0.7563197449328172, 0.013224437135143315]	[0.0, 0.0, 0.0, 0.0, 0.0]
1390960631759523840	[0.26638129927301407, 0.10007670726066988, -0.35419432991120475, 0.7617369993107146, 0.013331885672311205]	[0.0, 0.0, 0.0, 0.0, 0.0]
1267281706245128192	[-0.0011240299388342516, -0.0011240299388342516, -0.0009376521646559854, 0.2857142857142857, 1.0]	[0.0, 0.0, 0.0, 0.0, 0.0]
1582074009470267392	[0.09889658429753569, 0.038171421117139885, -0.05752467049976349, 0.7488892838102008, 0.002263095908758675]	[0.0, 0.0, 0.0, 0.0, 0.0]
1296175329556406273	[0.26709415022155275, 0.10053706402508693, -0.35712833883791695, 0.7613108714839403, 0.013427956465237168]	[0.0, 0.0, 0.0, 0.0, 0.0]
1470403383471263745	[0.2607640331296949, 0.0962172934556883, -0.3379224099728118, 0.7555405557430532, 0.012640645056860318]	[0.0, 0.0, 0.0, 0.0, 0.0]
1253322173403394049	[0.26919292856381843, 0.1013940729060421, -0.3608086457566263, 0.760190086156937, 0.01351705982652328]	[0.0, 0.0, 0.0, 0.0, 0.0]
3141533716	[0.09882994131210057, 0.038183780432614174, -0.058088886733835, 0.7486802301441366, 0.0022676494704745643]	[0.0, 0.0, 0.0, 0.0, 0.0]
1599013198501388288	[0.09898541356486881, 0.038205706824730123, -0.05757633936524504, 0.7488668345430307, 0.0022666257780934087]	[0.0, 0.0, 0.0, 0.0, 0.0]
952266549062139904	[0.09891887020470835, 0.03821813895476722, -0.05814115681120321, 0.7486280442585507, 0.002271102935128546]	[0.0, 0.0, 0.0, 0.0, 0.0]
1303185624317321216	[0.2641975174177661, 0.09828908972062336, -0.34553813620242024, 0.7519748418254651, 0.01307375875445859]	[0.0, 0.0, 0.0, 0.0, 0.0]
1314857412956839937	[0.26703687220992817, 0.1003229993971408, -0.35506601486728717, 0.7616018394328415, 0.013385490543138135]	[0.0, 0.0, 0.0, 0.0, 0.0]
1343933675725996033	[0.2556534727050253, 0.09663813827327761, -0.3486236624506825, 0.7555256869772998, 0.012399464217656062]	[0.0, 0.0, 0.0, 0.0, 0.0]
1545674949968420864	[0.09774504402528224, 0.037538682782466345, -0.057329067389307466, 0.7473219540906415, 0.0022340083744083316]	[0.0, 0.0, 0.0, 0.0, 0.0]
1449841497298382850	[0.26445111224796736, 0.09922717082627645, -0.3496195970436999, 0.7567864309241661, 0.013137503105443102]	[0.0, 0.0, 0.0, 0.0, 0.0]
1586612104127451136	[0.09898541356486881, 0.03820570682473014, -0.057576339365245054, 0.7488668345430307, 0.0022666257780934087]	[0.0, 0.0, 0.0, 0.0, 0.0]
1419740808757055491	[0.2644967768558354, 0.09940805919611143, -0.351614895432179, 0.7564010165762621, 0.01316993917299043]	[0.0, 0.0, 0.0, 0.0, 0.0]
1567948218499239936	[0.09859728465557453, 0.03805322843400916, -0.0573574587946304, 0.7483449580328644, 0.002252907131931153]	[0.0, 0.0, 0.0, 0.0, 0.0]
952266549062139905	[0.09891887020470835, 0.03821813895476722, -0.05814115681120321, 0.7486280442585507, 0.002271102935128546]	[0.0, 0.0, 0.0, 0.0, 0.0]
800152580915499010	[0.09888920937406226, 0.038206679242936706, -0.058123723180974946, 0.7486504122916295, 0.0022700107654630994]	[0.0, 0.0, 0.0, 0.0, 0.0]
1394901053825556480	[0.2663812992730142, 0.10007670726066985, -0.35419432991120475, 0.7617369993107146, 0.013331885672311205]	[0.0, 0.0, 0.0, 0.0, 0.0]
938634317294653440	[0.09891887020470837, 0.03821813895476724, -0.058141156811203173, 0.7486280442585507, 0.002271102935128546]	[0.0, 0.0, 0.0, 0.0, 0.0]
1551000216085618690	[0.09794837695490398, 0.037616772167154984, -0.05744832547897317, 0.74717959291879, 0.0022408404344223336]	[0.0, 0.0, 0.0, 0.0, 0.0]
1524540516561559552	[0.09708027821484601, 0.03728352540056656, -0.05694532401716872, 0.7480960749853545, 0.0022165078632221985]	[0.0, 0.0, 0.0, 0.0, 0.0]
1295170777776619520	[0.2666555719781676, 0.10037197853407696, -0.35654192120435724, 0.7613658162286592, 0.013387923950925112]	[0.0, 0.0, 0.0, 0.0, 0.0]
1334963880641114113	[0.26703687220992817, 0.1003229993971408, -0.35506601486728717, 0.7616018394328415, 0.013385490543138135]	[0.0, 0.0, 0.0, 0.0, 0.0]
1560479529881063424	[0.09803577883796899, 0.03765033859086154, -0.057499588113249435, 0.7471640295824862, 0.0022441339499642554]	[0.0, 0.0, 0.0, 0.0, 0.0]
1286433502037245955	[0.26720170505370766, 0.10064461885724409, -0.3570207840057644, 0.7613802103323866, 0.013426602772363006]	[0.0, 0.0, 0.0, 0.0, 0.0]
1509439556860456960	[0.0962825988758717, 0.036983174590288305, -0.05619214886579114, 0.7492064416552607, 0.0021899501487773494]	[0.0, 0.0, 0.0, 0.0, 0.0]
1221958979573764096	[0.26941613994737046, 0.10147814759336055, -0.36110782373818245, 0.7604964045465089, 0.01353605416898908]	[0.0, 0.0, 0.0, 0.0, 0.0]
1559849276699729923	[0.09803577883796896, 0.037650338590861546, -0.057499588113249435, 0.7471640295824862, 0.0022441339499642554]	[0.0, 0.0, 0.0, 0.0, 0.0]
974798197531930624	[0.09891887020470835, 0.03821813895476722, -0.05814115681120321, 0.7486280442585507, 0.002271102935128546]	[0.0, 0.0, 0.0, 0.0, 0.0]
1471505856378273792	[0.2589190045934764, 0.09553651071897376, -0.3355320679121113, 0.7560062869545693, 0.012495732078440687]	[0.0, 0.0, 0.0, 0.0, 0.0]
1357459209537937408	[0.26659946537584117, 0.1001586701597991, -0.3544844161533358, 0.7617296717606955, 0.013351055974006794]	[0.0, 0.0, 0.0, 0.0, 0.0]
1705999885	[0.09880033378025152, 0.0381723413132515, -0.058071484431038746, 0.7486951364175564, 0.002266470333801183]	[0.0, 0.0, 0.0, 0.0, 0.0]
175625853	[0.09880033378025152, 0.0381723413132515, -0.058071484431038746, 0.7486951364175564, 0.002266470333801183]	[0.0, 0.0, 0.0, 0.0, 0.0]
1557748313948147712	[0.0979774935949024, 0.03762795432297162, -0.05746540286466841, 0.7471646979114502, 0.002241996292450225]	[0.0, 0.0, 0.0, 0.0, 0.0]
1581248279123197953	[0.09874453269155417, 0.03811005822558661, -0.057443118081256864, 0.7482697426796806, 0.0022576789999710863]	[0.0, 0.0, 0.0, 0.0, 0.0]
390960016	[0.09885956632568875, 0.038195226401437014, -0.05810630000256338, 0.748665322102266, 0.0022688296139699933]	[0.0, 0.0, 0.0, 0.0, 0.0]
1536055318542794752	[0.09751369481362043, 0.037449833834101484, -0.05719337728401194, 0.7472143004145474, 0.0022252828556468688]	[0.0, 0.0, 0.0, 0.0, 0.0]
1573532345772146688	[0.09865613114000044, 0.03807593999977105, -0.05739169183479434, 0.7483071646116088, 0.002254350450077277]	[0.0, 0.0, 0.0, 0.0, 0.0]
1461358161453928448	[0.26367856315819654, 0.0972948320717789, -0.3398555123992009, 0.7554953327311051, 0.012876968241259674]	[0.0, 0.0, 0.0, 0.0, 0.0]
1534104823527661696	[0.09742722094887363, 0.03741662381296577, -0.05714265894766637, 0.7472737426883396, 0.0022220365402341306]	[0.0, 0.0, 0.0, 0.0, 0.0]
1432363068969734144	[0.3099803468424246, 0.10383218055251686, -0.38661156369429095, 0.7467411545623837, 0.012737001563721657]	[0.0, 0.0, 0.0, 0.0, 0.0]
1212271430257147904	[0.26941613994737046, 0.10147814759336055, -0.36110782373818234, 0.7604964045465089, 0.01353605416898908]	[0.0, 0.0, 0.0, 0.0, 0.0]
941038685818060800	[0.09891887020470835, 0.03821813895476722, -0.058141156811203173, 0.7486280442585507, 0.002271102935128546]	[0.0, 0.0, 0.0, 0.0, 0.0]
285050738	[0.09882994131210057, 0.038183780432614174, -0.058088886733835, 0.7486802301441366, 0.0022676494704745643]	[0.0, 0.0, 0.0, 0.0, 0.0]
1563911121681137669	[0.09818483910493582, 0.037705745843132424, -0.05758066446342495, 0.7470000294837397, 0.0022488721022338536]	[0.0, 0.0, 0.0, 0.0, 0.0]
1406907752065110016	[0.26492720285560073, 0.09956982983760225, -0.3521870921700669, 0.7563927460353593, 0.013210205060654168]	[0.0, 0.0, 0.0, 0.0, 0.0]
1567761967015772161	[0.09859728465557453, 0.03805322843400916, -0.0573574587946304, 0.7483449580328644, 0.002252907131931153]	[0.0, 0.0, 0.0, 0.0, 0.0]
1585801883985317889	[0.09889658429753569, 0.038171421117139885, -0.05752467049976349, 0.7488892838102008, 0.002263095908758675]	[0.0, 0.0, 0.0, 0.0, 0.0]
938384349342429184	[0.09891887020470835, 0.03821813895476722, -0.05814115681120321, 0.7486280442585507, 0.002271102935128546]	[0.0, 0.0, 0.0, 0.0, 0.0]
1425454693275168775	[0.26428208791358226, 0.0993273708363743, -0.3513294937313412, 0.7564287339755746, 0.013150537520968066]	[0.0, 0.0, 0.0, 0.0, 0.0]
1513648688417193984	[0.0965078808901542, 0.03706968771815787, -0.0563234747563009, 0.7491185640607244, 0.002198669629127904]	[0.0, 0.0, 0.0, 0.0, 0.0]
1576130850844184576	[0.09868558073173832, 0.03808730595201909, -0.057408823682402355, 0.7482920770118002, 0.0022552510662572477]	[0.0, 0.0, 0.0, 0.0, 0.0]
1541974408058773504	[0.09768710386877645, 0.037516431044006086, -0.05729508453963974, 0.7473591290275121, 0.002231799616572274]	[0.0, 0.0, 0.0, 0.0, 0.0]
1573696002644664322	[0.09865613114000046, 0.038075939999771026, -0.05739169183479436, 0.7483071646116088, 0.002254350450077277]	[0.0, 0.0, 0.0, 0.0, 0.0]
1577959393940881408	[0.09871504791021896, 0.03809867869192713, -0.0574259657617342, 0.7482846326747901, 0.0022565091025584768]	[0.0, 0.0, 0.0, 0.0, 0.0]
1526108537293680640	[0.0971375020746838, 0.03730550213230871, -0.056978890373795395, 0.748073937370009, 0.0022188613905432383]	[0.0, 0.0, 0.0, 0.0, 0.0]
1219459547124858888	[0.26941613994737046, 0.10147814759336055, -0.36110782373818245, 0.7604964045465089, 0.01353605416898908]	[0.0, 0.0, 0.0, 0.0, 0.0]
4405807395	[0.09885956632568875, 0.03819522640143702, -0.058106300002563366, 0.748665322102266, 0.0022688296139699933]	[0.0, 0.0, 0.0, 0.0, 0.0]
1424640593938944005	[0.2642820879135822, 0.09932737083637432, -0.3513294937313412, 0.7564287339755746, 0.013150537520968066]	[0.0, 0.0, 0.0, 0.0, 0.0]
1348724621034483712	[0.26681798952778857, 0.10024076743042191, -0.3547749771501828, 0.7617022906611507, 0.013370943665191839]	[0.0, 0.0, 0.0, 0.0, 0.0]
1597126178804039682	[0.09898541356486881, 0.038205706824730123, -0.05757633936524504, 0.7488668345430307, 0.0022666257780934087]	[0.0, 0.0, 0.0, 0.0, 0.0]
3022955977	[-8.963909724792826e-95, -1.0344183910475079e-94, -7.259714486632224e-30, 0.95, 3.1666666666666665]	[0.0, 0.0, 0.0, 0.0, 0.0]
1304838924188123136	[0.2672561143053385, 0.10040536639171967, -0.35535753047883656, 0.7616036181058603, 0.013405464188905664]	[0.0, 0.0, 0.0, 0.0, 0.0]
1535843539778564096	[0.0974848531410942, 0.037438757278693634, -0.0571764611712379, 0.7472440250463004, 0.002224316533919974]	[0.0, 0.0, 0.0, 0.0, 0.0]
1307008631771148288	[0.26703687220992817, 0.1003229993971408, -0.35506601486728717, 0.7616018394328415, 0.013385490543138135]	[0.0, 0.0, 0.0, 0.0, 0.0]
786189623944843264	[0.09888920937406226, 0.038206679242936706, -0.058123723180974946, 0.7486504122916295, 0.0022700107654630994]	[0.0, 0.0, 0.0, 0.0, 0.0]
1381436262633111552	[0.2663812992730142, 0.10007670726066985, -0.35419432991120475, 0.7617369993107146, 0.013331885672311205]	[0.0, 0.0, 0.0, 0.0, 0.0]
1103457912335331328	[0.26963972180624796, 0.10156236182372848, -0.3614074982807037, 0.7604887668690306, 0.013555782247280847]	[0.0, 0.0, 0.0, 0.0, 0.0]
1541974408058773512	[0.09768710386877645, 0.03751643104400608, -0.05729508453963974, 0.7473591290275121, 0.002231799616572274]	[0.0, 0.0, 0.0, 0.0, 0.0]
1241224210107658240	[0.2585845173575728, 0.0973629058197, -0.34701711742854846, 0.7668873175868813, 0.012976830089444027]	[0.0, 0.0, 0.0, 0.0, 0.0]
1265631236028084224	[0.26874776107963794, 0.10122632119240788, -0.3601504405539434, 0.7602996254681648, 0.01348262753411226]	[0.0, 0.0, 0.0, 0.0, 0.0]
1573022912000319488	[0.09865613114000044, 0.038075939999771026, -0.05739169183479436, 0.7483071646116088, 0.002254350450077277]	[0.0, 0.0, 0.0, 0.0, 0.0]
1476984898477260800	[0.26489423083654695, 0.09441044071674126, -0.25750413317078863, 0.7679719259233522, 0.011431659848253676]	[0.0, 0.0, 0.0, 0.0, 0.0]
1603172736351670272	[0.098771154159604, 0.03816098198929644, -0.058053308670032236, 0.7487626329984292, 0.002266727749165544]	[0.0, 0.0, 0.0, 0.0, 0.0]
1562198318276431876	[0.09806494747195826, 0.03766154071481004, -0.057516695994270894, 0.7471491292689395, 0.002245292642495856]	[0.0, 0.0, 0.0, 0.0, 0.0]
1604350270472916993	[0.09877115415960401, 0.03816098198929645, -0.058053308670032236, 0.7487626329984292, 0.002266727749165544]	[0.0, 0.0, 0.0, 0.0, 0.0]
1176972315537694720	[0.26963972180624796, 0.10156236182372848, -0.3614074982807037, 0.7604887668690306, 0.013555782247280847]	[0.0, 0.0, 0.0, 0.0, 0.0]
1308151079222345728	[0.26703687220992817, 0.1003229993971408, -0.35506601486728717, 0.7616018394328415, 0.013385490543138135]	[0.0, 0.0, 0.0, 0.0, 0.0]
1360507235936456704	[0.26659946537584117, 0.1001586701597991, -0.3544844161533358, 0.7617296717606955, 0.013351055974006794]	[0.0, 0.0, 0.0, 0.0, 0.0]
1559593258086305792	[0.09803577883796896, 0.037650338590861546, -0.057499588113249435, 0.7471640295824862, 0.0022441339499642554]	[0.0, 0.0, 0.0, 0.0, 0.0]
1518068230341881856	[-2.6171729921035574e-06, -2.6171729921035574e-06, -2.6171778219697943e-06, 0.1044776119402985, 1.1666666666666667]	[0.0, 0.0, 0.0, 0.0, 0.0]
