855091879003738113	[0.10361181007525036, 0.0060375697999783895, 0.09678993835651752, 0.8000653808434128, 0.001813344239775766]	[0.0, 0.0, 0.0, 0.0, 0.0]
1524084713178431488	[0.1036117881097536, 0.0060375697999783895, 0.0967899161697536, 0.8000719165767709, 0.001813418332455335]	[0.0, 0.0, 0.0, 0.0, 0.0]
1257959303945900032	[0.06761680234433982, 0.015488575091668911, 0.02558132273212873, 0.6623235613463626, 0.013636702352269058]	[0.0, 0.0, 0.0, 0.0, 0.0]
1530832682095190018	[0.10361178810709928, 0.0060375697999783895, 0.0967899161670045, 0.8000621128164893, 0.0018133071934359813]	[0.0, 0.0, 0.0, 0.0, 0.0]
3295465306	[0.10361180191928122, 0.0060375697999783895, 0.09678993803273436, 0.8039679800121636, 0.0018119735252037363]	[0.0, 0.0, 0.0, 0.0, 0.0]
1552006530374852608	[0.1036117881097536, 0.0060375697999783895, 0.0967899161697536, 0.8000523080946776, 0.0018131960544166277]	[0.0, 0.0, 0.0, 0.0, 0.0]
975175578365190144	[0.10361181007525036, 0.0060375697999783895, 0.09678993835651752, 0.8000653808434128, 0.001813344239775766]	[0.0, 0.0, 0.0, 0.0, 0.0]
1512708407329198084	[0.10361178810709928, 0.0060375697999783895, 0.0967899161670045, 0.8000621128164893, 0.0018133071934359813]	[0.0, 0.0, 0.0, 0.0, 0.0]
1470797296921034752	[0.10516652585042113, 0.005830080555381261, 0.09819180920443597, 0.8039124657819329, 0.0018603930913021862]	[0.0, 0.0, 0.0, 0.0, 0.0]
878199957500686336	[0.10361178810709928, 0.0060375697999783895, 0.09678991616700451, 0.8000719165767709, 0.001813418332455335]	[0.0, 0.0, 0.0, 0.0, 0.0]
1264179482648248320	[0.16012356815801299, 0.0040431858140489154, 0.14482474266618847, 0.7615360912102304, 0.0054680944391988055]	[0.0, 0.0, 0.0, 0.0, 0.0]
1010300612129509376	[-2.2058297663482047e-10, 0.0, -2.939819878345303e-11, 0.8181818181818182, 4.5]	[0.0, 0.0, 0.0, 0.0, 0.0]
1217558606842859522	[0.07869957796858923, 0.03016282545809537, -0.011940260697393967, 0.5245441795231417, 0.03191670933606418]	[0.0, 0.0, 0.0, 0.0, 0.0]
1184331211721736192	[0.05783352861540521, -4.1279688047175695e-08, -0.13935243716068754, 0.5238095238095238, 0.2619047619047619]	[0.0, 0.0, 0.0, 0.0, 0.0]
1558953336916922368	[0.1036117881097536, 0.0060375697999783895, 0.0967899161697536, 0.8000523080946776, 0.0018131960544166277]	[0.0, 0.0, 0.0, 0.0, 0.0]
1347248904895672323	[0.12598044028976557, 0.0012361064782779674, 0.11813410089099122, 0.8192303380234318, 0.0021656178847873652]	[0.0, 0.0, 0.0, 0.0, 0.0]
1405935500242915328	[0.11296413371081901, 0.001213303943780377, 0.1044024714621353, 0.8177009214138887, 0.0021073810386460006]	[0.0, 0.0, 0.0, 0.0, 0.0]
1390960631759523840	[0.10322404167942789, 0.0012139463332400552, 0.09394635413052796, 0.8111223993992668, 0.00204084581239289]	[0.0, 0.0, 0.0, 0.0, 0.0]
1267281706245128192	[-0.0003746766462780839, -2.8097276054699453e-99, -0.0003125507214257258, 0.5, 1.5]	[0.0, 0.0, 0.0, 0.0, 0.0]
1582074009470267392	[0.10361181007790464, 0.0060375697999783895, 0.09678993835926661, 0.800055576442127, 0.0018132331007564121]	[0.0, 0.0, 0.0, 0.0, 0.0]
1296175329556406273	[0.13357722053840745, 0.0025500093202798658, 0.12731507141232865, 0.812391116576632, 0.0020557754873260768]	[0.0, 0.0, 0.0, 0.0, 0.0]
1470403383471263745	[0.10551239530465262, 0.005810772669293657, 0.0985084830153447, 0.8046319614906436, 0.0018701362786655315]	[0.0, 0.0, 0.0, 0.0, 0.0]
1253322173403394049	[0.068803417773099, 0.019398908119325323, 0.02797095468610955, 0.6293739212301899, 0.01563486680543537]	[0.0, 0.0, 0.0, 0.0, 0.0]
3141533716	[0.10361181007525036, 0.0060375697999783895, 0.09678993835651752, 0.8000653808434128, 0.001813344239775766]	[0.0, 0.0, 0.0, 0.0, 0.0]
1599013198501388288	[0.10361181007790464, 0.0060375697999783895, 0.09678993835926661, 0.800055576442127, 0.0018132331007564121]	[0.0, 0.0, 0.0, 0.0, 0.0]
952266549062139904	[0.10361181007525036, 0.0060375697999783895, 0.09678993835651752, 0.8000653808434128, 0.001813344239775766]	[0.0, 0.0, 0.0, 0.0, 0.0]
1303185624317321216	[0.13532672364427129, 0.0025578955479459244, 0.12854027302214024, 0.8138093703302177, 0.002057887128693798]	[0.0, 0.0, 0.0, 0.0, 0.0]
1314857412956839937	[0.13786752302288896, 0.0022922084937111653, 0.131039463287051, 0.8154546379909552, 0.0020774846424398423]	[0.0, 0.0, 0.0, 0.0, 0.0]
1343933675725996033	[0.12874398260830242, 0.0012476041927701543, 0.12140621071998998, 0.8192732622695981, 0.0021867342984645773]	[0.0, 0.0, 0.0, 0.0, 0.0]
1545674949968420864	[0.1036117881097536, 0.0060375697999783895, 0.0967899161697536, 0.8000523080946776, 0.0018131960544166277]	[0.0, 0.0, 0.0, 0.0, 0.0]
1449841497298382850	[0.10337765677406462, 0.0021921828620574913, 0.09470518676903011, 0.8016733611697652, 0.0018706549274225158]	[0.0, 0.0, 0.0, 0.0, 0.0]
1586612104127451136	[0.1035787716725753, 0.00603756979997839, 0.09675788118551433, 0.8034842285865118, 0.0018043049328683276]	[0.0, 0.0, 0.0, 0.0, 0.0]
1419740808757055491	[0.11054112066844284, 0.0011262076885039166, 0.10189088730979488, 0.8141711624067687, 0.0020462545780014388]	[0.0, 0.0, 0.0, 0.0, 0.0]
1567948218499239936	[0.1036117881097536, 0.0060375697999783895, 0.0967899161697536, 0.800055576442127, 0.0018132331007564121]	[0.0, 0.0, 0.0, 0.0, 0.0]
952266549062139905	[0.10361181007525036, 0.0060375697999783895, 0.09678993835651752, 0.8000653808434128, 0.001813344239775766]	[0.0, 0.0, 0.0, 0.0, 0.0]
800152580915499010	[0.10361181007525036, 0.0060375697999783895, 0.09678993835651752, 0.8000653808434128, 0.001813344239775766]	[0.0, 0.0, 0.0, 0.0, 0.0]
1394901053825556480	[0.10150421749634608, 0.0012139463332400552, 0.09205394942677193, 0.8110259433962265, 0.0020382896149477537]	[0.0, 0.0, 0.0, 0.0, 0.0]
938634317294653440	[0.10361181007525036, 0.0060375697999783895, 0.09678993835651752, 0.8000653808434128, 0.001813344239775766]	[0.0, 0.0, 0.0, 0.0, 0.0]
1551000216085618690	[0.10361181007790464, 0.0060375697999783895, 0.09678993835926661, 0.800055576442127, 0.0018132331007564121]	[0.0, 0.0, 0.0, 0.0, 0.0]
1524540516561559552	[0.1036117881097536, 0.0060375697999783895, 0.0967899161697536, 0.8000719165767709, 0.001813418332455335]	[0.0, 0.0, 0.0, 0.0, 0.0]
1295170777776619520	[0.13357720379499063, 0.0025500093202798658, 0.12731504006820113, 0.8127258628509562, 0.002057887128693798]	[0.0, 0.0, 0.0, 0.0, 0.0]
1334963880641114113	[0.13278394819891673, 0.002214567924169298, 0.12570055242476072, 0.8192226069473919, 0.0021737310332001886]	[0.0, 0.0, 0.0, 0.0, 0.0]
1560479529881063424	[0.1036117881097536, 0.0060375697999783895, 0.0967899161697536, 0.8000523080946776, 0.0018131960544166277]	[0.0, 0.0, 0.0, 0.0, 0.0]
1286433502037245955	[0.1312441491802638, 0.0025500090829264827, 0.12504332272855115, 0.8105005891851788, 0.0020639627284184696]	[0.0, 0.0, 0.0, 0.0, 0.0]
1509439556860456960	[0.10361178810709928, 0.0060375697999783895, 0.0967899161670045, 0.8000621128164893, 0.0018133071934359813]	[0.0, 0.0, 0.0, 0.0, 0.0]
1221958979573764096	[0.06647481394628771, 0.03208496629611125, -0.037506429866187824, 0.5195755579948774, 0.034289577900125566]	[0.0, 0.0, 0.0, 0.0, 0.0]
1559849276699729923	[0.10361178810709928, 0.0060375697999783895, 0.0967899161670045, 0.8000653808434128, 0.001813344239775766]	[0.0, 0.0, 0.0, 0.0, 0.0]
974798197531930624	[0.10361181007525036, 0.0060375697999783895, 0.09678993835651752, 0.8000653808434128, 0.001813344239775766]	[0.0, 0.0, 0.0, 0.0, 0.0]
1471505856378273792	[0.10551493786048136, 0.005810772669293657, 0.09844723913616875, 0.8045135566188197, 0.0018687285177537173]	[0.0, 0.0, 0.0, 0.0, 0.0]
1357459209537937408	[0.11344356420119285, 0.0017052275765916953, 0.10539834670547243, 0.8145847778941623, 0.0020455136512057474]	[0.0, 0.0, 0.0, 0.0, 0.0]
1705999885	[0.10338490677778966, 0.0060375697999783895, 0.09655298001111343, 0.8039660615627466, 0.0018113437374273984]	[0.0, 0.0, 0.0, 0.0, 0.0]
175625853	[0.10361181007525036, 0.0060375697999783895, 0.09678993835651752, 0.8000653808434128, 0.001813344239775766]	[0.0, 0.0, 0.0, 0.0, 0.0]
1557748313948147712	[0.10361178810709928, 0.0060375697999783895, 0.0967899161670045, 0.8000719165767709, 0.001813418332455335]	[0.0, 0.0, 0.0, 0.0, 0.0]
1581248279123197953	[0.1036118019192812, 0.0060375697999783895, 0.09678993803273435, 0.8040676071158462, 0.0018117512471650288]	[0.0, 0.0, 0.0, 0.0, 0.0]
390960016	[0.10361178810709928, 0.0060375697999783895, 0.0967899161670045, 0.8000719165767709, 0.001813418332455335]	[0.0, 0.0, 0.0, 0.0, 0.0]
1536055318542794752	[0.1036117881097536, 0.0060375697999783895, 0.0967899161697536, 0.8000621128164893, 0.0018133071934359813]	[0.0, 0.0, 0.0, 0.0, 0.0]
1573532345772146688	[0.10361178810709928, 0.0060375697999783895, 0.0967899161670045, 0.8000653808434128, 0.001813344239775766]	[0.0, 0.0, 0.0, 0.0, 0.0]
1461358161453928448	[0.09835397694882926, 0.0015867545474017694, 0.09027995357445591, 0.80585562686662, 0.001879249678252539]	[0.0, 0.0, 0.0, 0.0, 0.0]
1534104823527661696	[0.1036117881097536, 0.0060375697999783895, 0.0967899161697536, 0.800058844682729, 0.0018132701470961968]	[0.0, 0.0, 0.0, 0.0, 0.0]
1432363068969734144	[0.10578097721775462, 0.0011864370155391585, 0.09693026264443162, 0.8083811378748916, 0.0019681238473957534]	[0.0, 0.0, 0.0, 0.0, 0.0]
1212271430257147904	[0.048881018417585034, 0.031168018669592127, -0.051780863897756796, 0.5035739814152966, 0.03210298473456368]	[0.0, 0.0, 0.0, 0.0, 0.0]
941038685818060800	[0.10361181007790464, 0.0060375697999783895, 0.09678993835926661, 0.8000653808434128, 0.001813344239775766]	[0.0, 0.0, 0.0, 0.0, 0.0]
285050738	[0.10361181007790464, 0.0060375697999783895, 0.09678993835926661, 0.8000653808434128, 0.001813344239775766]	[0.0, 0.0, 0.0, 0.0, 0.0]
1563911121681137669	[0.10361178810709928, 0.0060375697999783895, 0.0967899161670045, 0.8000653808434128, 0.001813344239775766]	[0.0, 0.0, 0.0, 0.0, 0.0]
1406907752065110016	[0.10309254517103061, 0.001213303943780377, 0.09424814503765526, 0.8171376560332871, 0.0020953039318762265]	[0.0, 0.0, 0.0, 0.0, 0.0]
1567761967015772161	[0.10361181007790464, 0.0060375697999783895, 0.09678993835926661, 0.800055576442127, 0.0018132331007564121]	[0.0, 0.0, 0.0, 0.0, 0.0]
1585801883985317889	[0.10361181007790464, 0.0060375697999783895, 0.09678993835926661, 0.800055576442127, 0.0018132331007564121]	[0.0, 0.0, 0.0, 0.0, 0.0]
938384349342429184	[0.10361181007525036, 0.0060375697999783895, 0.09678993835651752, 0.8000653808434128, 0.001813344239775766]	[0.0, 0.0, 0.0, 0.0, 0.0]
1425454693275168775	[0.1108789859073278, 0.0011865186160265869, 0.10252761600840118, 0.8103852997024655, 0.0020079486626641803]	[0.0, 0.0, 0.0, 0.0, 0.0]
1513648688417193984	[0.10361181736824165, 0.0060375697999783895, 0.0967899517476239, 0.8001111492505598, 0.001813418332455335]	[0.0, 0.0, 0.0, 0.0, 0.0]
1576130850844184576	[0.10361178810709928, 0.0060375697999783895, 0.0967899161670045, 0.8000653808434128, 0.001813344239775766]	[0.0, 0.0, 0.0, 0.0, 0.0]
1541974408058773504	[0.10361181007790464, 0.0060375697999783895, 0.09678993835926661, 0.800055576442127, 0.0018132331007564121]	[0.0, 0.0, 0.0, 0.0, 0.0]
1573696002644664322	[0.1036117881097536, 0.0060375697999783895, 0.0967899161697536, 0.8000653808434128, 0.001813344239775766]	[0.0, 0.0, 0.0, 0.0, 0.0]
1577959393940881408	[0.1036117881097536, 0.0060375697999783895, 0.0967899161697536, 0.800055576442127, 0.0018132331007564121]	[0.0, 0.0, 0.0, 0.0, 0.0]
1526108537293680640	[0.1036117881097536, 0.0060375697999783895, 0.09678991616975359, 0.800068648763505, 0.0018133812861155505]	[0.0, 0.0, 0.0, 0.0, 0.0]
1219459547124858888	[0.06063567311517206, 0.03208496629611125, -0.038641058787567115, 0.5213613323678494, 0.034772529701535784]	[0.0, 0.0, 0.0, 0.0, 0.0]
4405807395	[0.10361180191928783, 0.0060375697999783895, 0.09678993803274064, 0.8040891460127539, 0.0018124551276209359]	[0.0, 0.0, 0.0, 0.0, 0.0]
1424640593938944005	[0.11067519974302599, 0.0011262076888641438, 0.10219876344462091, 0.8103847936949466, 0.0020074670602469803]	[0.0, 0.0, 0.0, 0.0, 0.0]
1348724621034483712	[0.12535208358577157, 0.001238473805364869, 0.11763949738154203, 0.8181174608903263, 0.0021834371742237495]	[0.0, 0.0, 0.0, 0.0, 0.0]
1597126178804039682	[0.10361181007525036, 0.0060375697999783895, 0.09678993835651752, 0.8000653808434128, 0.001813344239775766]	[0.0, 0.0, 0.0, 0.0, 0.0]
3022955977	[0.10361180191928783, 0.0060375697999783895, 0.09678993803274064, 0.8040891460127539, 0.0018124551276209359]	[0.0, 0.0, 0.0, 0.0, 0.0]
1304838924188123136	[0.1353267236335126, 0.0025578955457947286, 0.12854003377198742, 0.8138737973552799, 0.0020589244262077663]	[0.0, 0.0, 0.0, 0.0, 0.0]
1535843539778564096	[0.10361178810709928, 0.0060375697999783895, 0.0967899161670045, 0.8000621128164893, 0.0018133071934359813]	[0.0, 0.0, 0.0, 0.0, 0.0]
1307008631771148288	[0.1366496505716432, 0.0026081927269321764, 0.12985750475338814, 0.8142454634374224, 0.002066259601485114]	[0.0, 0.0, 0.0, 0.0, 0.0]
786189623944843264	[0.10361181007525036, 0.0060375697999783895, 0.09678993835651752, 0.8000653808434128, 0.001813344239775766]	[0.0, 0.0, 0.0, 0.0, 0.0]
1381436262633111552	[0.1039664037101684, 0.0016229641564248385, 0.09461163826365149, 0.8180151716120956, 0.0020333994980961884]	[0.0, 0.0, 0.0, 0.0, 0.0]
1103457912335331328	[-0.002083232422359537, 0.0, -0.1052061374827417, 0.4835164835164835, 0.4888888888888889]	[0.0, 0.0, 0.0, 0.0, 0.0]
1541974408058773512	[0.1036117881097536, 0.0060375697999783895, 0.0967899161697536, 0.8000523080946776, 0.0018131960544166277]	[0.0, 0.0, 0.0, 0.0, 0.0]
1241224210107658240	[0.07861718815739084, 0.0, 0.04158189134209948, 0.990228013029316, 0.7238095238095238]	[0.0, 0.0, 0.0, 0.0, 0.0]
1265631236028084224	[0.1572530723457274, 0.0028475142561442206, 0.1451470831537809, 0.7801628052598623, 0.003920975253847523]	[0.0, 0.0, 0.0, 0.0, 0.0]
1573022912000319488	[0.10361181007790464, 0.0060375697999783895, 0.09678993835926661, 0.800055576442127, 0.0018132331007564121]	[0.0, 0.0, 0.0, 0.0, 0.0]
1476984898477260800	[0.10197210980717797, 0.005810772669293657, 0.09476801684962063, 0.8029205306543019, 0.001847538011396936]	[0.0, 0.0, 0.0, 0.0, 0.0]
1603172736351670272	[0.10361181007525036, 0.0060375697999783895, 0.09678993835651752, 0.8000653808434128, 0.001813344239775766]	[0.0, 0.0, 0.0, 0.0, 0.0]
1562198318276431876	[0.10361178810709928, 0.0060375697999783895, 0.0967899161670045, 0.8000719165767709, 0.001813418332455335]	[0.0, 0.0, 0.0, 0.0, 0.0]
1604350270472916993	[0.10361181007525036, 0.0060375697999783895, 0.09678993835651752, 0.8000653808434128, 0.001813344239775766]	[0.0, 0.0, 0.0, 0.0, 0.0]
1176972315537694720	[0.04241125431796382, -3.027177123459551e-08, -0.10207455350182155, 0.5458015267175572, 0.16436781609195403]	[0.0, 0.0, 0.0, 0.0, 0.0]
1308151079222345728	[0.13755164173594384, 0.0026081927269321764, 0.13093676836839682, 0.8150235015911015, 0.002068445335532404]	[0.0, 0.0, 0.0, 0.0, 0.0]
1360507235936456704	[0.1125509508992701, 0.0017028641197746096, 0.10406490180121522, 0.8181345128138415, 0.002096859878147179]	[0.0, 0.0, 0.0, 0.0, 0.0]
1559593258086305792	[0.1036117881097536, 0.0060375697999783895, 0.0967899161697536, 0.8000523080946776, 0.0018131960544166277]	[0.0, 0.0, 0.0, 0.0, 0.0]
1518068230341881856	[0.10361178810709928, 0.0060375697999783895, 0.0967899161670045, 0.8000621128164893, 0.0018133071934359813]	[0.0, 0.0, 0.0, 0.0, 0.0]
