855091879003738113	[4.456945234506174e-05, 4.42657494313906e-05, 3.791074870625207e-05, 0.7486280442585507, 0.002271102935128546]	[0.0, 0.0, 0.0, 0.0, 0.0]
1524084713178431488	[4.372211324174801e-05, 4.342541336080454e-05, 3.718612104585612e-05, 0.7481034533259131, 0.002215289233977078]	[0.0, 0.0, 0.0, 0.0, 0.0]
1257959303945900032	[9.721926169535247e-05, 9.670862166452237e-05, 6.760356353646724e-05, 0.7574726250369932, 0.0131995075003062]	[0.0, 0.0, 0.0, 0.0, 0.0]
1530832682095190018	[4.3882114326322956e-05, 4.3583096745394627e-05, 3.7351424981959626e-05, 0.7473480062296142, 0.0022176624392176683]	[0.0, 0.0, 0.0, 0.0, 0.0]
3295465306	[4.58294365597721e-05, 4.551527955123106e-05, 3.877523435720112e-05, 0.7519226482389657, 0.002400959636474158]	[0.0, 0.0, 0.0, 0.0, 0.0]
1552006530374852608	[4.416278668727291e-05, 4.386175249041753e-05, 3.7590308235016013e-05, 0.74717959291879, 0.0022408404344223336]	[0.0, 0.0, 0.0, 0.0, 0.0]
975175578365190144	[4.456945234506174e-05, 4.426574943139061e-05, 3.791074870625207e-05, 0.7486280442585507, 0.002271102935128546]	[0.0, 0.0, 0.0, 0.0, 0.0]
1512708407329198084	[4.349046197311359e-05, 4.319668668332928e-05, 3.70148676759554e-05, 0.7491551101270248, 0.0021965270715085137]	[0.0, 0.0, 0.0, 0.0, 0.0]
1470797296921034752	[9.702696741875562e-05, 9.65340936497714e-05, 6.829898803112323e-05, 0.7557878174870758, 0.012577757661677957]	[0.0, 0.0, 0.0, 0.0, 0.0]
878199957500686336	[4.456945234506174e-05, 4.426574943139061e-05, 3.791074870625207e-05, 0.7486280442585507, 0.002271102935128546]	[0.0, 0.0, 0.0, 0.0, 0.0]
1264179482648248320	[0.00010121487742194384, 0.00010070501589598576, 7.167771832924456e-05, 0.7602996254681648, 0.01348262753411226]	[0.0, 0.0, 0.0, 0.0, 0.0]
1010300612129509376	[-4.139534914392496e-06, -4.142545569596645e-06, -1.6702469094832504e-06, 0.95, 3.1666666666666665]	[0.0, 0.0, 0.0, 0.0, 0.0]
1217558606842859522	[0.0001000791192919516, 9.957256612954358e-05, 6.855032367603736e-05, 0.76189568400183, 0.013006717175661955]	[0.0, 0.0, 0.0, 0.0, 0.0]
1184331211721736192	[0.00010152999700041869, 0.0001010181085148584, 7.185487996034722e-05, 0.7604887668690306, 0.013555782247280847]	[0.0, 0.0, 0.0, 0.0, 0.0]
1558953336916922368	[4.417634919601876e-05, 4.387522475533705e-05, 3.760213457875953e-05, 0.7471646979114502, 0.002241996292450225]	[0.0, 0.0, 0.0, 0.0, 0.0]
1347248904895672323	[9.701046257315718e-05, 9.652166140337238e-05, 6.905663435606958e-05, 0.7682141394586948, 0.01284424570323101]	[0.0, 0.0, 0.0, 0.0, 0.0]
1405935500242915328	[9.997631497863223e-05, 9.947263831312611e-05, 7.110597660531526e-05, 0.7563197449328172, 0.013224437135143315]	[0.0, 0.0, 0.0, 0.0, 0.0]
1390960631759523840	[0.00010025181484137847, 9.974565212689018e-05, 7.12623377897014e-05, 0.7617369993107146, 0.013331885672311205]	[0.0, 0.0, 0.0, 0.0, 0.0]
1267281706245128192	[-1.77862162122045e-05, -1.778625764637057e-05, -1.1272606716839835e-05, 0.2857142857142857, 1.0]	[0.0, 0.0, 0.0, 0.0, 0.0]
1582074009470267392	[4.4485025826120456e-05, 4.418202278876662e-05, 3.786243421650448e-05, 0.7488892838102008, 0.002263095908758675]	[0.0, 0.0, 0.0, 0.0, 0.0]
1296175329556406273	[0.00010068395981891524, 0.00010017597184259272, 7.15203920554887e-05, 0.7613108714839403, 0.013427956465237168]	[0.0, 0.0, 0.0, 0.0, 0.0]
1470403383471263745	[9.732421206850043e-05, 9.682982027936175e-05, 6.86225273375251e-05, 0.7555405557430532, 0.012640645056860318]	[0.0, 0.0, 0.0, 0.0, 0.0]
1253322173403394049	[0.00010139199579316439, 0.00010088084630830432, 7.175245144666323e-05, 0.760190086156937, 0.01351705982652328]	[0.0, 0.0, 0.0, 0.0, 0.0]
3141533716	[4.453414192053916e-05, 4.423067020891707e-05, 3.788382491112002e-05, 0.7486802301441366, 0.0022676494704745643]	[0.0, 0.0, 0.0, 0.0, 0.0]
1599013198501388288	[4.4530342079992664e-05, 4.422706465637799e-05, 3.790413789614254e-05, 0.7488668345430307, 0.0022666257780934087]	[0.0, 0.0, 0.0, 0.0, 0.0]
952266549062139904	[4.456945234506174e-05, 4.42657494313906e-05, 3.791074870625206e-05, 0.7486280442585507, 0.002271102935128546]	[0.0, 0.0, 0.0, 0.0, 0.0]
1303185624317321216	[9.899331634875336e-05, 9.84894157492569e-05, 7.047605535372221e-05, 0.7519748418254651, 0.01307375875445859]	[0.0, 0.0, 0.0, 0.0, 0.0]
1314857412956839937	[0.00010048661116410813, 9.997935548730451e-05, 7.142097094932188e-05, 0.7616018394328415, 0.013385490543138135]	[0.0, 0.0, 0.0, 0.0, 0.0]
1343933675725996033	[9.625303125760184e-05, 9.576677144088213e-05, 6.713089162785803e-05, 0.7555256869772998, 0.012399464217656062]	[0.0, 0.0, 0.0, 0.0, 0.0]
1545674949968420864	[4.4074157960180145e-05, 4.377371950463423e-05, 3.751673394514217e-05, 0.7473219540906415, 0.0022340083744083316]	[0.0, 0.0, 0.0, 0.0, 0.0]
1449841497298382850	[9.9677291439046e-05, 9.917468595004563e-05, 7.09828789028084e-05, 0.7567864309241661, 0.013137503105443102]	[0.0, 0.0, 0.0, 0.0, 0.0]
1586612104127451136	[4.4530342079992644e-05, 4.4227064656377984e-05, 3.790413789614255e-05, 0.7488668345430307, 0.0022666257780934087]	[0.0, 0.0, 0.0, 0.0, 0.0]
1419740808757055491	[9.980433749647065e-05, 9.930188475770679e-05, 7.097998235711463e-05, 0.7564010165762621, 0.01316993917299043]	[0.0, 0.0, 0.0, 0.0, 0.0]
1567948218499239936	[4.436469006303656e-05, 4.406267723438437e-05, 3.77613633954825e-05, 0.7483449580328644, 0.002252907131931153]	[0.0, 0.0, 0.0, 0.0, 0.0]
952266549062139905	[4.456945234506174e-05, 4.426574943139061e-05, 3.791074870625207e-05, 0.7486280442585507, 0.002271102935128546]	[0.0, 0.0, 0.0, 0.0, 0.0]
800152580915499010	[4.455487200573395e-05, 4.425128608691205e-05, 3.789754392210509e-05, 0.7486504122916295, 0.0022700107654630994]	[0.0, 0.0, 0.0, 0.0, 0.0]
1394901053825556480	[0.00010025181484137855, 9.97456521268902e-05, 7.126233778970138e-05, 0.7617369993107146, 0.013331885672311205]	[0.0, 0.0, 0.0, 0.0, 0.0]
938634317294653440	[4.4569452345061744e-05, 4.426574943139061e-05, 3.791074870625206e-05, 0.7486280442585507, 0.002271102935128546]	[0.0, 0.0, 0.0, 0.0, 0.0]
1551000216085618690	[4.416278668727291e-05, 4.3861752490417544e-05, 3.7590308235016013e-05, 0.74717959291879, 0.0022408404344223336]	[0.0, 0.0, 0.0, 0.0, 0.0]
1524540516561559552	[4.373360464686321e-05, 4.343681901559322e-05, 3.7194992958365986e-05, 0.7480960749853545, 0.0022165078632221985]	[0.0, 0.0, 0.0, 0.0, 0.0]
1295170777776619520	[0.00010051781581315466, 0.00010001067309485938, 7.140331573088372e-05, 0.7613658162286592, 0.013387923950925112]	[0.0, 0.0, 0.0, 0.0, 0.0]
1334963880641114113	[0.00010048661116410816, 9.997935548730448e-05, 7.142097094932188e-05, 0.7616018394328415, 0.013385490543138135]	[0.0, 0.0, 0.0, 0.0, 0.0]
1560479529881063424	[4.42004307488174e-05, 4.3899127495215504e-05, 3.762205145765727e-05, 0.7471640295824862, 0.0022441339499642554]	[0.0, 0.0, 0.0, 0.0, 0.0]
1286433502037245955	[0.00010075764196283686, 0.00010024965217450062, 7.15926304775318e-05, 0.7613802103323866, 0.013426602772363006]	[0.0, 0.0, 0.0, 0.0, 0.0]
1509439556860456960	[4.341303975396431e-05, 4.311979895185539e-05, 3.6947665370830865e-05, 0.7492064416552607, 0.0021899501487773494]	[0.0, 0.0, 0.0, 0.0, 0.0]
1221958979573764096	[0.0001014498124134363, 0.00010093834025626964, 7.177826590780117e-05, 0.7604964045465089, 0.01353605416898908]	[0.0, 0.0, 0.0, 0.0, 0.0]
1559849276699729923	[4.420043074881741e-05, 4.389912749521552e-05, 3.7622051457657274e-05, 0.7471640295824862, 0.0022441339499642554]	[0.0, 0.0, 0.0, 0.0, 0.0]
974798197531930624	[4.456945234506174e-05, 4.426574943139061e-05, 3.791074870625207e-05, 0.7486280442585507, 0.002271102935128546]	[0.0, 0.0, 0.0, 0.0, 0.0]
1471505856378273792	[9.664639582684051e-05, 9.615541158969653e-05, 6.80372587703355e-05, 0.7560062869545693, 0.012495732078440687]	[0.0, 0.0, 0.0, 0.0, 0.0]
1357459209537937408	[0.00010032195413489783, 9.98154749882227e-05, 7.130391526439814e-05, 0.7617296717606955, 0.013351055974006794]	[0.0, 0.0, 0.0, 0.0, 0.0]
1705999885	[4.45220023136555e-05, 4.4218571613220884e-05, 3.787430354038515e-05, 0.7486951364175564, 0.002266470333801183]	[0.0, 0.0, 0.0, 0.0, 0.0]
175625853	[4.45220023136555e-05, 4.421857161322089e-05, 3.787430354038516e-05, 0.7486951364175564, 0.002266470333801183]	[0.0, 0.0, 0.0, 0.0, 0.0]
1557748313948147712	[4.417634919601876e-05, 4.3875224755337045e-05, 3.760213457875953e-05, 0.7471646979114502, 0.002241996292450225]	[0.0, 0.0, 0.0, 0.0, 0.0]
1581248279123197953	[4.442937651815636e-05, 4.4126826916286575e-05, 3.7817556523064016e-05, 0.7482697426796806, 0.0022576789999710863]	[0.0, 0.0, 0.0, 0.0, 0.0]
390960016	[4.454117087210953e-05, 4.423765094275539e-05, 3.788567868120682e-05, 0.748665322102266, 0.0022688296139699933]	[0.0, 0.0, 0.0, 0.0, 0.0]
1536055318542794752	[4.397648442606991e-05, 4.3676812733025126e-05, 3.74340323985596e-05, 0.7472143004145474, 0.0022252828556468688]	[0.0, 0.0, 0.0, 0.0, 0.0]
1573532345772146688	[4.438804891412322e-05, 4.408586141975927e-05, 3.7779954168289876e-05, 0.7483071646116088, 0.002254350450077277]	[0.0, 0.0, 0.0, 0.0, 0.0]
1461358161453928448	[9.838493928622595e-05, 9.788529587568032e-05, 7.005060681714487e-05, 0.7554953327311051, 0.012876968241259674]	[0.0, 0.0, 0.0, 0.0, 0.0]
1534104823527661696	[4.393924232113771e-05, 4.363985713129746e-05, 3.740345950722416e-05, 0.7472737426883396, 0.0022220365402341306]	[0.0, 0.0, 0.0, 0.0, 0.0]
1432363068969734144	[9.590184996001474e-05, 9.541923558795912e-05, 6.508915088042672e-05, 0.7467411545623837, 0.012737001563721657]	[0.0, 0.0, 0.0, 0.0, 0.0]
1212271430257147904	[0.0001014498124134363, 0.00010093834025626964, 7.177826590780117e-05, 0.7604964045465089, 0.01353605416898908]	[0.0, 0.0, 0.0, 0.0, 0.0]
941038685818060800	[4.456945234506174e-05, 4.42657494313906e-05, 3.791074870625206e-05, 0.7486280442585507, 0.002271102935128546]	[0.0, 0.0, 0.0, 0.0, 0.0]
285050738	[4.453414192053916e-05, 4.423067020891707e-05, 3.788382491112002e-05, 0.7486802301441366, 0.0022676494704745643]	[0.0, 0.0, 0.0, 0.0, 0.0]
1563911121681137669	[4.426457470454215e-05, 4.396281857075193e-05, 3.76770364118603e-05, 0.7470000294837397, 0.0022488721022338536]	[0.0, 0.0, 0.0, 0.0, 0.0]
1406907752065110016	[9.996221683038578e-05, 9.945894612871295e-05, 7.108993844411018e-05, 0.7563927460353593, 0.013210205060654168]	[0.0, 0.0, 0.0, 0.0, 0.0]
1567761967015772161	[4.436469006303656e-05, 4.406267723438437e-05, 3.77613633954825e-05, 0.7483449580328644, 0.002252907131931153]	[0.0, 0.0, 0.0, 0.0, 0.0]
1585801883985317889	[4.4485025826120456e-05, 4.418202278876662e-05, 3.786243421650448e-05, 0.7488892838102008, 0.002263095908758675]	[0.0, 0.0, 0.0, 0.0, 0.0]
938384349342429184	[4.456945234506174e-05, 4.42657494313906e-05, 3.791074870625206e-05, 0.7486280442585507, 0.002271102935128546]	[0.0, 0.0, 0.0, 0.0, 0.0]
1425454693275168775	[9.972333787220884e-05, 9.922128251154728e-05, 7.092238018156286e-05, 0.7564287339755746, 0.013150537520968066]	[0.0, 0.0, 0.0, 0.0, 0.0]
1513648688417193984	[4.3515381653645135e-05, 4.3221436143159726e-05, 3.703542402355491e-05, 0.7491185640607244, 0.002198669629127904]	[0.0, 0.0, 0.0, 0.0, 0.0]
1576130850844184576	[4.4403336555025075e-05, 4.410096298798925e-05, 3.779534958908293e-05, 0.7482920770118002, 0.0022552510662572477]	[0.0, 0.0, 0.0, 0.0, 0.0]
1541974408058773504	[4.404826699378846e-05, 4.3747994993449645e-05, 3.7494853225996695e-05, 0.7473591290275121, 0.002231799616572274]	[0.0, 0.0, 0.0, 0.0, 0.0]
1573696002644664322	[4.4388048914123216e-05, 4.408586141975927e-05, 3.777995416828988e-05, 0.7483071646116088, 0.002254350450077277]	[0.0, 0.0, 0.0, 0.0, 0.0]
1577959393940881408	[4.4416595240171405e-05, 4.411413138541773e-05, 3.7806635151814813e-05, 0.7482846326747901, 0.0022565091025584768]	[0.0, 0.0, 0.0, 0.0, 0.0]
1526108537293680640	[4.376077006812505e-05, 4.34638053429191e-05, 3.721899962819193e-05, 0.748073937370009, 0.0022188613905432383]	[0.0, 0.0, 0.0, 0.0, 0.0]
1219459547124858888	[0.0001014498124134363, 0.00010093834025626964, 7.177826590780117e-05, 0.7604964045465089, 0.01353605416898908]	[0.0, 0.0, 0.0, 0.0, 0.0]
4405807395	[4.454117087210952e-05, 4.4237650942755376e-05, 3.788567868120684e-05, 0.748665322102266, 0.0022688296139699933]	[0.0, 0.0, 0.0, 0.0, 0.0]
1424640593938944005	[9.972333787220886e-05, 9.922128251154728e-05, 7.092238018156286e-05, 0.7564287339755746, 0.013150537520968066]	[0.0, 0.0, 0.0, 0.0, 0.0]
1348724621034483712	[0.0001004024967186157, 9.989561902796684e-05, 7.13598266118265e-05, 0.7617022906611507, 0.013370943665191839]	[0.0, 0.0, 0.0, 0.0, 0.0]
1597126178804039682	[4.4530342079992644e-05, 4.4227064656377984e-05, 3.790413789614255e-05, 0.7488668345430307, 0.0022666257780934087]	[0.0, 0.0, 0.0, 0.0, 0.0]
3022955977	[-1.2241657366058379e-06, -1.2243451792891277e-06, -4.459684159215449e-07, 0.95, 3.1666666666666665]	[0.0, 0.0, 0.0, 0.0, 0.0]
1304838924188123136	[0.00010057632787596667, 0.00010006864084369422, 7.148976070559042e-05, 0.7616036181058603, 0.013405464188905664]	[0.0, 0.0, 0.0, 0.0, 0.0]
1535843539778564096	[4.396727143607028e-05, 4.366768543431656e-05, 3.742865292212552e-05, 0.7472440250463004, 0.002224316533919974]	[0.0, 0.0, 0.0, 0.0, 0.0]
1307008631771148288	[0.00010048661116410816, 9.997935548730448e-05, 7.142097094932188e-05, 0.7616018394328415, 0.013385490543138135]	[0.0, 0.0, 0.0, 0.0, 0.0]
786189623944843264	[4.455487200573395e-05, 4.425128608691205e-05, 3.789754392210509e-05, 0.7486504122916295, 0.0022700107654630994]	[0.0, 0.0, 0.0, 0.0, 0.0]
1381436262633111552	[0.00010025181484137855, 9.97456521268902e-05, 7.126233778970138e-05, 0.7617369993107146, 0.013331885672311205]	[0.0, 0.0, 0.0, 0.0, 0.0]
1103457912335331328	[0.00010152999700041869, 0.0001010181085148584, 7.185487996034722e-05, 0.7604887668690306, 0.013555782247280847]	[0.0, 0.0, 0.0, 0.0, 0.0]
1541974408058773512	[4.404826699378846e-05, 4.374799499344965e-05, 3.7494853225996695e-05, 0.7473591290275121, 0.002231799616572274]	[0.0, 0.0, 0.0, 0.0, 0.0]
1241224210107658240	[9.769460924979294e-05, 9.721055140843456e-05, 6.921371749137364e-05, 0.7668873175868813, 0.012976830089444027]	[0.0, 0.0, 0.0, 0.0, 0.0]
1265631236028084224	[0.00010121487742194384, 0.00010070501589598576, 7.167771832924456e-05, 0.7602996254681648, 0.01348262753411226]	[0.0, 0.0, 0.0, 0.0, 0.0]
1573022912000319488	[4.4388048914123216e-05, 4.408586141975927e-05, 3.777995416828988e-05, 0.7483071646116088, 0.002254350450077277]	[0.0, 0.0, 0.0, 0.0, 0.0]
1476984898477260800	[9.171572885273594e-05, 9.122613993897229e-05, 6.660358423207682e-05, 0.7679719259233522, 0.011431659848253676]	[0.0, 0.0, 0.0, 0.0, 0.0]
1603172736351670272	[4.451233661247355e-05, 4.420903907716183e-05, 3.7868441758516836e-05, 0.7487626329984292, 0.002266727749165544]	[0.0, 0.0, 0.0, 0.0, 0.0]
1562198318276431876	[4.4214274199078245e-05, 4.39128813009436e-05, 3.763428387534103e-05, 0.7471491292689395, 0.002245292642495856]	[0.0, 0.0, 0.0, 0.0, 0.0]
1604350270472916993	[4.4512336612473535e-05, 4.420903907716181e-05, 3.786844175851684e-05, 0.7487626329984292, 0.002266727749165544]	[0.0, 0.0, 0.0, 0.0, 0.0]
1176972315537694720	[0.00010152999700041869, 0.0001010181085148584, 7.185487996034722e-05, 0.7604887668690306, 0.013555782247280847]	[0.0, 0.0, 0.0, 0.0, 0.0]
1308151079222345728	[0.00010048661116410816, 9.997935548730448e-05, 7.142097094932188e-05, 0.7616018394328415, 0.013385490543138135]	[0.0, 0.0, 0.0, 0.0, 0.0]
1360507235936456704	[0.00010032195413489783, 9.98154749882227e-05, 7.130391526439814e-05, 0.7617296717606955, 0.013351055974006794]	[0.0, 0.0, 0.0, 0.0, 0.0]
1559593258086305792	[4.420043074881741e-05, 4.389912749521552e-05, 3.7622051457657274e-05, 0.7471640295824862, 0.0022441339499642554]	[0.0, 0.0, 0.0, 0.0, 0.0]
1518068230341881856	[2.103268072376e-06, 2.1037475695757515e-06, 1.7405673558576649e-06, 0.1044776119402985, 1.1666666666666667]	[0.0, 0.0, 0.0, 0.0, 0.0]
