855091879003738113	[0.0031123689582188353, 0.0029333681180669863, 0.003124912283420233, 0.7486280442585507, 0.002271102935128546]	[0.0, 0.0, 0.0, 0.0, 0.0]
1524084713178431488	[0.003055547145671846, 0.002879814283167059, 0.00306786147023647, 0.7481034533259131, 0.002215289233977078]	[0.0, 0.0, 0.0, 0.0, 0.0]
1257959303945900032	[0.0020899797489032893, 0.001892449940937033, 0.0020918059095488824, 0.7574726250369932, 0.0131995075003062]	[0.0, 0.0, 0.0, 0.0, 0.0]
1530832682095190018	[0.003063666402923412, 0.0028874665797565197, 0.0030760134493425027, 0.7473480062296142, 0.0022176624392176683]	[0.0, 0.0, 0.0, 0.0, 0.0]
3295465306	[0.003094732510200297, 0.0029167459903475493, 0.0031072047578058625, 0.7519226482389657, 0.002400959636474158]	[0.0, 0.0, 0.0, 0.0, 0.0]
1552006530374852608	[0.0030836963169989886, 0.0029063445187623572, 0.003096124087049943, 0.74717959291879, 0.0022408404344223336]	[0.0, 0.0, 0.0, 0.0, 0.0]
975175578365190144	[0.0031123689582188353, 0.0029333681180669863, 0.003124912283420233, 0.7486280442585507, 0.002271102935128546]	[0.0, 0.0, 0.0, 0.0, 0.0]
1512708407329198084	[0.00303233141633594, 0.0028579337538384947, 0.0030445521779436146, 0.7491551101270248, 0.0021965270715085137]	[0.0, 0.0, 0.0, 0.0, 0.0]
1470797296921034752	[0.0021686039296072634, 0.0019890409108109263, 0.002158329268566021, 0.7557878174870758, 0.012577757661677957]	[0.0, 0.0, 0.0, 0.0, 0.0]
878199957500686336	[0.0031123689582188353, 0.0029333681180669863, 0.003124912283420233, 0.7486280442585507, 0.002271102935128546]	[0.0, 0.0, 0.0, 0.0, 0.0]
1264179482648248320	[0.0022726395192823844, 0.002084462228285727, 0.002261874028501699, 0.7602996254681648, 0.01348262753411226]	[0.0, 0.0, 0.0, 0.0, 0.0]
1010300612129509376	[0.0, 0.0, 0.0, 0.95, 3.1666666666666665]	[0.0, 0.0, 0.0, 0.0, 0.0]
1217558606842859522	[0.002215823559440279, 0.002032350683455153, 0.0019587577228056432, 0.76189568400183, 0.013006717175661955]	[0.0, 0.0, 0.0, 0.0, 0.0]
1184331211721736192	[0.002280183550881662, 0.002091381604977132, 0.0022693823240319956, 0.7604887668690306, 0.013555782247280847]	[0.0, 0.0, 0.0, 0.0, 0.0]
1558953336916922368	[0.003084612992479666, 0.002907208473732263, 0.0030970444568736793, 0.7471646979114502, 0.002241996292450225]	[0.0, 0.0, 0.0, 0.0, 0.0]
1347248904895672323	[0.0021668936741422737, 0.0019874722665594985, 0.0021566291013080077, 0.7682141394586948, 0.01284424570323101]	[0.0, 0.0, 0.0, 0.0, 0.0]
1405935500242915328	[0.002237476529977527, 0.0020522107768708824, 0.0022268776062366073, 0.7563197449328172, 0.013224437135143315]	[0.0, 0.0, 0.0, 0.0, 0.0]
1390960631759523840	[0.0022484625031198064, 0.002062287098197581, 0.0022378115388367874, 0.7617369993107146, 0.013331885672311205]	[0.0, 0.0, 0.0, 0.0, 0.0]
1267281706245128192	[-8.136211940899182e-157, -8.136211940899182e-157, -8.136211940899182e-157, 0.2857142857142857, 1.0]	[0.0, 0.0, 0.0, 0.0, 0.0]
1582074009470267392	[0.003103989861412383, 0.0029254709260051848, 0.0031164994175659757, 0.7488892838102008, 0.002263095908758675]	[0.0, 0.0, 0.0, 0.0, 0.0]
1296175329556406273	[0.002259556890470726, 0.0020724628569057926, 0.002248853372087627, 0.7613108714839403, 0.013427956465237168]	[0.0, 0.0, 0.0, 0.0, 0.0]
1470403383471263745	[0.002175472033897389, 0.00199534032778895, 0.0021651648323619548, 0.7555405557430532, 0.012640645056860318]	[0.0, 0.0, 0.0, 0.0, 0.0]
1253322173403394049	[0.002276405284848718, 0.002087916183924974, 0.00226562195564089, 0.760190086156937, 0.01351705982652328]	[0.0, 0.0, 0.0, 0.0, 0.0]
3141533716	[0.0031095709040160615, 0.0029307309876042353, 0.003122102952629025, 0.7486802301441366, 0.0022676494704745643]	[0.0, 0.0, 0.0, 0.0, 0.0]
1599013198501388288	[0.003106777876257963, 0.0029280985945015965, 0.003119298668539837, 0.7488668345430307, 0.0022666257780934087]	[0.0, 0.0, 0.0, 0.0, 0.0]
952266549062139904	[0.0031123689582188353, 0.0029333681180669863, 0.003124912283420233, 0.7486280442585507, 0.002271102935128546]	[0.0, 0.0, 0.0, 0.0, 0.0]
1303185624317321216	[0.0022158235313003254, 0.002032350672578584, 0.0022053271777891566, 0.7519748418254651, 0.01307375875445859]	[0.0, 0.0, 0.0, 0.0, 0.0]
1314857412956839937	[0.0022539960449650554, 0.00206736245610947, 0.0022433188683007007, 0.7616018394328415, 0.013385490543138135]	[0.0, 0.0, 0.0, 0.0, 0.0]
1343933675725996033	[0.0021499383245990105, 0.0019719208403932527, 0.0021394505659434906, 0.7555256869772998, 0.012399464217656062]	[0.0, 0.0, 0.0, 0.0, 0.0]
1545674949968420864	[0.0030772948121890855, 0.002900311181979636, 0.003089696783191891, 0.7473219540906415, 0.0022340083744083316]	[0.0, 0.0, 0.0, 0.0, 0.0]
1449841497298382850	[0.0022265973896372798, 0.0020422324424614617, 0.0022160500003716, 0.7567864309241661, 0.013137503105443102]	[0.0, 0.0, 0.0, 0.0, 0.0]
1586612104127451136	[0.003106777876257963, 0.0029280985945015965, 0.003119298668539837, 0.7488668345430307, 0.0022666257780934087]	[0.0, 0.0, 0.0, 0.0, 0.0]
1419740808757055491	[0.0022320237033407013, 0.0020472094508508887, 0.002221450609633269, 0.7564010165762621, 0.01316993917299043]	[0.0, 0.0, 0.0, 0.0, 0.0]
1567948218499239936	[0.003094732510200297, 0.0029167459903475493, 0.0031072047578058625, 0.7483449580328644, 0.002252907131931153]	[0.0, 0.0, 0.0, 0.0, 0.0]
952266549062139905	[0.0031123689582188353, 0.0029333681180669863, 0.003124912283420233, 0.7486280442585507, 0.002271102935128546]	[0.0, 0.0, 0.0, 0.0, 0.0]
800152580915499010	[0.0031114357141534023, 0.0029324885474168914, 0.003123975278237798, 0.7486504122916295, 0.0022700107654630994]	[0.0, 0.0, 0.0, 0.0, 0.0]
1394901053825556480	[0.0022484625031198064, 0.002062287098197581, 0.0022378115388367874, 0.7617369993107146, 0.013331885672311205]	[0.0, 0.0, 0.0, 0.0, 0.0]
938634317294653440	[0.0031123689582188353, 0.0029333681180669863, 0.003124912283420233, 0.7486280442585507, 0.002271102935128546]	[0.0, 0.0, 0.0, 0.0, 0.0]
1551000216085618690	[0.0030836963169989886, 0.0029063445187623572, 0.003096124087049943, 0.74717959291879, 0.0022408404344223336]	[0.0, 0.0, 0.0, 0.0, 0.0]
1524540516561559552	[0.003056447159558642, 0.0028806625347968583, 0.003068765111317541, 0.7480960749853545, 0.0022165078632221985]	[0.0, 0.0, 0.0, 0.0, 0.0]
1295170777776619520	[0.0022558466164305443, 0.002069059798027458, 0.0022451606736112926, 0.7613658162286592, 0.013387923950925112]	[0.0, 0.0, 0.0, 0.0, 0.0]
1334963880641114113	[0.0022539960449650554, 0.00206736245610947, 0.0022433188683007007, 0.7616018394328415, 0.013385490543138135]	[0.0, 0.0, 0.0, 0.0, 0.0]
1560479529881063424	[0.0030864479793877445, 0.002908937925531033, 0.0030988868390609925, 0.7471640295824862, 0.0022441339499642554]	[0.0, 0.0, 0.0, 0.0, 0.0]
1286433502037245955	[0.0022595568904707265, 0.002072462856905793, 0.002248853372087627, 0.7613802103323866, 0.013426602772363006]	[0.0, 0.0, 0.0, 0.0, 0.0]
1509439556860456960	[0.0030270239517799264, 0.0028529315360663154, 0.0030392233234898046, 0.7492064416552607, 0.0021899501487773494]	[0.0, 0.0, 0.0, 0.0, 0.0]
1221958979573764096	[0.002278292851419903, 0.002089647457709323, 0.002267500580811405, 0.7604964045465089, 0.01353605416898908]	[0.0, 0.0, 0.0, 0.0, 0.0]
1559849276699729923	[0.0030864479793877445, 0.002908937925531033, 0.0030988868390609925, 0.7471640295824862, 0.0022441339499642554]	[0.0, 0.0, 0.0, 0.0, 0.0]
974798197531930624	[0.0031123689582188353, 0.0029333681180669863, 0.003124912283420233, 0.7486280442585507, 0.002271102935128546]	[0.0, 0.0, 0.0, 0.0, 0.0]
1471505856378273792	[0.0021600795430915115, 0.001981222353771575, 0.0021498452698688274, 0.7560062869545693, 0.012495732078440687]	[0.0, 0.0, 0.0, 0.0, 0.0]
1357459209537937408	[0.002250303995751354, 0.00206397611302002, 0.002239644308319864, 0.7617296717606955, 0.013351055974006794]	[0.0, 0.0, 0.0, 0.0, 0.0]
1705999885	[0.003108639336938765, 0.002929852997494108, 0.0031211676311932463, 0.7486951364175564, 0.002266470333801183]	[0.0, 0.0, 0.0, 0.0, 0.0]
175625853	[0.003108639336938765, 0.002929852997494108, 0.0031211676311932463, 0.7486951364175564, 0.002266470333801183]	[0.0, 0.0, 0.0, 0.0, 0.0]
1557748313948147712	[0.003084612992479666, 0.002907208473732263, 0.0030970444568736793, 0.7471646979114502, 0.002241996292450225]	[0.0, 0.0, 0.0, 0.0, 0.0]
1581248279123197953	[0.003099354273208362, 0.0029211019431407805, 0.003111845147229109, 0.7482697426796806, 0.0022576789999710863]	[0.0, 0.0, 0.0, 0.0, 0.0]
390960016	[0.0031105030295868097, 0.00293160950408733, 0.00312303883480907, 0.748665322102266, 0.0022688296139699933]	[0.0, 0.0, 0.0, 0.0, 0.0]
1536055318542794752	[0.00307001127417207, 0.0028934465401287968, 0.003082383891397354, 0.7472143004145474, 0.0022252828556468688]	[0.0, 0.0, 0.0, 0.0, 0.0]
1573532345772146688	[0.0030965795603406735, 0.002918486811589177, 0.0031090592518421534, 0.7483071646116088, 0.002254350450077277]	[0.0, 0.0, 0.0, 0.0, 0.0]
1461358161453928448	[0.0021998568285127324, 0.0020177060320235736, 0.002189436109254246, 0.7554953327311051, 0.012876968241259674]	[0.0, 0.0, 0.0, 0.0, 0.0]
1534104823527661696	[0.0030672888284663307, 0.0028908806697118925, 0.003079650473817043, 0.7472737426883396, 0.0022220365402341306]	[0.0, 0.0, 0.0, 0.0, 0.0]
1432363068969734144	[0.0021457364655517648, 0.001968111404934072, 0.0021349333104502327, 0.7467411545623837, 0.012737001563721657]	[0.0, 0.0, 0.0, 0.0, 0.0]
1212271430257147904	[0.002278292851419903, 0.002089647457709323, 0.002267500580811405, 0.7604964045465089, 0.01353605416898908]	[0.0, 0.0, 0.0, 0.0, 0.0]
941038685818060800	[0.0031123689582188353, 0.0029333681180669863, 0.003124912283420233, 0.7486280442585507, 0.002271102935128546]	[0.0, 0.0, 0.0, 0.0, 0.0]
285050738	[0.0031095709040160615, 0.0029307309876042353, 0.003122102952629025, 0.7486802301441366, 0.0022676494704745643]	[0.0, 0.0, 0.0, 0.0, 0.0]
1563911121681137669	[0.003091045012422281, 0.0029132705706390624, 0.003103502398845117, 0.7470000294837397, 0.0022488721022338536]	[0.0, 0.0, 0.0, 0.0, 0.0]
1406907752065110016	[0.002235655963232224, 0.0020505409552460893, 0.0022250656635138762, 0.7563927460353593, 0.013210205060654168]	[0.0, 0.0, 0.0, 0.0, 0.0]
1567761967015772161	[0.003094732510200297, 0.0029167459903475493, 0.0031072047578058625, 0.7483449580328644, 0.002252907131931153]	[0.0, 0.0, 0.0, 0.0, 0.0]
1585801883985317889	[0.003103989861412383, 0.0029254709260051848, 0.0031164994175659757, 0.7488892838102008, 0.002263095908758675]	[0.0, 0.0, 0.0, 0.0, 0.0]
938384349342429184	[0.0031123689582188353, 0.0029333681180669863, 0.003124912283420233, 0.7486280442585507, 0.002271102935128546]	[0.0, 0.0, 0.0, 0.0, 0.0]
1425454693275168775	[0.0022302119957892884, 0.002045547754868055, 0.0022196474841384367, 0.7564287339755746, 0.013150537520968066]	[0.0, 0.0, 0.0, 0.0, 0.0]
1513648688417193984	[0.0030341047095618677, 0.0028596050601272893, 0.0030463326178137573, 0.7491185640607244, 0.002198669629127904]	[0.0, 0.0, 0.0, 0.0, 0.0]
1576130850844184576	[0.0030975039124482378, 0.002919358001682189, 0.003109987329230763, 0.7482920770118002, 0.0022552510662572477]	[0.0, 0.0, 0.0, 0.0, 0.0]
1541974408058773504	[0.0030754706895973908, 0.0028985919696607387, 0.003087865309105826, 0.7473591290275121, 0.002231799616572274]	[0.0, 0.0, 0.0, 0.0, 0.0]
1573696002644664322	[0.0030965795603406735, 0.002918486811589177, 0.0031090592518421534, 0.7483071646116088, 0.002254350450077277]	[0.0, 0.0, 0.0, 0.0, 0.0]
1577959393940881408	[0.003098428816572588, 0.002920229712043993, 0.003110915960860871, 0.7482846326747901, 0.0022565091025584768]	[0.0, 0.0, 0.0, 0.0, 0.0]
1526108537293680640	[0.003058248778868727, 0.002882360538059337, 0.003070573991430313, 0.748073937370009, 0.0022188613905432383]	[0.0, 0.0, 0.0, 0.0, 0.0]
1219459547124858888	[0.002278292851419903, 0.002089647457709323, 0.002267500580811405, 0.7604964045465089, 0.01353605416898908]	[0.0, 0.0, 0.0, 0.0, 0.0]
4405807395	[0.0031105030295868097, 0.00293160950408733, 0.00312303883480907, 0.748665322102266, 0.0022688296139699933]	[0.0, 0.0, 0.0, 0.0, 0.0]
1424640593938944005	[0.0022302119957892884, 0.002045547754868055, 0.0022196474841384367, 0.7564287339755746, 0.013150537520968066]	[0.0, 0.0, 0.0, 0.0, 0.0]
1348724621034483712	[0.0022521485072232814, 0.002065667896719217, 0.0022414800823430774, 0.7617022906611507, 0.013370943665191839]	[0.0, 0.0, 0.0, 0.0, 0.0]
1597126178804039682	[0.003106777876257963, 0.0029280985945015965, 0.003119298668539837, 0.7488668345430307, 0.0022666257780934087]	[0.0, 0.0, 0.0, 0.0, 0.0]
3022955977	[0.0, 0.0, 0.0, 0.95, 3.1666666666666665]	[0.0, 0.0, 0.0, 0.0, 0.0]
1304838924188123136	[0.0022558466164305443, 0.002069059798027458, 0.0022451606736112926, 0.7616036181058603, 0.013405464188905664]	[0.0, 0.0, 0.0, 0.0, 0.0]
1535843539778564096	[0.003069103255457438, 0.0028925907440506752, 0.00308147221322776, 0.7472440250463004, 0.002224316533919974]	[0.0, 0.0, 0.0, 0.0, 0.0]
1307008631771148288	[0.0022539960449650554, 0.00206736245610947, 0.0022433188683007007, 0.7616018394328415, 0.013385490543138135]	[0.0, 0.0, 0.0, 0.0, 0.0]
786189623944843264	[0.0031114357141534023, 0.0029324885474168914, 0.003123975278237798, 0.7486504122916295, 0.0022700107654630994]	[0.0, 0.0, 0.0, 0.0, 0.0]
1381436262633111552	[0.0022484625031198064, 0.002062287098197581, 0.0022378115388367874, 0.7617369993107146, 0.013331885672311205]	[0.0, 0.0, 0.0, 0.0, 0.0]
1103457912335331328	[0.002280183550881662, 0.002091381604977132, 0.0022693823240319956, 0.7604887668690306, 0.013555782247280847]	[0.0, 0.0, 0.0, 0.0, 0.0]
1541974408058773512	[0.0030754706895973908, 0.0028985919696607387, 0.003087865309105826, 0.7473591290275121, 0.002231799616572274]	[0.0, 0.0, 0.0, 0.0, 0.0]
1241224210107658240	[0.0021910854695473708, 0.002009660952151072, 0.002180706300206184, 0.7668873175868813, 0.012976830089444027]	[0.0, 0.0, 0.0, 0.0, 0.0]
1265631236028084224	[0.0022726395192823844, 0.002084462228285727, 0.002261874028501699, 0.7602996254681648, 0.01348262753411226]	[0.0, 0.0, 0.0, 0.0, 0.0]
1573022912000319488	[0.0030965795603406735, 0.002918486811589177, 0.0031090592518421534, 0.7483071646116088, 0.002254350450077277]	[0.0, 0.0, 0.0, 0.0, 0.0]
1476984898477260800	[0.0019752848158248763, 0.0018117288526221737, 0.0019659260843085174, 0.7679719259233522, 0.011431659848253676]	[0.0, 0.0, 0.0, 0.0, 0.0]
1603172736351670272	[0.0031077083278531286, 0.002928975533284017, 0.0031202328699979206, 0.7487626329984292, 0.002266727749165544]	[0.0, 0.0, 0.0, 0.0, 0.0]
1562198318276431876	[0.0030873662917886334, 0.0029098034232773974, 0.0030998088524019805, 0.7471491292689395, 0.002245292642495856]	[0.0, 0.0, 0.0, 0.0, 0.0]
1604350270472916993	[0.0031077083278531286, 0.002928975533284017, 0.0031202328699979206, 0.7487626329984292, 0.002266727749165544]	[0.0, 0.0, 0.0, 0.0, 0.0]
1176972315537694720	[0.002280183550881662, 0.002091381604977132, 0.0022693823240319956, 0.7604887668690306, 0.013555782247280847]	[0.0, 0.0, 0.0, 0.0, 0.0]
1308151079222345728	[0.0022539960449650554, 0.00206736245610947, 0.0022433188683007007, 0.7616018394328415, 0.013385490543138135]	[0.0, 0.0, 0.0, 0.0, 0.0]
1360507235936456704	[0.002250303995751354, 0.00206397611302002, 0.002239644308319864, 0.7617296717606955, 0.013351055974006794]	[0.0, 0.0, 0.0, 0.0, 0.0]
1559593258086305792	[0.0030864479793877445, 0.002908937925531033, 0.0030988868390609925, 0.7471640295824862, 0.0022441339499642554]	[0.0, 0.0, 0.0, 0.0, 0.0]
1518068230341881856	[-2.3088544750830033e-285, -2.3088544750830033e-285, -2.3088544750830033e-285, 0.1044776119402985, 1.1666666666666667]	[0.0, 0.0, 0.0, 0.0, 0.0]
