687502882211372976	[0.008661023996885718, 9.635353363802457e-05, 0.006817890348386204, 0.8000653808434128, 0.001813344239775766]	[0.0, 0.0, 0.0, 0.0, 0.0]
3494467722202453457	[0.008664428101081265, 9.700756793228538e-05, 0.00682375162700593, 0.8000719165767709, 0.001813418332455335]	[0.0, 0.0, 0.0, 0.0, 0.0]
1024693152511880938	[0.005162465436750272, 0.00038820692087386554, -0.006254467011197356, 0.6623235613463626, 0.013636702352269058]	[0.0, 0.0, 0.0, 0.0, 0.0]
7526198142328807468	[0.00865862626283188, 9.635353363802459e-05, 0.006815937212078216, 0.8000621128164893, 0.0018133071934359813]	[0.0, 0.0, 0.0, 0.0, 0.0]
4178558502	[0.00864664574554874, 9.635353363802457e-05, 0.0068111070174447196, 0.8039679800121636, 0.0018119735252037363]	[0.0, 0.0, 0.0, 0.0, 0.0]
4908677609206082653	[0.00866081445614219, 9.700756793228538e-05, 0.006817681419709331, 0.8000523080946776, 0.0018131960544166277]	[0.0, 0.0, 0.0, 0.0, 0.0]
294988534320751376	[0.008660636418095415, 9.635353363802457e-05, 0.006817200752427105, 0.8000653808434128, 0.001813344239775766]	[0.0, 0.0, 0.0, 0.0, 0.0]
7104844123842141351	[0.00865862626283188, 9.635353363802459e-05, 0.006815937212078216, 0.8000621128164893, 0.0018133071934359813]	[0.0, 0.0, 0.0, 0.0, 0.0]
8430661869875134112	[0.008928265651254774, 9.888741757918785e-05, 0.007161658661626865, 0.8039124657819329, 0.0018603930913021862]	[0.0, 0.0, 0.0, 0.0, 0.0]
945217690101677404	[0.008659352234011668, 9.635353363802457e-05, 0.006817122511922661, 0.8000719165767709, 0.001813418332455335]	[0.0, 0.0, 0.0, 0.0, 0.0]
4615407383644695987	[0.014366256952750164, 0.00015259736715972575, 0.007343133578830427, 0.7615360912102304, 0.0054680944391988055]	[0.0, 0.0, 0.0, 0.0, 0.0]
8233524724846761188	[0.00022907291082611088, 0.0, 0.004786417273981269, 0.8181818181818182, 4.5]	[0.0, 0.0, 0.0, 0.0, 0.0]
1933854219261018752	[0.006593407501726985, 0.0008150931754955904, -0.01641074083807155, 0.5245441795231417, 0.03191670933606418]	[0.0, 0.0, 0.0, 0.0, 0.0]
9509180398980953246	[0.0015690430960030677, 0.00013631003020530988, -0.021133343668348313, 0.5238095238095238, 0.2619047619047619]	[0.0, 0.0, 0.0, 0.0, 0.0]
6455640750484959777	[0.00866081445614219, 9.700756793228538e-05, 0.006817681419709331, 0.8000523080946776, 0.0018131960544166277]	[0.0, 0.0, 0.0, 0.0, 0.0]
6644480288361451084	[0.011974800749601958, 0.00018021674361953568, 0.010603606448451855, 0.8192303380234318, 0.0021656178847873652]	[0.0, 0.0, 0.0, 0.0, 0.0]
5897761173277386759	[0.00991843918488735, 0.00011479569992252311, 0.00819103098602518, 0.8177009214138887, 0.0021073810386460006]	[0.0, 0.0, 0.0, 0.0, 0.0]
4560210361143373118	[0.01059846507808434, 0.00012666766970741595, 0.008956050143202846, 0.8111223993992668, 0.00204084581239289]	[0.0, 0.0, 0.0, 0.0, 0.0]
5178248530134753746	[-0.0023109824808720757, -8.540369593353682e-06, 0.0004215314539461023, 0.5, 1.5]	[0.0, 0.0, 0.0, 0.0, 0.0]
4390662217311840551	[0.008662433363086952, 9.700756793228538e-05, 0.006819309650170311, 0.800055576442127, 0.0018132331007564121]	[0.0, 0.0, 0.0, 0.0, 0.0]
3817470987725623391	[0.011458662476372073, 0.00017828564732673101, 0.00990733826177945, 0.812391116576632, 0.0020557754873260768]	[0.0, 0.0, 0.0, 0.0, 0.0]
4214744352023227036	[0.00902524691255494, 9.579328571506991e-05, 0.007282311452126132, 0.8046319614906436, 0.0018701362786655315]	[0.0, 0.0, 0.0, 0.0, 0.0]
7593847387420551914	[0.00639791153791537, 0.0004949522069662542, -0.006563570358843002, 0.6293739212301899, 0.01563486680543537]	[0.0, 0.0, 0.0, 0.0, 0.0]
3259140537	[0.008661023996885718, 9.635353363802457e-05, 0.006817890348386204, 0.8000653808434128, 0.001813344239775766]	[0.0, 0.0, 0.0, 0.0, 0.0]
2611479507433454325	[0.008662907698648173, 9.700756793228538e-05, 0.006819891121132841, 0.800055576442127, 0.0018132331007564121]	[0.0, 0.0, 0.0, 0.0, 0.0]
997820563438953978	[0.008661023996885718, 9.635353363802457e-05, 0.006817890348386204, 0.8000653808434128, 0.001813344239775766]	[0.0, 0.0, 0.0, 0.0, 0.0]
4672903023876615309	[0.011519987008216818, 0.00018294767541525748, 0.010006134735100428, 0.8138093703302177, 0.002057887128693798]	[0.0, 0.0, 0.0, 0.0, 0.0]
1976936737527470567	[0.01161873137312944, 0.0001858885698885993, 0.010194440264866203, 0.8154546379909552, 0.0020774846424398423]	[0.0, 0.0, 0.0, 0.0, 0.0]
7178492336009101768	[0.012018890562500028, 0.00017339097731975355, 0.010634100265852466, 0.8192732622695981, 0.0021867342984645773]	[0.0, 0.0, 0.0, 0.0, 0.0]
9268103894444270578	[0.00866081445614219, 9.700756793228538e-05, 0.006817681419709331, 0.8000523080946776, 0.0018131960544166277]	[0.0, 0.0, 0.0, 0.0, 0.0]
2100929128288071137	[0.009218755402687118, 0.00012970280216964902, 0.0073142055823251576, 0.8016733611697652, 0.0018706549274225158]	[0.0, 0.0, 0.0, 0.0, 0.0]
6807339267475810945	[0.008652799531594873, 9.635766951051768e-05, 0.006816748774294611, 0.8034842285865118, 0.0018043049328683276]	[0.0, 0.0, 0.0, 0.0, 0.0]
7732969018151433257	[0.009568177033833473, 0.00010268490719715437, 0.007716029915199067, 0.8141711624067687, 0.0020462545780014388]	[0.0, 0.0, 0.0, 0.0, 0.0]
8362571115292085871	[0.008661226321526177, 9.700756793228538e-05, 0.006818203061725254, 0.800055576442127, 0.0018132331007564121]	[0.0, 0.0, 0.0, 0.0, 0.0]
811711201929012148	[0.008660636418095415, 9.635353363802457e-05, 0.006817200752427105, 0.8000653808434128, 0.001813344239775766]	[0.0, 0.0, 0.0, 0.0, 0.0]
873974867641040942	[0.008661023996885718, 9.635353363802457e-05, 0.006817890348386204, 0.8000653808434128, 0.001813344239775766]	[0.0, 0.0, 0.0, 0.0, 0.0]
5463240023630481193	[0.010471106146978064, 0.00012554779962478007, 0.008798529067871005, 0.8110259433962265, 0.0020382896149477537]	[0.0, 0.0, 0.0, 0.0, 0.0]
340331678738868651	[0.008661023996885718, 9.635353363802457e-05, 0.006817890348386204, 0.8000653808434128, 0.001813344239775766]	[0.0, 0.0, 0.0, 0.0, 0.0]
2385173011011253023	[0.008662858297112176, 9.700756793228538e-05, 0.006819553476682999, 0.800055576442127, 0.0018132331007564121]	[0.0, 0.0, 0.0, 0.0, 0.0]
6136514097930286821	[0.008664428101081265, 9.700756793228538e-05, 0.00682375162700593, 0.8000719165767709, 0.001813418332455335]	[0.0, 0.0, 0.0, 0.0, 0.0]
5088042049590341248	[0.011464596636426124, 0.00017897468095627695, 0.009913219355610837, 0.8127258628509562, 0.002057887128693798]	[0.0, 0.0, 0.0, 0.0, 0.0]
5878083591238455248	[0.012100371536063867, 0.00016987015339179408, 0.010740002118919071, 0.8192226069473919, 0.0021737310332001886]	[0.0, 0.0, 0.0, 0.0, 0.0]
9338692585369248602	[0.008661202049355249, 9.700756793228538e-05, 0.0068183277918260786, 0.8000523080946776, 0.0018131960544166277]	[0.0, 0.0, 0.0, 0.0, 0.0]
3214025345551251611	[0.011502190637034298, 0.00018017961553983355, 0.009975520635226618, 0.8105005891851788, 0.0020639627284184696]	[0.0, 0.0, 0.0, 0.0, 0.0]
3401978167767482846	[0.00865862626283188, 9.635353363802459e-05, 0.006815937212078216, 0.8000621128164893, 0.0018133071934359813]	[0.0, 0.0, 0.0, 0.0, 0.0]
8669607297224139560	[0.006635846248202025, 0.000832552082787701, -0.01641273646644617, 0.5195755579948774, 0.034289577900125566]	[0.0, 0.0, 0.0, 0.0, 0.0]
4896991572788579269	[0.00865862626283188, 9.635353363802457e-05, 0.006815749372521351, 0.8000653808434128, 0.001813344239775766]	[0.0, 0.0, 0.0, 0.0, 0.0]
600224862451634614	[0.008661023996885718, 9.635353363802457e-05, 0.006817890348386204, 0.8000653808434128, 0.001813344239775766]	[0.0, 0.0, 0.0, 0.0, 0.0]
2175574082367824677	[0.009016246637008814, 9.579328571506994e-05, 0.0072711762329957024, 0.8045135566188197, 0.0018687285177537173]	[0.0, 0.0, 0.0, 0.0, 0.0]
2988008210671584488	[0.010970920411400097, 0.0001553965812104118, 0.00951909349731103, 0.8145847778941623, 0.0020455136512057474]	[0.0, 0.0, 0.0, 0.0, 0.0]
5690872758	[0.008643321297454333, 9.635353363802457e-05, 0.006806426930025685, 0.8039660615627466, 0.0018113437374273984]	[0.0, 0.0, 0.0, 0.0, 0.0]
733054061	[0.008660636418095415, 9.635353363802457e-05, 0.006817200752427105, 0.8000653808434128, 0.001813344239775766]	[0.0, 0.0, 0.0, 0.0, 0.0]
9612728508475910533	[0.008659333259219247, 9.635353363802459e-05, 0.0068170660972447575, 0.8000719165767709, 0.001813418332455335]	[0.0, 0.0, 0.0, 0.0, 0.0]
5724828020837972900	[0.008644700378653199, 9.635353363802459e-05, 0.006808643242362882, 0.8040676071158462, 0.0018117512471650288]	[0.0, 0.0, 0.0, 0.0, 0.0]
930758024	[0.008659858169160246, 9.635353363802459e-05, 0.006818058061352877, 0.8000719165767709, 0.001813418332455335]	[0.0, 0.0, 0.0, 0.0, 0.0]
3436943350247801880	[0.008663707001456493, 9.700756793228538e-05, 0.006821593038002529, 0.8000621128164893, 0.0018133071934359813]	[0.0, 0.0, 0.0, 0.0, 0.0]
4709586137969737782	[0.00865862626283188, 9.635353363802457e-05, 0.006815749372521351, 0.8000653808434128, 0.001813344239775766]	[0.0, 0.0, 0.0, 0.0, 0.0]
1681027657275871324	[0.00905543121106274, 9.383354149573187e-05, 0.007342826190829997, 0.80585562686662, 0.001879249678252539]	[0.0, 0.0, 0.0, 0.0, 0.0]
6907359682303923238	[0.008662571593872242, 9.700756793228538e-05, 0.006820344183377822, 0.800058844682729, 0.0018132701470961968]	[0.0, 0.0, 0.0, 0.0, 0.0]
4984476018243336503	[0.009266501342539379, 9.800621279138099e-05, 0.007336260685517288, 0.8083811378748916, 0.0019681238473957534]	[0.0, 0.0, 0.0, 0.0, 0.0]
2498323155408435998	[0.007500027783677347, 0.000588880016800651, -0.016250247837298292, 0.5035739814152966, 0.03210298473456368]	[0.0, 0.0, 0.0, 0.0, 0.0]
253551668057041976	[0.008661900773286338, 9.635353363802459e-05, 0.006818681749042485, 0.8000653808434128, 0.001813344239775766]	[0.0, 0.0, 0.0, 0.0, 0.0]
459798403	[0.008661900773286338, 9.635353363802459e-05, 0.006818681749042485, 0.8000653808434128, 0.001813344239775766]	[0.0, 0.0, 0.0, 0.0, 0.0]
3158312972724618664	[0.00865862626283188, 9.635353363802457e-05, 0.006815749372521351, 0.8000653808434128, 0.001813344239775766]	[0.0, 0.0, 0.0, 0.0, 0.0]
4857150667191835610	[0.009787314324223749, 0.00011288026119454935, 0.008020107432056757, 0.8171376560332871, 0.0020953039318762265]	[0.0, 0.0, 0.0, 0.0, 0.0]
6955107523153985553	[0.008662433363086952, 9.700756793228538e-05, 0.006819309650170311, 0.800055576442127, 0.0018132331007564121]	[0.0, 0.0, 0.0, 0.0, 0.0]
3583973792814181202	[0.008662433363086952, 9.700756793228538e-05, 0.006819309650170311, 0.800055576442127, 0.0018132331007564121]	[0.0, 0.0, 0.0, 0.0, 0.0]
914072800723042990	[0.008660636418095415, 9.635353363802457e-05, 0.006817200752427105, 0.8000653808434128, 0.001813344239775766]	[0.0, 0.0, 0.0, 0.0, 0.0]
3934568492068795312	[0.009483780179346979, 9.821829439404938e-05, 0.007615132499718604, 0.8103852997024655, 0.0020079486626641803]	[0.0, 0.0, 0.0, 0.0, 0.0]
3259185306701867808	[0.008665093156210663, 9.700756793228538e-05, 0.006824441123046529, 0.8001111492505598, 0.001813418332455335]	[0.0, 0.0, 0.0, 0.0, 0.0]
7690998241915678799	[0.00865862626283188, 9.635353363802457e-05, 0.006815749372521351, 0.8000653808434128, 0.001813344239775766]	[0.0, 0.0, 0.0, 0.0, 0.0]
1227926499169237194	[0.008662858297112176, 9.700756793228538e-05, 0.006819553476682999, 0.800055576442127, 0.0018132331007564121]	[0.0, 0.0, 0.0, 0.0, 0.0]
8192571484372443884	[0.008660517359800775, 9.635353363802459e-05, 0.006817320798405093, 0.8000653808434128, 0.001813344239775766]	[0.0, 0.0, 0.0, 0.0, 0.0]
8408952312967662074	[0.008661226321526177, 9.700756793228538e-05, 0.006818203061725254, 0.800055576442127, 0.0018132331007564121]	[0.0, 0.0, 0.0, 0.0, 0.0]
5509745824675249035	[0.008662982498298666, 9.700756793228538e-05, 0.006821694678522374, 0.800068648763505, 0.0018133812861155505]	[0.0, 0.0, 0.0, 0.0, 0.0]
7751260072282696905	[0.006625132112673439, 0.0008672012247926722, -0.017400034609738005, 0.5213613323678494, 0.034772529701535784]	[0.0, 0.0, 0.0, 0.0, 0.0]
6346444207	[0.008647598419713576, 9.635353363802457e-05, 0.006812139990461188, 0.8040891460127539, 0.0018124551276209359]	[0.0, 0.0, 0.0, 0.0, 0.0]
5332394504637977286	[0.009486576732681355, 9.49684752576394e-05, 0.007616598297588655, 0.8103847936949466, 0.0020074670602469803]	[0.0, 0.0, 0.0, 0.0, 0.0]
2452380673329905180	[0.011889114608268574, 0.00017587909736005693, 0.01047048558343485, 0.8181174608903263, 0.0021834371742237495]	[0.0, 0.0, 0.0, 0.0, 0.0]
1469838558882075908	[0.008660636418095415, 9.635353363802457e-05, 0.006817200752427105, 0.8000653808434128, 0.001813344239775766]	[0.0, 0.0, 0.0, 0.0, 0.0]
7072230751	[0.008647598419713576, 9.635353363802457e-05, 0.006812139990461188, 0.8040891460127539, 0.0018124551276209359]	[0.0, 0.0, 0.0, 0.0, 0.0]
3890823921124263338	[0.011515582906946733, 0.00018507181988965183, 0.010042344572112163, 0.8138737973552799, 0.0020589244262077663]	[0.0, 0.0, 0.0, 0.0, 0.0]
7214220406397692302	[0.00865862626283188, 9.635353363802459e-05, 0.006815937212078216, 0.8000621128164893, 0.0018133071934359813]	[0.0, 0.0, 0.0, 0.0, 0.0]
6134905202863052505	[0.011546115133412051, 0.00019085483358188745, 0.010102395845003222, 0.8142454634374224, 0.002066259601485114]	[0.0, 0.0, 0.0, 0.0, 0.0]
305704159467468685	[0.008661023996885718, 9.635353363802457e-05, 0.006817890348386204, 0.8000653808434128, 0.001813344239775766]	[0.0, 0.0, 0.0, 0.0, 0.0]
7491101740622089986	[0.010507094974573238, 0.00012825837430815548, 0.008848896696919484, 0.8180151716120956, 0.0020333994980961884]	[0.0, 0.0, 0.0, 0.0, 0.0]
8229283001624212117	[0.007419046602569204, 0.0, 0.009436407198712447, 0.4835164835164835, 0.4888888888888889]	[0.0, 0.0, 0.0, 0.0, 0.0]
5719067917116862691	[0.008661498516484076, 9.700756793228538e-05, 0.0068188094820545225, 0.8000523080946776, 0.0018131960544166277]	[0.0, 0.0, 0.0, 0.0, 0.0]
8696960088889366603	[-0.0042285393264594896, 0.0, -0.005744526176342573, 0.990228013029316, 0.7238095238095238]	[0.0, 0.0, 0.0, 0.0, 0.0]
3280248786635602410	[0.01268356770209371, 0.00013854056055428112, 0.00855222428662181, 0.7801628052598623, 0.003920975253847523]	[0.0, 0.0, 0.0, 0.0, 0.0]
1333652305469402223	[0.008662433363086952, 9.700756793228538e-05, 0.006819309650170311, 0.800055576442127, 0.0018132331007564121]	[0.0, 0.0, 0.0, 0.0, 0.0]
6722194958684415419	[0.008919477189958476, 9.4829169154286e-05, 0.0071251280235078715, 0.8029205306543019, 0.001847538011396936]	[0.0, 0.0, 0.0, 0.0, 0.0]
5362236065673453439	[0.008660636418095415, 9.635353363802457e-05, 0.006817200752427105, 0.8000653808434128, 0.001813344239775766]	[0.0, 0.0, 0.0, 0.0, 0.0]
8294525869272618575	[0.008659333259219247, 9.635353363802459e-05, 0.0068170660972447575, 0.8000719165767709, 0.001813418332455335]	[0.0, 0.0, 0.0, 0.0, 0.0]
4844833659132042651	[0.008661023996885718, 9.635353363802457e-05, 0.006817890348386204, 0.8000653808434128, 0.001813344239775766]	[0.0, 0.0, 0.0, 0.0, 0.0]
2790756141067306105	[0.0011640004651673125, 0.00010254257917126297, -0.01582539908478766, 0.5458015267175572, 0.16436781609195403]	[0.0, 0.0, 0.0, 0.0, 0.0]
9306606286951520629	[0.01155109224222224, 0.0001902240049178565, 0.010111138568586092, 0.8150235015911015, 0.002068445335532404]	[0.0, 0.0, 0.0, 0.0, 0.0]
1002984234154611898	[0.010989424276965231, 0.00015300598771198293, 0.009443200260881546, 0.8181345128138415, 0.002096859878147179]	[0.0, 0.0, 0.0, 0.0, 0.0]
4597038935581439412	[0.00866081445614219, 9.700756793228538e-05, 0.006817681419709331, 0.8000523080946776, 0.0018131960544166277]	[0.0, 0.0, 0.0, 0.0, 0.0]
6722999109224040041	[0.008658641503158343, 9.635353363802459e-05, 0.0068162312715827076, 0.8000621128164893, 0.0018133071934359813]	[0.0, 0.0, 0.0, 0.0, 0.0]
