855091879003738113	[0.0784167130467425, 0.003887896984275628, 0.07084387799914728, 0.7584494189941553, 0.0015613875809026667]	[0.0, 0.0, 0.0, 0.0, 0.0]
1524084713178431488	[0.08906586133129857, 0.003726205970718502, 0.08257350654582737, 0.7641908277356911, 0.0015555596327710272]	[0.0, 0.0, 0.0, 0.0, 0.0]
1257959303945900032	[0.05349977030432035, -0.00270115832618751, 0.032274740703463985, 0.5752146718965334, 0.003873854835393297]	[0.0, 0.0, 0.0, 0.0, 0.0]
1530832682095190018	[0.08774835916744551, 0.003744203185612774, 0.0810862074109988, 0.7634457219136201, 0.001564007787267065]	[0.0, 0.0, 0.0, 0.0, 0.0]
3295465306	[0.06480867157574942, 0.004013934167016666, 0.05667361980952397, 0.745978635338439, 0.0015257321948147816]	[0.0, 0.0, 0.0, 0.0, 0.0]
1552006530374852608	[0.08808349187364684, 0.0037815261017790096, 0.08152412545488051, 0.7604991600671946, 0.0015683523864070427]	[0.0, 0.0, 0.0, 0.0, 0.0]
975175578365190144	[0.07840050689037494, 0.003886202173035752, 0.0708599998066344, 0.758984518982676, 0.001565490890160187]	[0.0, 0.0, 0.0, 0.0, 0.0]
1512708407329198084	[0.11326366203642373, 0.0036491804277298465, 0.1074951865759306, 0.7809256503475427, 0.0017369200996643639]	[0.0, 0.0, 0.0, 0.0, 0.0]
1470797296921034752	[0.12825442213509483, 0.0009324217705067552, 0.1220703806161713, 0.7936897225996752, 0.0019519779834359001]	[0.0, 0.0, 0.0, 0.0, 0.0]
878199957500686336	[0.07846804408299392, 0.003890441974664637, 0.07089025191012206, 0.7584493041749503, 0.0015623849664365098]	[0.0, 0.0, 0.0, 0.0, 0.0]
1264179482648248320	[0.12109258823427718, -0.0021597984675230044, 0.10455462908745901, 0.7197650583412173, 0.0036147445308651947]	[0.0, 0.0, 0.0, 0.0, 0.0]
1010300612129509376	[0.013395265118166943, 0.00028541733098114033, -0.0032185983049217858, 0.21717171717171718, 0.002123426829956544]	[0.0, 0.0, 0.0, 0.0, 0.0]
1217558606842859522	[0.024430898747078898, -0.0045319964052895605, 0.00752183717789101, 0.33186206896551723, 0.0053431045969353766]	[0.0, 0.0, 0.0, 0.0, 0.0]
1184331211721736192	[0.01134910635150039, 0.00026634294636937477, -0.0031930374710631413, 0.22079373951928452, 0.0024261110974621034]	[0.0, 0.0, 0.0, 0.0, 0.0]
1558953336916922368	[0.08825147497401051, 0.0037887580896489655, 0.08167947112509684, 0.760387085499585, 0.0015720993797684283]	[0.0, 0.0, 0.0, 0.0, 0.0]
1347248904895672323	[0.1194193278607782, 0.0010974198397806264, 0.11015609020756616, 0.780534166068623, 0.002293836839696818]	[0.0, 0.0, 0.0, 0.0, 0.0]
1405935500242915328	[0.12114640576533181, -0.0004201835745611741, 0.11272186376164599, 0.781628470281349, 0.0021782100897391405]	[0.0, 0.0, 0.0, 0.0, 0.0]
1390960631759523840	[0.12197748509883592, -0.00046165769565855846, 0.11267739443928775, 0.7728722576629843, 0.002164739874946478]	[0.0, 0.0, 0.0, 0.0, 0.0]
1267281706245128192	[0.1456198782775041, -0.0015574456137308693, 0.13147308687158038, 0.7588631984585742, 0.0026280963417346]	[0.0, 0.0, 0.0, 0.0, 0.0]
1582074009470267392	[0.07747355613258648, 0.003840167040682324, 0.06996886903449116, 0.7607173005407132, 0.0015470375411906923]	[0.0, 0.0, 0.0, 0.0, 0.0]
1296175329556406273	[0.1401306644437879, -0.001432421625829266, 0.12716439283747674, 0.7588798753380082, 0.002349273956869441]	[0.0, 0.0, 0.0, 0.0, 0.0]
1470403383471263745	[0.12843509289060007, 0.0009320454905347992, 0.12227511010920313, 0.7937946228899896, 0.0019513392933495895]	[0.0, 0.0, 0.0, 0.0, 0.0]
1253322173403394049	[0.022486219980002418, -0.001690278680625588, 0.0008694137171479805, 0.5462626768498811, 0.0045661670361044305]	[0.0, 0.0, 0.0, 0.0, 0.0]
3141533716	[0.07834927589044657, 0.003883662724872148, 0.07081369616920902, 0.7590805444871824, 0.0015639673909690695]	[0.0, 0.0, 0.0, 0.0, 0.0]
1599013198501388288	[0.07790806255282544, 0.0038617924127979275, 0.07036137015912158, 0.7595842797164292, 0.0015534857427283466]	[0.0, 0.0, 0.0, 0.0, 0.0]
952266549062139904	[0.0784167130467425, 0.003887896984275628, 0.07084387799914728, 0.7584494189941553, 0.0015613875809026667]	[0.0, 0.0, 0.0, 0.0, 0.0]
1303185624317321216	[0.1371620268405296, -0.0014162041087920061, 0.12485051673223631, 0.7646395649578884, 0.0023985843983422516]	[0.0, 0.0, 0.0, 0.0, 0.0]
1314857412956839937	[0.13743626033913417, -0.0006464918497283024, 0.12500222765720848, 0.7667582719577882, 0.002405729825421106]	[0.0, 0.0, 0.0, 0.0, 0.0]
1343933675725996033	[0.12510027217965064, 0.0010989939416412397, 0.11596172054423033, 0.7817491666506098, 0.002319287160471554]	[0.0, 0.0, 0.0, 0.0, 0.0]
1545674949968420864	[0.08825405410151968, 0.003773522871933974, 0.08180835739199889, 0.7607606517382591, 0.0015646770515525808]	[0.0, 0.0, 0.0, 0.0, 0.0]
1449841497298382850	[0.1239258074998489, -0.00033790306297406213, 0.1161878530809242, 0.7920110874622581, 0.0019508212444161231]	[0.0, 0.0, 0.0, 0.0, 0.0]
1586612104127451136	[0.06520072227235815, 0.004033000581291118, 0.05708783190972905, 0.745164903546982, 0.0015320237328832669]	[0.0, 0.0, 0.0, 0.0, 0.0]
1419740808757055491	[0.11241915714390689, -0.00044914658259833897, 0.10347403561571901, 0.7878698889253571, 0.002211321652683302]	[0.0, 0.0, 0.0, 0.0, 0.0]
1567948218499239936	[0.07730705434563684, 0.0038319139415190265, 0.06981836768254047, 0.7611338797814208, 0.001544367403938213]	[0.0, 0.0, 0.0, 0.0, 0.0]
952266549062139905	[0.07840050689037494, 0.003886202173035752, 0.0708599998066344, 0.758984518982676, 0.001565490890160187]	[0.0, 0.0, 0.0, 0.0, 0.0]
800152580915499010	[0.0784167130467425, 0.003887896984275628, 0.07084387799914728, 0.7584494189941553, 0.0015613875809026667]	[0.0, 0.0, 0.0, 0.0, 0.0]
1394901053825556480	[0.11861234111283234, -0.00045951294445921556, 0.11028081552243808, 0.7735009369144284, 0.0021387338143163694]	[0.0, 0.0, 0.0, 0.0, 0.0]
938634317294653440	[0.07845092627233008, 0.003889593274408384, 0.07087478719548199, 0.7583473900686277, 0.001562179296047804]	[0.0, 0.0, 0.0, 0.0, 0.0]
1551000216085618690	[0.08799022095875933, 0.0037775202478576328, 0.08143779954454528, 0.7605173053017251, 0.0015656146626870818]	[0.0, 0.0, 0.0, 0.0, 0.0]
1524540516561559552	[0.08908427207771524, 0.003726984859926428, 0.08259054618665743, 0.7640731675898493, 0.0015553360319470364]	[0.0, 0.0, 0.0, 0.0, 0.0]
1295170777776619520	[0.14135640944880476, -0.001427858562513643, 0.1283216890040767, 0.7597498578737919, 0.0023550522108237663]	[0.0, 0.0, 0.0, 0.0, 0.0]
1334963880641114113	[0.12436604736959433, -5.274180812281239e-05, 0.11501134942268794, 0.7804982234044618, 0.0022957114889514815]	[0.0, 0.0, 0.0, 0.0, 0.0]
1560479529881063424	[0.08827023192819146, 0.003789563351729656, 0.08160669867664862, 0.7602980704093005, 0.0015719996819131478]	[0.0, 0.0, 0.0, 0.0, 0.0]
1286433502037245955	[0.13548138422084213, -0.0014285792217080904, 0.12188772926909576, 0.7558453845114205, 0.002360257359845871]	[0.0, 0.0, 0.0, 0.0, 0.0]
1509439556860456960	[0.1140441643311727, 0.003646195413065037, 0.108394156628885, 0.7811900552901794, 0.0017375093120443582]	[0.0, 0.0, 0.0, 0.0, 0.0]
1221958979573764096	[0.026016555192782124, -0.0046195242328368824, -0.018107328020807886, 0.3413397384574326, 0.0059024412755549404]	[0.0, 0.0, 0.0, 0.0, 0.0]
1559849276699729923	[0.07725724309928012, 0.0038294449248041304, 0.06977338162088936, 0.7612599285372903, 0.001543300445517328]	[0.0, 0.0, 0.0, 0.0, 0.0]
974798197531930624	[0.07839961765934907, 0.0038870493939149836, 0.07082843354633701, 0.7587177121771218, 0.0015638918116587094]	[0.0, 0.0, 0.0, 0.0, 0.0]
1471505856378273792	[0.12807446495153002, 0.000930730898869729, 0.1219090283490473, 0.7942969485701069, 0.0019522946222847134]	[0.0, 0.0, 0.0, 0.0, 0.0]
1357459209537937408	[0.10757620739890772, -0.00020786773432740849, 0.09693469375984767, 0.7750218304295396, 0.0021775340083063717]	[0.0, 0.0, 0.0, 0.0, 0.0]
1705999885	[0.06482312779196461, 0.004014838002676882, 0.056686238477388955, 0.7456823821339951, 0.0015240358575193073]	[0.0, 0.0, 0.0, 0.0, 0.0]
175625853	[0.07800943933783934, 0.0038668175167833507, 0.0705065448463621, 0.759454432734036, 0.001555979264900354]	[0.0, 0.0, 0.0, 0.0, 0.0]
1557748313948147712	[0.0774735209133728, 0.003840167040682324, 0.06996870301183487, 0.7605640240418676, 0.0015441144879232895]	[0.0, 0.0, 0.0, 0.0, 0.0]
1581248279123197953	[0.07826312209733277, 0.003880281952097504, 0.07070511958848831, 0.758623077988641, 0.0015566029021153106]	[0.0, 0.0, 0.0, 0.0, 0.0]
390960016	[0.0784167130467425, 0.003887896984275628, 0.07084387799914728, 0.7584494189941553, 0.0015613875809026667]	[0.0, 0.0, 0.0, 0.0, 0.0]
1536055318542794752	[0.08784058994226941, 0.0037481386524885496, 0.08117143571393237, 0.763403338718363, 0.001566502058937358]	[0.0, 0.0, 0.0, 0.0, 0.0]
1573532345772146688	[0.07747355613259795, 0.003840167040682324, 0.06996886903450089, 0.7607886989662018, 0.0015467591551652253]	[0.0, 0.0, 0.0, 0.0, 0.0]
1461358161453928448	[0.1275071328067558, -0.0001351196222567006, 0.1209769646510327, 0.7939509446470003, 0.0019795070384125268]	[0.0, 0.0, 0.0, 0.0, 0.0]
1534104823527661696	[0.08784058994226941, 0.0037481386524885496, 0.08117143571393237, 0.7633931456390152, 0.0015664136583810003]	[0.0, 0.0, 0.0, 0.0, 0.0]
1432363068969734144	[0.11241315996783942, -0.00024701167462017813, 0.10278129806943354, 0.7689970200752823, 0.0020572924342723256]	[0.0, 0.0, 0.0, 0.0, 0.0]
1212271430257147904	[0.016715672865333077, 7.028304963009839e-06, -0.006935616140631937, 0.23836450630709005, 0.0030267881800607565]	[0.0, 0.0, 0.0, 0.0, 0.0]
941038685818060800	[0.07829811180083592, 0.0038811265933583, 0.07076745300671279, 0.7588420737740755, 0.0015628730703657332]	[0.0, 0.0, 0.0, 0.0, 0.0]
285050738	[0.07800943933784286, 0.0038668175167833507, 0.07045292691493918, 0.7594765239352542, 0.0015561674407751718]	[0.0, 0.0, 0.0, 0.0, 0.0]
1563911121681137669	[0.07730705434563684, 0.0038319139415190265, 0.06981836768254049, 0.7609953967458183, 0.0015427504587966342]	[0.0, 0.0, 0.0, 0.0, 0.0]
1406907752065110016	[0.12127480419323314, -0.00042215759572127915, 0.11284990218987953, 0.7802412963619072, 0.0021735927750403685]	[0.0, 0.0, 0.0, 0.0, 0.0]
1567761967015772161	[0.0883264376314782, 0.003791981193085502, 0.08175628663843498, 0.7601390498261877, 0.0015729207185164094]	[0.0, 0.0, 0.0, 0.0, 0.0]
1585801883985317889	[0.07765750379896935, 0.003849286608352338, 0.07013499180295135, 0.7600796758019095, 0.0015476351642400895]	[0.0, 0.0, 0.0, 0.0, 0.0]
938384349342429184	[0.07840050689037494, 0.003886202173035752, 0.0708599998066344, 0.758984518982676, 0.001565490890160187]	[0.0, 0.0, 0.0, 0.0, 0.0]
1425454693275168775	[0.1123372012124614, -0.00033308434081657953, 0.10418160313969924, 0.7921487402708781, 0.002100601267827048]	[0.0, 0.0, 0.0, 0.0, 0.0]
1513648688417193984	[0.11323636240129276, 0.0036417270363333395, 0.10753544421340143, 0.7810500564546481, 0.0017318342045704901]	[0.0, 0.0, 0.0, 0.0, 0.0]
1576130850844184576	[0.07749024582586218, 0.003840994306309356, 0.0699839420351546, 0.7607777803135769, 0.0015473328827106357]	[0.0, 0.0, 0.0, 0.0, 0.0]
1541974408058773504	[0.08819443898525095, 0.00376316917895484, 0.08158804539538451, 0.7628665760341814, 0.001575126896361088]	[0.0, 0.0, 0.0, 0.0, 0.0]
1573696002644664322	[0.07744019830432702, 0.003838513578016799, 0.06993874250315231, 0.7607391353940914, 0.0015458908980324857]	[0.0, 0.0, 0.0, 0.0, 0.0]
1577959393940881408	[0.07747355613258648, 0.003840167040682324, 0.06996886903449116, 0.7607173005407132, 0.0015470375411906923]	[0.0, 0.0, 0.0, 0.0, 0.0]
1526108537293680640	[0.08743349552794172, 0.003730103675708793, 0.08084790471817972, 0.7638563538286304, 0.0015559267751783649]	[0.0, 0.0, 0.0, 0.0, 0.0]
1219459547124858888	[0.02448243980617102, -0.004541557579118116, 0.006983258793057995, 0.3387140902872777, 0.005521806228311969]	[0.0, 0.0, 0.0, 0.0, 0.0]
4405807395	[0.0784167130467425, 0.003887896984275628, 0.07084387799914728, 0.7583641404805915, 0.001560959555919324]	[0.0, 0.0, 0.0, 0.0, 0.0]
1424640593938944005	[0.11766222896425065, -0.0003392193365176582, 0.10905963365947541, 0.7873147782489999, 0.002203747707172902]	[0.0, 0.0, 0.0, 0.0, 0.0]
1348724621034483712	[0.12160138943424022, 0.0010881600126017158, 0.1126874001270532, 0.7819462996302534, 0.002312370693751281]	[0.0, 0.0, 0.0, 0.0, 0.0]
1597126178804039682	[0.07792494037946521, 0.003862629022939348, 0.0703766130870307, 0.7595511805603359, 0.0015538773233991336]	[0.0, 0.0, 0.0, 0.0, 0.0]
3022955977	[0.07843381592854114, 0.0038887449443594396, 0.070859329226628, 0.7584947529009293, 0.0015612599701964635]	[0.0, 0.0, 0.0, 0.0, 0.0]
1304838924188123136	[0.13722548122662764, -0.0014188190992329309, 0.12473818322457259, 0.7663939862922838, 0.0024126019895753656]	[0.0, 0.0, 0.0, 0.0, 0.0]
1535843539778564096	[0.08804577579275391, 0.00375682586807586, 0.08136116419051845, 0.7630551541166066, 0.0015708863811664151]	[0.0, 0.0, 0.0, 0.0, 0.0]
1307008631771148288	[0.1403299701031906, -0.0006504203423360122, 0.12808761267928448, 0.7689214135021097, 0.002442949665001215]	[0.0, 0.0, 0.0, 0.0, 0.0]
786189623944843264	[0.07839961765934907, 0.0038870493939149836, 0.07082843354633701, 0.7587177121771218, 0.0015638918116587094]	[0.0, 0.0, 0.0, 0.0, 0.0]
1381436262633111552	[0.12312697103595649, -0.000477130111087735, 0.11379722609567984, 0.774918918918919, 0.0022038530533572366]	[0.0, 0.0, 0.0, 0.0, 0.0]
1103457912335331328	[0.012377487624597363, 0.0002637312102448282, -0.0034980308455608866, 0.2288659793814433, 0.002005347593582888]	[0.0, 0.0, 0.0, 0.0, 0.0]
1541974408058773512	[0.0881421179134854, 0.003768737173935326, 0.08170458541000272, 0.760974123484733, 0.0015625425927589293]	[0.0, 0.0, 0.0, 0.0, 0.0]
1241224210107658240	[0.014092976129280269, -0.0045029320972376245, -0.03588411170897785, 0.3291731669266771, 0.005575815231753079]	[0.0, 0.0, 0.0, 0.0, 0.0]
1265631236028084224	[0.13799302386560688, -0.0014747640225262078, 0.12247538260905186, 0.7466530183444225, 0.0025993366149356357]	[0.0, 0.0, 0.0, 0.0, 0.0]
1573022912000319488	[0.07737356934184735, 0.0038352109206040074, 0.06987843941210171, 0.7609463679256034, 0.001544990150196089]	[0.0, 0.0, 0.0, 0.0, 0.0]
1476984898477260800	[0.12515024006773354, 0.0009318574465690182, 0.11906563409085011, 0.7921936692765843, 0.0019274314390277777]	[0.0, 0.0, 0.0, 0.0, 0.0]
1603172736351670272	[0.07800943933783934, 0.0038668175167833507, 0.0705065448463621, 0.759454432734036, 0.001555979264900354]	[0.0, 0.0, 0.0, 0.0, 0.0]
1562198318276431876	[0.07752361155170832, 0.0038426499073034547, 0.07001406940395782, 0.7603878433076449, 0.0015447647754049253]	[0.0, 0.0, 0.0, 0.0, 0.0]
1604350270472916993	[0.07824701449054605, 0.003878593772000877, 0.070721270200748, 0.7590070399852759, 0.0015614962874527661]	[0.0, 0.0, 0.0, 0.0, 0.0]
1176972315537694720	[0.012782772783662234, 0.0002809460412007572, -0.006362473391046318, 0.1903300076745971, 0.001695077440433065]	[0.0, 0.0, 0.0, 0.0, 0.0]
1308151079222345728	[0.1401030830695819, -0.0006505922293186591, 0.12772553363356803, 0.7688570360762416, 0.0024431234872376085]	[0.0, 0.0, 0.0, 0.0, 0.0]
1360507235936456704	[0.12787455937024844, -0.00020716683156233538, 0.11848595972689423, 0.7700483485995226, 0.0021901424500631044]	[0.0, 0.0, 0.0, 0.0, 0.0]
1559593258086305792	[0.08825147497401051, 0.0037887580896489655, 0.08167947112509684, 0.760387085499585, 0.0015720993797684283]	[0.0, 0.0, 0.0, 0.0, 0.0]
1518068230341881856	[0.08891700334537632, 0.0037199865574562966, 0.08243556314153494, 0.7647260494118151, 0.0015538537523593638]	[0.0, 0.0, 0.0, 0.0, 0.0]
