855091879003738113	[0.0017749606915014693, 0.0017418059370718456, 0.038930031110145195, 0.8343291536873271, 0.06795128163665319]	[1.04186270584137e-05, 1.0224013766778904e-05, 0.0002181564263577581, 0.0003267457558320093, 0.00017062793356322273]
1524084713178431488	[0.0020853127918184014, 0.0020015226990190353, 0.0715999533387983, 0.7984200354599583, 0.6407825170835997]	[0.003062168999704772, 0.0029955753151976712, 0.02339820723102906, 0.015273231147046675, 0.5309939828201482]
1257959303945900032	[0.002083586633634908, 0.001980236764990541, 0.06230451173426153, 0.8043237618167692, 0.27182486487032603]	[0.0017702198678233403, 0.0016856892411530459, 0.012815498549353077, 0.013868918014399345, 0.18343258264690523]
1530832682095190018	[0.006615405960294761, 0.006400098683335669, 0.10567050822945546, 0.7679062125875683, 1.2515282558385477]	[0.0045086625147338225, 0.004531291459554553, 0.02372980349485056, 0.02793828943542753, 1.0264202866419707]
3295465306	[0.0030445751087868275, 0.002997122023801013, 0.07257904273822086, 0.8003881284635033, 0.27325103517750526]	[0.0023309632548096306, 0.0022886992005447383, 0.0173056305760102, 0.007938588146599264, 0.0912470129963386]
1552006530374852608	[0.004769547681899217, 0.004657089658027371, 0.09487281195780596, 0.7869304557938193, 0.7654974650903315]	[0.0030320773210306437, 0.0029800921509455206, 0.025948333304346403, 0.02515149168905832, 0.6553573450678506]
975175578365190144	[0.004918663200252099, 0.004811464917035721, 0.07674918835519758, 0.7968300731935416, 0.690063606838569]	[0.005623132500343745, 0.00552419137126086, 0.02092944957615371, 0.014639770537068282, 0.537702227981009]
1512708407329198084	[0.0028502521803583027, 0.0028008842735136956, 0.07447281962286953, 0.8200789630274485, 0.14962362503017063]	[0.0003903570795550297, 0.0003723265498067133, 0.007405362771880841, 0.004471328333078173, 0.08111195655910121]
1470797296921034752	[0.0036628470741416896, 0.003540888071705903, 0.0570734083444819, 0.8153215628276941, 0.1489995108294682]	[0.0003211686103356057, 0.00037513119048489236, 0.01318390734328452, 0.005212743059120288, 0.08369422185721632]
878199957500686336	[0.0027416061853809404, 0.0026907227380578123, 0.04231207738771755, 0.8246117913436702, 0.05996756569410217]	[0.00021354173340296695, 0.00020178059039670907, 0.0005537407851669737, 0.004141474300709115, 0.0026829349275055855]
1264179482648248320	[0.0006108260152640198, 0.0005931283504462134, 0.061948278975000534, 0.7988776098235298, 0.6104026369362566]	[0.002098425073584326, 0.0020680726949908663, 0.013497577098610741, 0.015147711520164676, 0.5509316866386109]
1010300612129509376	[0.0, 0.0, 0.0, 0.9534883720930233, 3.416666666666668]	[0.0, 0.0, 0.0, 0.0, 1.3322676295501878e-15]
1184331211721736192	[0.00442766831551893, 0.004341069529968366, 0.09787757180572965, 0.7772717010218239, 2.1000436586264177]	[0.004926816250948242, 0.004825080022858562, 0.025824678207894934, 0.016880257283237013, 1.6946552954736036]
1558953336916922368	[0.002054925343963015, 0.0020155952529900233, 0.07686375604653159, 0.790885623886199, 0.6345616084222365]	[0.0027244082699378835, 0.0026765938236685614, 0.015283811128431992, 0.015320502515934932, 0.5639888463284797]
1405935500242915328	[0.007374343871070638, 0.007226058289201015, 0.11012400038435968, 0.7737815065543708, 0.7578474888936302]	[0.0024747890632687455, 0.002418212616286841, 0.02450617815427142, 0.026820995868003593, 0.39359827328754443]
1390960631759523840	[0.004326577680709751, 0.004206910564927532, 0.09227288615913454, 0.7798389937620857, 0.7419768613144423]	[0.003626875657643995, 0.0035823550049896955, 0.027044467085192262, 0.024860049257131988, 0.42617375464967655]
1267281706245128192	[0.002815277599650834, 0.0027602319030076874, 0.04681702810728371, 0.819400815617195, 0.11584133118370517]	[0.00018246594290333376, 0.00017236002633841196, 0.005218683531705769, 0.006782825711256325, 0.06454933603640042]
1582074009470267392	[0.005429890358736906, 0.0052386107268759955, 0.08448312932432193, 0.8051946453673202, 0.4667401272680881]	[0.002825854151739523, 0.0028376904042235833, 0.0192384166115582, 0.013019836152138546, 0.35365664119657675]
1296175329556406273	[0.0076330665887634685, 0.007475772079775657, 0.09827788575912842, 0.7691711400482028, 0.7998178863342922]	[0.002140691283031639, 0.002091957416449119, 0.013836989807877169, 0.024755755917276235, 0.3101647110298362]
1470403383471263745	[0.004445220747038599, 0.004372312602422261, 0.07636351458294247, 0.8048059117053112, 0.27355621757346177]	[0.000875238094205273, 0.0008592863979162012, 0.013289721923585605, 0.008436045458657837, 0.08290364995630484]
1253322173403394049	[0.001774960691501469, 0.0017418059370718456, 0.03893003111014519, 0.8343291536873271, 0.06795128163665319]	[1.0418627058413702e-05, 1.0224013766778908e-05, 0.00021815642635775808, 0.0003267457558320092, 0.00017062793356322276]
3141533716	[0.004781496115035827, 0.004685760897964117, 0.08780562186862992, 0.7888802104827304, 0.8947970571328119]	[0.003930732243897853, 0.0038538926560509573, 0.02568360403293556, 0.019668524538175657, 1.0695535015211064]
1599013198501388288	[0.0018674506053039561, 0.0018273042511187845, 0.06551490850550445, 0.7924494512046062, 2.208600966401025]	[0.0029942132758055584, 0.0029443270222900414, 0.01978374156471468, 0.011155964967322744, 3.006485155014786]
952266549062139904	[0.003967991931297169, 0.0038368638596806524, 0.0643709641428539, 0.8081697326590617, 0.30309235554244746]	[0.0005612124242378651, 0.000630094572148807, 0.011094225979314974, 0.006296583789796784, 0.1004432776855362]
1303185624317321216	[0.003043204537955511, 0.0028446262410819914, 0.04498562141800287, 0.8270711619055098, 0.06140145511148198]	[0.00030884193673526, 6.478809630400086e-05, 0.0051844548818935745, 0.00011828046703627376, 0.005166504250842737]
1314857412956839937	[0.0021090683828859673, 0.0020695331780364082, 0.07089233305086497, 0.7980031645101392, 0.457220512339428]	[0.002322926611885699, 0.00228496111170944, 0.01560058568847288, 0.011309608069719224, 0.28297050139123153]
1343933675725996033	[0.0023717410535906715, 0.0023412285035094697, 0.04327118456184984, 0.8174385474366009, 0.06461454530194305]	[8.673617379884035e-19, 1.3010426069826053e-18, 1.3877787807814457e-17, 1.1102230246251565e-16, 4.163336342344337e-17]
1545674949968420864	[0.002959719390273275, 0.0029033439658230522, 0.049674248467936395, 0.8183766098765155, 0.13044474478262627]	[0.00041854045076572055, 0.00041153604824769956, 0.008998682287084078, 0.006899193130019424, 0.07168408125996807]
1449841497298382850	[0.0021866807510942865, 0.002069512564474495, 0.04825565693412146, 0.8099232390974966, 0.15543558808735009]	[0.0015265858353215134, 0.0014611438081728878, 0.010080521992047184, 0.01536470462080759, 0.14352052582243874]
1419740808757055491	[0.003280464810241039, 0.0032499161453062248, 0.0413075807009483, 0.8168225980568554, 0.06365714125466224]	[1.3010426069826053e-18, 8.673617379884035e-19, 6.938893903907228e-18, 4.440892098500626e-16, 1.3877787807814457e-17]
1567948218499239936	[-0.00045128785378326715, -0.0004555117594549663, 0.06735871982624582, 0.7880589596919583, 0.7170475564306384]	[0.0010127801238124486, 0.0009988647819112787, 0.009121686380117709, 0.013930965439356244, 0.4010355137955082]
952266549062139905	[0.004532403149766129, 0.004414340904968496, 0.06276413027055548, 0.7964495863487095, 1.5255649680331511]	[0.0032051949723353595, 0.0031507799805155215, 0.02736556611860896, 0.026540025714657745, 2.1201068573123725]
800152580915499010	[0.0017157156278715903, 0.0016800983836071889, 0.06113352940742687, 0.8047902126367535, 0.31671202604123644]	[0.0020708198613029107, 0.0020332732126439783, 0.011842123399832346, 0.009062826857934334, 0.14722811588247223]
1394901053825556480	[0.004489356963820631, 0.004404698513416075, 0.0788341571112519, 0.7887665789245789, 0.45332953576415486]	[0.0030453722041151876, 0.002978825058540389, 0.019547094993105148, 0.02093281811033614, 0.28833361853828915]
938634317294653440	[0.0048179253212858545, 0.004728881632993677, 0.08886198311388588, 0.8008344051470994, 0.4172691586070175]	[0.0018753669195771371, 0.001838821521473042, 0.015826983290186752, 0.012702614715046849, 0.22918778964182043]
1551000216085618690	[0.0027399457995112768, 0.002692138929432836, 0.05283434483723716, 0.8133658178935127, 0.14984114694464104]	[0.0011209672349219387, 0.0010948919007607086, 0.015173723134048836, 0.012461762811852703, 0.13923595530213198]
1524540516561559552	[0.002613820496828071, 0.0025618190161175404, 0.07370436101849939, 0.7922513594462476, 0.5795340374371909]	[0.004322945689185206, 0.004243734438580079, 0.02278286908410417, 0.0201371941799609, 0.40600382471794894]
1295170777776619520	[0.000982439657297104, 0.0008159656552620617, 0.10830220315481938, 0.7606716752254602, 2.321111549388079]	[0.016183603961451805, 0.01604781370376691, 0.02891104781125279, 0.022751669648440047, 1.7342275884538236]
1334963880641114113	[0.004388178204866143, 0.004314024805372423, 0.08049952359559591, 0.8055244531880948, 0.2748313466686279]	[0.0009756697840348252, 0.0009605646018294623, 0.011879730396416164, 0.009366079917113286, 0.08281741953196073]
1560479529881063424	[0.004734008919016745, 0.004643806879913619, 0.08416843951319707, 0.8021048422672504, 0.4109226666829148]	[0.0019296375795095002, 0.0018899107870836418, 0.0156000307507511, 0.011223859153542824, 0.17566857096946198]
1286433502037245955	[0.00606047881909112, 0.005937200474152424, 0.08920866442954149, 0.7971511909562322, 0.6479319786391061]	[0.0035718232426834914, 0.00349385619113391, 0.03468726452846359, 0.018363068899775695, 0.5058855288574122]
1509439556860456960	[0.002775939294747213, 0.0026006173025659714, 0.04113614421386908, 0.8221746405095348, 0.06288361688523947]	[0.0008408824983077101, 0.0007996536814416408, 0.00031128012846050893, 0.005512284165756939, 0.0010715836636941076]
1221958979573764096	[0.005885029761777386, 0.005760426502201132, 0.10077646433568817, 0.7750032644412789, 1.0896853149668848]	[0.004782353041613008, 0.004686807384966655, 0.03181705856384257, 0.022073182570759835, 0.7283942786244803]
1559849276699729923	[0.0025933133744291538, 0.002541752522013474, 0.04120789612406894, 0.8288627399188647, 0.06081652659028581]	[0.0004703924163686677, 0.0004598045734000157, 0.0013587572642380441, 0.0032213846118902072, 0.004153378333334847]
974798197531930624	[0.0028892003573275267, 0.0028300658029240568, 0.04740800203152268, 0.8197278603139606, 0.12437912883066556]	[2.4305794683162664e-05, 2.284498668346187e-05, 0.005415627035182557, 0.00727501233206623, 0.06596055633917697]
1471505856378273792	[0.0029910363952094306, 0.002930542119561738, 0.06968517710589059, 0.7965567802041817, 0.4333017574473184]	[0.0030711505669738736, 0.00300962827305792, 0.020036705159042954, 0.019708141861654704, 0.3394073051481516]
1357459209537937408	[0.00274709086519295, 0.0022813616562859175, 0.040780989397175844, 0.8265936989567841, 0.06263447386474376]	[0.0008238968808436279, 0.0005716515849615057, 0.0003182094811731496, 0.001615975700052606, 0.0009082551388832134]
1705999885	[0.0013200596073742671, 0.0012912320669053114, 0.04133214438601785, 0.8293926509730719, 0.06106132981796251]	[2.168404344971009e-19, 4.336808689942018e-19, 0.0, 1.1102230246251565e-16, 1.3877787807814457e-17]
175625853	[0.008225614756266668, 0.008062557618055528, 0.09195627559098454, 0.7898860351254133, 0.8280940908305036]	[0.004570755037636006, 0.004489234399302755, 0.021591379113240525, 0.01930627834513468, 0.5897709587853182]
1581248279123197953	[0.0004383427013587173, 0.0004383427092621434, 0.039300058704089605, 0.814755623887361, 0.07150466045272967]	[2.710505431213761e-19, 5.421010862427522e-20, 6.938893903907228e-18, 5.551115123125783e-16, 2.7755575615628914e-17]
1536055318542794752	[0.005937897828288942, 0.005826518895840471, 0.08915519825070818, 0.7788027473641572, 1.3626762123228642]	[0.0066625045192547395, 0.0065372370119342734, 0.024556321691288914, 0.018397036680346906, 0.6204001547550786]
1573532345772146688	[0.004420294061567083, 0.004207474067200253, 0.07229999352722327, 0.8060725335653073, 0.2513687590763061]	[0.001320516410558073, 0.0014405909185163338, 0.02332595044499639, 0.014660317006658107, 0.14048885199611943]
1461358161453928448	[0.0036750126488741537, 0.003600117841257958, 0.07478067722801289, 0.7985923850512024, 0.34780592535979765]	[0.002175383874138359, 0.0021275772809306857, 0.02244812904661525, 0.018603042587279763, 0.2223241093057708]
1534104823527661696	[0.002350975075806835, 0.0022350408645414456, 0.053277288377609366, 0.8128974124339209, 0.18736455868733198]	[0.0014398230012254367, 0.0013826606125879853, 0.007925740988799092, 0.006808679673339594, 0.08370542737184858]
1212271430257147904	[0.0018883914655326833, 0.0018655070549476376, 0.04227840309740978, 0.8167678165492909, 0.06633707408963972]	[0.000837186044333923, 0.0008239737191593565, 0.0017195479372228146, 0.00116173997502684, 0.0029835073777906597]
941038685818060800	[0.004672593914865135, 0.004579996738589739, 0.08089872593534199, 0.8051185065422484, 0.4509275225091732]	[0.0027336251124572826, 0.0026741250404118703, 0.027860184981829062, 0.011327342925273463, 0.33789200455657814]
285050738	[0.00048596364199789274, 0.0004692626342934836, 0.07335902925678606, 0.7784550637217996, 1.1817286467151416]	[0.0017902237207282708, 0.0017459926894939047, 0.012703653706271113, 0.021880239992319448, 0.7217933890076698]
1563911121681137669	[0.001611383975566256, 0.00130570242637306, 0.020298635533780907, 0.9128303574756772, 1.9482460942735016]	[0.0016113839755662566, 0.0013057024263730586, 0.020298635533780904, 0.08716964252432252, 1.8850872390598319]
1406907752065110016	[0.0019474468773191926, 0.00181851448148232, 0.03990204648936476, 0.7870388525651076, 1.0714989913623127]	[0.001574618036684558, 0.001483460567112844, 0.03215553565298976, 0.04821566103415775, 1.3148070159115257]
1567761967015772161	[0.0020689766710205817, 0.002022558323901668, 0.08057465749031284, 0.7753520205662497, 0.9210478140253849]	[0.004239729948453798, 0.004161736328940199, 0.021444303582528405, 0.019455643620005528, 0.5952969942767561]
1585801883985317889	[0.0024671188517620696, 0.0024158126363868363, 0.06855100772393076, 0.7960815271383872, 0.36585039466020985]	[0.0022476352014851628, 0.0022093969247238944, 0.013320752805651552, 0.01592661531671694, 0.18670957248732728]
938384349342429184	[0.005396040936604268, 0.00525109350302305, 0.09040707884583858, 0.7852097424485585, 0.7424271603058354]	[0.004192986002688827, 0.004126095602148685, 0.029078361443598294, 0.0203465175741125, 0.44121057487662996]
1425454693275168775	[0.00028395642965965104, 0.0002463202948968896, 0.04083670490133266, 0.7339106003775794, 14.59551430483751]	[0.007765648694987608, 0.0077182309632423335, 0.047271545418809416, 0.07097641898517135, 15.68930061709563]
1513648688417193984	[0.0030436508957696075, 0.002929510711618168, 0.06743244021688675, 0.8118528698779245, 0.2570603350821511]	[0.0019734634182201885, 0.0019270555023681852, 0.023090720021288872, 0.014932924567962991, 0.19969882106565365]
1576130850844184576	[0.007551434766362704, 0.007399216312592934, 0.09028656246912664, 0.7858290601869123, 0.7136955310992963]	[0.0029438814472926497, 0.0029018487064329133, 0.01571869098324186, 0.023736970201579638, 0.31926028802585144]
1541974408058773504	[0.0028899891052578132, 0.0028411776591251935, 0.06119603818640066, 0.8177423184102616, 0.14470584184837726]	[0.0007094914527789986, 0.0006924834116243739, 0.017551547507645718, 0.00574901856013727, 0.07911874705678]
1573696002644664322	[0.0033265588086372113, 0.0032552258561034716, 0.08641546013908018, 0.7948832463886417, 0.5188744197010463]	[0.002368130700281653, 0.002322585607633931, 0.014524151566341946, 0.020563478969857402, 0.2635734783908679]
1577959393940881408	[0.003222767951132512, 0.00261140485274612, 0.040597271067561815, 0.8256607149513544, 0.06315885521367083]	[1.734723475976807e-18, 2.168404344971009e-18, 0.0, 5.551115123125783e-16, 0.0]
1526108537293680640	[0.0033411146656525713, 0.0032358851960821284, 0.06514959713548726, 0.7967549231901248, 1.447913162311695]	[0.0028743322696991153, 0.002820928426279358, 0.024550943100931404, 0.019940010764110103, 2.057688924840678]
1219459547124858888	[0.0071822461927476215, 0.006968715169645388, 0.08027348801045804, 0.7982663825943311, 0.6089086285299506]	[0.002162350686492125, 0.0022693608549452134, 0.016704542462302213, 0.015225131487686144, 0.2790885117138973]
4405807395	[0.0032946939923792725, 0.003244554443610887, 0.06028093686293544, 0.8137907795469268, 0.1557453448695316]	[0.000922952938788602, 0.0009033259401014179, 0.017009752301085604, 0.003647767889674025, 0.0911307995675885]
1424640593938944005	[0.005812307684558382, 0.005627909777381247, 0.09770643589969745, 0.7815835163996319, 0.9921014609917387]	[0.0026495577986776183, 0.002703325457977478, 0.023795732841740972, 0.028554692008770872, 0.866765888233442]
1348724621034483712	[0.002864894562644362, 0.0028072208162405947, 0.04199237499634012, 0.8270028726460262, 0.05841857249148862]	[0.0, 0.0, 0.0, 1.1102230246251565e-16, 1.3877787807814457e-17]
1597126178804039682	[0.0015205209389240052, 0.0014900339454467337, 0.04306058461322791, 0.8309245197345325, 0.06480130835019143]	[0.0002004613315497381, 0.00019880187854142252, 0.0017284402272100502, 0.0015318687614602202, 0.003739978532228928]
1304838924188123136	[0.0031712764891105175, 0.0031231784545200283, 0.05647298777717734, 0.8143228585641795, 0.14864159263850857]	[0.0007995354355198459, 0.000781949951010557, 0.01320180321532748, 0.0031156888724216424, 0.08402704733656549]
1535843539778564096	[0.003222767951132512, 0.00261140485274612, 0.040597271067561815, 0.8256607149513544, 0.06315885521367083]	[1.734723475976807e-18, 2.168404344971009e-18, 0.0, 5.551115123125783e-16, 0.0]
1307008631771148288	[0.0018571409435095497, 0.0017940954069162853, 0.0858881843058035, 0.775310617484916, 1.2435990415708158]	[0.006907452994618863, 0.006836672450491345, 0.02817329969198057, 0.0209960519173837, 0.9531314962710972]
786189623944843264	[0.0031936942614746743, 0.003062059094871825, 0.05042620787012532, 0.8168409709534207, 0.16222503537600755]	[0.0004211061491240892, 0.00044146729626025387, 0.008489291595968586, 0.007951470666414478, 0.1010915418427809]
1381436262633111552	[0.003913498833034922, 0.0037476370754865283, 0.06919926663013432, 0.8098299196507613, 0.25077075186464876]	[0.0015976792741310255, 0.0016209282748076911, 0.020312424989445237, 0.01660885341848619, 0.1661432854120019]
1103457912335331328	[0.0017091987263759011, 0.001676659061078978, 0.06427967789300136, 0.8067868213682114, 0.4029155814201434]	[0.0017521173956822403, 0.0017199887880525017, 0.009522088694903046, 0.009019655134749071, 0.23623725589149355]
1541974408058773512	[0.002688862321376321, 0.002647239353726525, 0.05860904845958942, 0.8150454801475477, 0.15460202162512737]	[0.0013857990590786567, 0.0013623700757873344, 0.015644921516485014, 0.007826960518250848, 0.08910386842336383]
1241224210107658240	[0.002488791916835001, 0.002432070502902429, 0.0625296653772909, 0.7073187060757989, 5.103784884210573]	[0.00417404828645417, 0.0040948462190226725, 0.030605819238882382, 0.08676464867080018, 4.900792967815691]
1265631236028084224	[0.002700510059626465, 0.0026518900453302192, 0.04241864485151002, 0.8238147642428847, 0.06048389676164006]	[0.00023247479361187016, 0.00021967088287532118, 0.0006028366104120909, 0.004508666142038715, 0.0029208095935465174]
1573022912000319488	[0.006331849885342757, 0.006210163361789581, 0.08305400639941886, 0.8040324124381862, 0.5223097189674683]	[0.003076251981512825, 0.0030220399504607854, 0.013381643019575284, 0.012093040974646129, 0.3655784425530951]
1476984898477260800	[0.004244945576043688, 0.004142638518187555, 0.08032453829456064, 0.8029667661105452, 0.46431689916045454]	[0.002924707103804918, 0.0028832215274347613, 0.020053528536481395, 0.014608831949199324, 0.3185881370477541]
1603172736351670272	[0.0015185179895682722, 0.0014892848643314027, 0.05788355284372921, 0.8076201424303553, 0.2507939967538811]	[0.0016764593343888453, 0.0016482612144245762, 0.00835416339827459, 0.008421348799960308, 0.12191599672290097]
1562198318276431876	[0.003774473194259658, 0.003430985460568389, 0.06182007583774794, 0.8192415996878589, 0.15150937147326815]	[0.00019633873037070494, 0.0004741429449621974, 0.007854715154756876, 0.008034429996100824, 0.08115926850180594]
1604350270472916993	[0.0020679470395229414, 0.0020294978750693853, 0.04759407307715865, 0.8185573915252103, 0.11201654638031526]	[0.001127053995697958, 0.0010998663311730167, 0.007921997398212883, 0.011943713941824073, 0.07579898158929765]
1176972315537694720	[0.004081009168756355, 0.003981178563892162, 0.0632515561166913, 0.809891784840133, 0.28553111982869306]	[0.0006934546490470897, 0.0007146993954379875, 0.008763022750790309, 0.004634551806039339, 0.07468491928418225]
1308151079222345728	[0.0010713192690195916, 0.0010509003039335444, 0.06967108427348433, 0.7898645313287948, 0.601141460267005]	[0.0015537795875904597, 0.0015236512110384604, 0.011859453693076885, 0.021767743144726164, 0.37917022729928435]
1360507235936456704	[0.004935594353727358, 0.004759275276168335, 0.07453655282909713, 0.7961854451646674, 0.4015344697203209]	[0.002273668602004606, 0.0022908021551792963, 0.02270426895880128, 0.02654444279871879, 0.3342564485364408]
1559593258086305792	[0.0027387857911911756, 0.0026529711022369963, 0.06463676762643114, 0.7690589772617688, 3.588564101799685]	[0.008419895844021032, 0.008344698265718827, 0.05012342906048435, 0.03888553412186072, 3.8488918890772035]
1518068230341881856	[0.002864894562644362, 0.0028072208162405947, 0.04199237499634012, 0.8270028726460262, 0.05841857249148862]	[0.0, 0.0, 0.0, 1.1102230246251565e-16, 1.3877787807814457e-17]
