855091879003738113	[0.06316332090156693, 0.0009939094179763736, 0.04934071467888251, 0.8343291536873271, 0.06795128163665319]	[0.0004296428568626714, 5.83401657196791e-06, 0.00033674446936696775, 0.0003267457558320093, 0.00017062793356322273]
1524084713178431488	[0.14847699489029112, 0.0011765752149008575, 0.06141548534740104, 0.7984204625408237, 0.6407829854463624]	[0.045998454942348464, 0.00023165794084284547, 0.03528422618937537, 0.015273773654297784, 0.5309935963943924]
1257959303945900032	[0.11086222966696756, 0.0014812535399816688, 0.06865408208022229, 0.8043241352901526, 0.27182504874793706]	[0.03352802656730917, 0.0004673284220328098, 0.013496407962397277, 0.01386953611296275, 0.1834323806838764]
1530832682095190018	[0.17351545756487566, 0.0009197997865195072, -0.0034048208754251493, 0.7679064805627951, 1.2515285376243266]	[0.05322478140516718, 0.0002656689635138348, 0.08753257200821299, 0.02793873051314263, 1.0264199987528042]
3295465306	[0.11165237569606294, 0.001201538479047687, 0.06917080749191226, 0.8003881943965381, 0.2732510637255815]	[0.01695525181056077, 0.0001984467757924935, 0.006151946563681677, 0.007938729768780694, 0.09124694772129244]
1552006530374852608	[0.14833095528016904, 0.0010255588305309294, 0.03745709432959346, 0.7869310629604204, 0.7654982341213127]	[0.04294735346826245, 0.00038292426245941773, 0.06626282806821918, 0.025152173211698593, 0.6553567016039954]
975175578365190144	[0.14125448540631963, 0.000971850933433182, 0.045719179191366054, 0.7968303402302694, 0.690064012535199]	[0.03590545733312408, 0.0003151321752573452, 0.03961012024409929, 0.014640032816672654, 0.5377018828784376]
1512708407329198084	[0.0990320566771874, 0.0011084917728766183, 0.07827076431228656, 0.8200789630274485, 0.14962362503017063]	[0.026133779119270797, 0.0003255213108917541, 0.0157085123834775, 0.004471328333078173, 0.08111195655910121]
1470797296921034752	[0.08699210662392508, 0.0011564490370297325, 0.06354386321168225, 0.8153240725949001, 0.14900294028011757]	[0.022856582722664096, 0.0003066594799818422, 0.011246881422541646, 0.005211913697474182, 0.08369729366395738]
878199957500686336	[0.060409791336836806, 0.0007003298648215973, 0.04936838996537163, 0.8246125990233464, 0.059967915408036185]	[0.0010513807358741667, 0.00010865956412852199, 0.0005803758661997358, 0.00414007535847375, 0.0026835406498073957]
1264179482648248320	[0.13496933877637102, 0.0010508963994316873, 0.049902504611362614, 0.7988781482766475, 0.6104028700788793]	[0.048115998468398063, 0.00040654877277926176, 0.028597824536989985, 0.015148371336128178, 0.5509314556728471]
1010300612129509376	[-0.0039368172505163425, -0.00035160109583239876, -0.0034052086459600704, 0.9534883720930233, 3.416666666666668]	[1.734723475976807e-18, 5.421010862427522e-20, 8.673617379884035e-19, 0.0, 1.3322676295501878e-15]
1184331211721736192	[0.19185772561408224, 0.001117208151861661, -0.04843719094575154, 0.7772717546168691, 2.1000437149835736]	[0.04179349924072879, 0.0005115741678892477, 0.11982269729699785, 0.016880373553149492, 1.694655232381744]
1558953336916922368	[0.13062453786284045, 0.0010358832704680182, 0.03277404091193462, 0.7908859620375481, 0.6345620863495659]	[0.025132311800113858, 0.0003861811617435905, 0.08235960873624529, 0.015320964493359034, 0.5639885015111952]
1405935500242915328	[0.1612114546176993, 0.0009571041191782837, 0.05025291984784469, 0.7737816116962816, 0.7578476172967363]	[0.037131910738496685, 0.00015684465888830042, 0.022515298640548444, 0.02682114929058758, 0.3935980966272332]
1390960631759523840	[0.16763736296398604, 0.0009996257226841632, 0.06124568707642186, 0.7798390839639768, 0.7419769393720688]	[0.04515492284322985, 0.00036390619251179394, 0.022518579371237833, 0.024860176689344454, 0.426173652094821]
1267281706245128192	[0.07727960838136372, 0.0008895861541558237, 0.05810811181406818, 0.8194012771484386, 0.11584153102023888]	[0.01949579341277287, 0.00023346104151298743, 0.010101293405031457, 0.006782692283393033, 0.06454917744644859]
1582074009470267392	[0.13053705998727352, 0.001021636524087285, 0.0641033984066497, 0.8051963539086175, 0.4667422220479283]	[0.03779648414915605, 0.0003835958704957632, 0.023260634730064254, 0.013021227258516224, 0.35365514452213986]
1296175329556406273	[0.17198249991215891, 0.0009931373944485366, 0.055311081148895526, 0.7691714080234296, 0.7998181681200711]	[0.031959736997179744, 0.0003725405240009492, 0.022812520293625724, 0.024756240005412725, 0.3101641687056369]
1470403383471263745	[0.11223864088705447, 0.0012366875825415011, 0.07065932362734273, 0.8048082787647557, 0.27355956306476653]	[0.015320251149320709, 0.000251839819828441, 0.0062184827730457255, 0.00843801206105334, 0.0829017974755313]
1253322173403394049	[0.06316332090156691, 0.0009939094179763736, 0.04934071467888251, 0.8343291536873271, 0.06795128163665319]	[0.0004296428568626713, 5.834016571967912e-06, 0.0003367444693669676, 0.0003267457558320092, 0.00017062793356322276]
3141533716	[0.15368839164976858, 0.001228925958470185, 0.039713809844517056, 0.7888802393284331, 0.8947970696225953]	[0.04339193850856269, 0.00038381823291795447, 0.06604999271410827, 0.019668566423910353, 1.069553491826603]
1599013198501388288	[0.1672446714496476, 0.0011724261825279913, -0.038401139690648886, 0.7924494721832991, 2.208600975484504]	[0.046236803730626025, 0.0004125772101251618, 0.1840151494970958, 0.011156011962014892, 3.0064851485371724]
952266549062139904	[0.1165068871091927, 0.0008657203704960171, 0.06868777885616437, 0.8081697326590617, 0.30309235554244746]	[0.022289224314632414, 0.00023050452864029582, 0.008949395914498209, 0.006296583789796784, 0.1004432776855362]
1303185624317321216	[0.06139867707805185, 0.000865015245307867, 0.05032664262870271, 0.8270719088522763, 0.06140182286670409]	[0.0027641810825390547, 0.00017658388213750853, 0.0022401181655773705, 0.00011957421678663186, 0.005167141221572196]
1314857412956839937	[0.12816042044286413, 0.0012147912985244025, 0.05941479876057897, 0.7980032000125425, 0.457220527711469]	[0.026860577733018465, 0.00020105388615137494, 0.021456271189999692, 0.011309669084889425, 0.282970480063409]
1343933675725996033	[0.06223083618947007, 0.0005121259790227085, 0.05037363045311638, 0.8174417781553058, 0.06461594415767902]	[2.0816681711721685e-17, 2.168404344971009e-19, 0.0, 3.3306690738754696e-16, 0.0]
1545674949968420864	[0.08134885417995988, 0.0009581698763989061, 0.060190151902393074, 0.8183775477898092, 0.13044573103285287]	[0.021177500921498706, 0.00028393157514320565, 0.010937360234693688, 0.006898583396816795, 0.07168507778084296]
1449841497298382850	[0.0779337210581381, 0.0011563060749159714, 0.049779223733513046, 0.8099232390974966, 0.15543558808735009]	[0.02345227024506458, 0.000622805885871636, 0.005570877955384531, 0.01536470462080759, 0.14352052582243874]
1419740808757055491	[0.0634720582521788, 0.0007759003556227113, 0.05169551150144934, 0.8168225980568554, 0.06365714125466224]	[1.3877787807814457e-17, 0.0, 0.0, 4.440892098500626e-16, 1.3877787807814457e-17]
1567948218499239936	[0.15924488784811824, 0.0013889191049588393, 0.05746784125265941, 0.7880589596919583, 0.7170475564306384]	[0.03866826655428833, 0.00024287726059855455, 0.01690434947510071, 0.013930965439356244, 0.4010355137955082]
952266549062139905	[0.12525586369749506, 0.0010428045283732712, -0.039021084019429574, 0.7964504408662386, 1.5255662662623664]	[0.04566915354605583, 0.0003450569025003664, 0.18718949307706562, 0.0265405009199677, 2.1201060656198583]
800152580915499010	[0.11808928524566052, 0.0010752591896121082, 0.07122665681142862, 0.8047904818633123, 0.31671214261254776]	[0.026914046561881635, 0.00023056315589948707, 0.008859906325137841, 0.009063202634251968, 0.1472279162787558]
1394901053825556480	[0.12751418941527576, 0.0012945074766401617, 0.05814073993104041, 0.7887670523364678, 0.45333020486241593]	[0.02939840448686455, 0.00018661784134750708, 0.014860685064794387, 0.020933339396067167, 0.2883330948380094]
938634317294653440	[0.12497576706495411, 0.0009041270154735876, 0.05879851312099929, 0.8008346359127211, 0.41726925852528446]	[0.026227227638461883, 0.00035438973427323237, 0.011893892274301281, 0.01270291638253395, 0.22918763589634958]
1551000216085618690	[0.08681269396894475, 0.000992255815680919, 0.06384301007139825, 0.8133674332528652, 0.14984184637250902]	[0.035056493470348137, 0.0005754818812435227, 0.017403941793832037, 0.012462290834023039, 0.13923552718205912]
1524540516561559552	[0.1382675034220567, 0.0012087909041238688, 0.0518267258908573, 0.7922515902118694, 0.5795341373554577]	[0.036737670431882946, 0.00038027418107596363, 0.031018017147309996, 0.020137482831971122, 0.4060036979954817]
1295170777776619520	[0.20455045601083888, 0.0009148450813676381, -0.07481906876673865, 0.7606717288205055, 2.321111605745235]	[0.042818751104134835, 0.0005533218138392943, 0.1359559447023852, 0.02275179501700053, 1.7342275196175765]
1334963880641114113	[0.11314842761795663, 0.0009848545862532765, 0.07143504756092177, 0.8055246262623112, 0.2748314216073281]	[0.01569080943074079, 0.0001922715496030617, 0.008235780267897308, 0.009366300101320847, 0.0828172293142214]
1560479529881063424	[0.13182682065436704, 0.0009918275894309496, 0.06947275414516071, 0.8021050345719352, 0.4109227499481372]	[0.026998207468157533, 0.0004278604098278057, 0.010360976367165476, 0.011224121897482545, 0.17566840682296006]
1286433502037245955	[0.14446018003071756, 0.0013387541125070724, 0.05543157553174439, 0.7971513524921675, 0.6479320485818929]	[0.05301575194856285, 0.0004689098111744065, 0.025678660250044665, 0.01836324737588363, 0.5058854482091208]
1509439556860456960	[0.062448025116031355, 0.0007786329906204774, 0.050465044425439164, 0.8221746405095348, 0.06288361688523947]	[0.0030915432299299783, 0.0001223313556075243, 0.004448078803766975, 0.005512284165756939, 0.0010715836636941076]
1221958979573764096	[0.1760041511105162, 0.0013530895502322402, 0.030555574221573678, 0.7750033485548075, 1.0896854176893698]	[0.03674088517033036, 0.00040540595148188364, 0.0494667273444527, 0.022073327053354377, 0.7283941554580077]
1559849276699729923	[0.06068012067772077, 0.0008212809652157564, 0.04913932394831873, 0.8288627399188647, 0.06081652659028581]	[0.0015196048890618278, 0.00010083388698552508, 0.00018362188637668228, 0.0032213846118902072, 0.004153378333334847]
974798197531930624	[0.07978773708001267, 0.000952496183344676, 0.0593971920408935, 0.8197278603139606, 0.12437912883066556]	[0.019984960694053568, 0.0001894316899234503, 0.010363882238103478, 0.00727501233206623, 0.06596055633917697]
1471505856378273792	[0.12902546117039493, 0.0012347543132317275, 0.06446645840947351, 0.7965573859639389, 0.43330201973276894]	[0.04772516490104547, 0.0005203043420137389, 0.019030899545947604, 0.019708783724463975, 0.33940702023624314]
1357459209537937408	[0.059361348569282144, 0.0006948858786518474, 0.046212048952591636, 0.8265936989567841, 0.06263447386474376]	[0.0035726031850594475, 0.0001497873155714973, 0.005235172750641943, 0.001615975700052606, 0.0009082551388832134]
1705999885	[0.0655492788010875, 0.0009543251195510335, 0.055279634143103586, 0.8293926509730719, 0.06106132981796251]	[0.0, 1.0842021724855044e-19, 0.0, 1.1102230246251565e-16, 1.3877787807814457e-17]
175625853	[0.15050137925722065, 0.0012461499619948388, 0.034979460632226476, 0.7898862718313577, 0.8280944253796341]	[0.03933117908286324, 0.00027117208886123377, 0.04088793232890895, 0.019306547224898482, 0.5897706181831155]
1581248279123197953	[0.06091285217883152, 0.0013680030831420837, 0.04425828061087601, 0.814755623887361, 0.07150466045272967]	[2.0816681711721685e-17, 8.673617379884035e-19, 2.0816681711721685e-17, 5.551115123125783e-16, 2.7755575615628914e-17]
1536055318542794752	[0.17591499962163298, 0.0011547547429936011, -0.009584443432423108, 0.7788027473641572, 1.3626762123228642]	[0.0338221207806405, 0.0002631958278027867, 0.03971750697260877, 0.018397036680346906, 0.6204001547550786]
1573532345772146688	[0.10054448815776708, 0.000960026610553131, 0.06106347002445126, 0.8060726489481181, 0.2513688090354395]	[0.03070264689617315, 0.0002345236459581766, 0.011376919093651603, 0.014660406473915486, 0.14048878558482006]
1461358161453928448	[0.13415153602124733, 0.001529203639014383, 0.08366491368384389, 0.7985923850512024, 0.34780592535979765]	[0.041996654595656865, 0.00037348109545192793, 0.013065492770579416, 0.018603042587279763, 0.2223241093057708]
1534104823527661696	[0.09368278980169902, 0.0008088091578419924, 0.0627923037067215, 0.812897816273759, 0.18736473354429897]	[0.021984839863369784, 0.00021956440180234912, 0.010175660178144598, 0.006808949097930048, 0.08370517095333933]
1212271430257147904	[0.06190134018681043, 0.0007260952550525527, 0.04884479299255629, 0.8167702395883196, 0.06633812323144168]	[0.0005707038174973406, 0.0003706056573424194, 0.0026480241582046513, 0.0011631389172622022, 0.0029829016554888533]
941038685818060800	[0.13186208720725692, 0.0011484420433793467, 0.06877323662659397, 0.8051187373078701, 0.45092762242744]	[0.04175394238812689, 0.0004587544954816334, 0.01846681064642284, 0.011327593942352578, 0.3378918903198864]
285050738	[0.14632747869665813, 0.00126281881932207, -0.03745858906835653, 0.778455124758766, 1.1817287394457996]	[0.030948772182402204, 0.0006871222380160693, 0.10922382979882828, 0.021880331363051495, 0.7217932670798834]
1563911121681137669	[0.026723028614495596, 0.0003042030658427259, 0.01977370887456802, 0.9128303574756772, 1.9482460942735016]	[0.030575676544184815, 0.000304203065842726, 0.023415811681186297, 0.08716964252432252, 1.8850872390598319]
1406907752065110016	[0.051079498967288105, 0.0005541095843577025, 0.04246304889186093, 0.7870388525651076, 1.0714989913623127]	[0.048940146170133564, 0.0005632841405556198, 0.025052501499478116, 0.04821566103415775, 1.3148070159115257]
1567761967015772161	[0.16153471945776, 0.001487843211197459, 0.025975104406744033, 0.7753520801163001, 0.9210478766444469]	[0.04301794370372831, 0.00048540982322888297, 0.05102202233928652, 0.019455761583591254, 0.5952969187325652]
1585801883985317889	[0.11755549861455235, 0.001507597382492936, 0.058112462746725047, 0.7960818913013787, 0.36585090935117986]	[0.022076687253405756, 0.0005688196819074214, 0.013857392672785341, 0.015926975095392433, 0.1867091915247785]
938384349342429184	[0.1600260553733083, 0.0014735832165928733, 0.05687691151052408, 0.7852098055015531, 0.7424272266083717]	[0.0462005861984488, 0.0005739983416971911, 0.024912743456036456, 0.020346606459361843, 0.441210493796085]
1425454693275168775	[0.23255112967632283, 0.0006314699132067747, -0.831660893410505, 0.7339106338744826, 14.595514340060733]	[0.06679298381375448, 0.0006157531413618084, 0.9545470375004482, 0.07097645673197168, 15.689300584783492]
1513648688417193984	[0.10412469245628594, 0.0010490317499805698, 0.06506004213515917, 0.8118540231741602, 0.25706178041345523]	[0.038694886707214694, 0.00028237560883997417, 0.012036774955974053, 0.01493319631108128, 0.19969852497856289]
1576130850844184576	[0.16223486060789294, 0.0012387871289137257, 0.0557728576918687, 0.7858291021442981, 0.7136955492662539]	[0.0369960337208259, 0.00027433568326667984, 0.01593119777600834, 0.02373702607715158, 0.319260251091051]
1541974408058773504	[0.08370066631959713, 0.000821361691512122, 0.059547238468156204, 0.817743529929776, 0.14470636641927823]	[0.021400853593100202, 0.00027341652498241514, 0.009344751576766255, 0.005748954757360425, 0.07911821603882493]
1573696002644664322	[0.13343132621407122, 0.001136544535239857, 0.04897382355215861, 0.7948832463886417, 0.5188744197010463]	[0.02327379946566035, 0.00023447859516763077, 0.026708268582162777, 0.020563478969857402, 0.2635734783908679]
1577959393940881408	[0.057298705158680394, 0.0006084061316854519, 0.04318952055575429, 0.8256607149513544, 0.06315885521367083]	[3.469446951953614e-17, 1.0842021724855044e-19, 1.3877787807814457e-17, 5.551115123125783e-16, 0.0]
1526108537293680640	[0.1265480415122967, 0.0011081808065188158, -0.030101232354018254, 0.7967549539588743, 1.4479131756341304]	[0.032403640055717615, 0.0003819834052250489, 0.19103015563897394, 0.019940042682747596, 2.057688915884563]
1219459547124858888	[0.14818743027900125, 0.0011246097757559176, 0.05416479819551255, 0.7982663825943311, 0.6089086285299506]	[0.04181292038219003, 0.00021422393372129425, 0.006970244517937094, 0.015225131487686144, 0.2790885117138973]
4405807395	[0.09009937433728774, 0.0006297185435574117, 0.06688263048583203, 0.8137923949062793, 0.15574604429739958]	[0.027868538147817628, 0.00011759256453470308, 0.01650900003271562, 0.0036493832490263616, 0.09113010013972049]
1424640593938944005	[0.16498592358480274, 0.0011340319465536902, 0.026244094629190237, 0.7815835878596924, 0.9921015361346133]	[0.04390582513271704, 0.0003908389073511808, 0.07869048464090621, 0.02855477286310349, 0.8667658198128325]
1348724621034483712	[0.0598027763859591, 0.0007630644934212267, 0.049033309802790075, 0.8270028726460262, 0.05841857249148862]	[0.0, 0.0, 1.3877787807814457e-17, 1.1102230246251565e-16, 1.3877787807814457e-17]
1597126178804039682	[0.06402834566741634, 0.0008138541211677835, 0.052488922420294216, 0.8309245197345325, 0.06480130835019143]	[0.0015209331336711038, 0.00014047099838325014, 0.0027907117228093904, 0.0015318687614602202, 0.003739978532228928]
1304838924188123136	[0.0860322054798017, 0.0009751909555615964, 0.06256903148689186, 0.8143266102173548, 0.1486455376394149]	[0.023801369290331657, 0.00046306497653888796, 0.012195401033775472, 0.0031151679379510244, 0.08402959348173585]
1535843539778564096	[0.057298705158680394, 0.0006084061316854519, 0.04318952055575429, 0.8256607149513544, 0.06315885521367083]	[3.469446951953614e-17, 1.0842021724855044e-19, 1.3877787807814457e-17, 5.551115123125783e-16, 0.0]
1307008631771148288	[0.176260792971406, 0.001489631457919312, 0.009582313251881405, 0.7753106417760341, 1.2435990520885278]	[0.04390439368349622, 0.00047823779578449327, 0.07465035307120743, 0.020996100658560453, 0.9531314832611268]
786189623944843264	[0.08517167345852517, 0.0006737532989844376, 0.05762740718510741, 0.8168413747932588, 0.16222521023297456]	[0.025417828646754154, 7.659234874489307e-05, 0.009916512169149943, 0.007951501087897606, 0.10109137300786977]
1381436262633111552	[0.09900122756073142, 0.0010103259531296252, 0.057300369380768025, 0.8098299196507613, 0.25077075186464876]	[0.028618680675348153, 0.00019229570007179281, 0.009098125523021165, 0.01660885341848619, 0.1661432854120019]
1103457912335331328	[0.12202643112824114, 0.0011688518720091134, 0.06127303499786372, 0.8067872947801003, 0.4029162505184045]	[0.02510478003468363, 0.00015431515029256182, 0.016245968323018646, 0.009019919123046385, 0.23623675949014006]
1541974408058773512	[0.08788860115833126, 0.0007705095040117689, 0.06366245252042706, 0.815046691667062, 0.15460254619602834]	[0.026173156879439247, 0.0003705498117936872, 0.015496755319305935, 0.007827331083836694, 0.0891033386514988]
1241224210107658240	[0.16901005509175124, 0.0005668494541004543, -0.25960370630827956, 0.7073187637672044, 5.103784909190139]	[0.05759909567400779, 0.00024980596038835323, 0.2902005565645384, 0.08676472189252536, 4.900792942130812]
1265631236028084224	[0.060612129653796074, 0.0006794183219550538, 0.04948008335289885, 0.8238158411491195, 0.060484363046885405]	[0.0011445983681260454, 0.00011829355012804694, 0.0006318332138734024, 0.004507143166635931, 0.0029214690204644074]
1573022912000319488	[0.13160538797860818, 0.0010496683776455293, 0.05589979157846332, 0.8040333000854779, 0.5223109735267075]	[0.030323872239696143, 0.00028368120994145976, 0.016526748347114505, 0.012093612310945545, 0.36557743137177734]
1476984898477260800	[0.13575511717897717, 0.0009381790361425299, 0.0680021051694534, 0.8029667661105452, 0.46431689916045454]	[0.04056017208274124, 0.00027124063418685517, 0.01047853589216568, 0.014608831949199324, 0.3185881370477541]
1603172736351670272	[0.10729855558283292, 0.0010328588977276375, 0.06928896278444616, 0.807621080343649, 0.2507949830041077]	[0.024530572937708477, 0.00026614101497798935, 0.008969678137296462, 0.008422047252049036, 0.12191560908408804]
1562198318276431876	[0.0880099769622318, 0.0013045617165341357, 0.06448553681355403, 0.819245229875215, 0.15151335255675072]	[0.021823597807901548, 0.00013369421556634942, 0.010278895707113309, 0.008033787595811135, 0.08116177856440004]
1604350270472916993	[0.07587211747010461, 0.0009712371449257495, 0.056972563939989805, 0.8185573915252103, 0.11201654638031526]	[0.022725480099597718, 0.0002944005870728639, 0.011227800875954572, 0.011943713941824073, 0.07579898158929765]
1176972315537694720	[0.11279432788753277, 0.0007185107768910289, 0.06625818227398837, 0.809891784840133, 0.28553111982869306]	[0.016459739404291997, 4.30272202169995e-05, 0.005662339766288286, 0.004634551806039339, 0.07468491928418225]
1308151079222345728	[0.13137108098076952, 0.0015011845612273817, 0.03684293224307594, 0.7898645601744975, 0.6011414727567884]	[0.029720391764385453, 0.00048579372658862937, 0.028432852871714844, 0.021767779686749797, 0.37917020962622916]
1360507235936456704	[0.12136633065961774, 0.0011392499378077247, 0.06202395181676806, 0.7961855110977022, 0.4015344982683972]	[0.038769267719988336, 0.000346169229514305, 0.02227182602745327, 0.02654449559261166, 0.33425641976094045]
1559593258086305792	[0.20216769805865842, 0.000912636626144176, -0.16828390508100122, 0.769059023866156, 3.5885641508059076]	[0.042176698692644295, 0.0007184305864118919, 0.29111322834166614, 0.038885587854430484, 3.848891845968749]
1518068230341881856	[0.0598027763859591, 0.0007630644934212267, 0.049033309802790075, 0.8270028726460262, 0.05841857249148862]	[0.0, 0.0, 1.3877787807814457e-17, 1.1102230246251565e-16, 1.3877787807814457e-17]
