855091879003738113	[0.003525956332651225, 0.00323396647086103, 0.07918346621920101, 0.8343291536873271, 0.06795128163665319]	[2.090190054763257e-05, 1.915640309021732e-05, 0.0005177870331543901, 0.0003267457558320093, 0.00017062793356322273]
1524084713178431488	[0.006813425178209269, 0.006331731227274707, 0.16027475900416316, 0.7984200354599583, 0.6407825170835997]	[0.005133249048289379, 0.0046687228967038676, 0.050319346620108917, 0.015273231147046675, 0.5309939828201482]
1257959303945900032	[0.005403075974432045, 0.005036830188975175, 0.11288418583797678, 0.8043237618167692, 0.27182486487032603]	[0.0032891052805847656, 0.002972499977472724, 0.023069801748673006, 0.013868918014399345, 0.18343258264690523]
1530832682095190018	[0.016444447543411535, 0.014549181384997834, 0.15289225739241502, 0.7679062125875683, 1.2515282558385477]	[0.006499623061472334, 0.005984974381063331, 0.01967151784461643, 0.02793828943542753, 1.0264202866419707]
3295465306	[0.00866504595803326, 0.008248500804829575, 0.12389479589368674, 0.8003881284635033, 0.27325103517750526]	[0.004879959923050403, 0.004516381465366164, 0.016505518972110368, 0.007938588146599264, 0.0912470129963386]
1552006530374852608	[0.010849813766228065, 0.010077063429841297, 0.1668442654143196, 0.7869304557938193, 0.7654974650903315]	[0.005090853488337086, 0.004553415038174765, 0.04589597870225114, 0.02515149168905832, 0.6553573450678506]
975175578365190144	[0.011304122607064168, 0.010437544486881157, 0.13750644095133743, 0.7968300731935416, 0.690063606838569]	[0.009354317575060746, 0.008462287042191494, 0.02102418830394171, 0.014639770537068282, 0.537702227981009]
1512708407329198084	[0.006923571031783024, 0.006496632109012049, 0.0778799891548625, 0.8200789630274485, 0.14962362503017063]	[0.000900728763830438, 0.0007343096748955824, 0.1064292338584063, 0.004471328333078173, 0.08111195655910121]
1470797296921034752	[0.0083221760718386, 0.007791948139281303, 0.11107754317162968, 0.8153215628276941, 0.1489995108294682]	[0.0017957525832406995, 0.0017648883036042666, 0.025801434193637923, 0.005212743059120288, 0.08369422185721632]
878199957500686336	[0.005594707183576404, 0.005163784210241498, 0.08147142925324671, 0.8246117913436702, 0.05996756569410217]	[0.00010099240927130468, 0.0001947355153949781, 0.0004625401320773694, 0.004141474300709115, 0.0026829349275055855]
1264179482648248320	[0.004272716957992364, 0.0041172337353870304, 0.1350693891087053, 0.7988776098235298, 0.6104026369362566]	[0.0033637153667742327, 0.0030875426770437435, 0.034128253702728775, 0.015147711520164676, 0.5509316866386109]
1010300612129509376	[0.0, 0.0, 0.0, 0.9534883720930233, 3.416666666666668]	[0.0, 0.0, 0.0, 0.0, 1.3322676295501878e-15]
1184331211721736192	[0.01218559353176552, 0.011423607058287476, 0.14492428743991023, 0.7772717010218239, 2.1000436586264177]	[0.009799908299143992, 0.008943767405769033, 0.04014486483252666, 0.016880257283237013, 1.6946552954736036]
1558953336916922368	[0.00603597493884369, 0.0056898771633535706, 0.13451745643895943, 0.790885623886199, 0.6345616084222365]	[0.004944607674479346, 0.00453957895194572, 0.020049042087640155, 0.015320502515934932, 0.5639888463284797]
1405935500242915328	[0.017679922086612985, 0.016374630534049292, 0.17130470044411775, 0.7737815065543708, 0.7578474888936302]	[0.005708891153995475, 0.005217640197285441, 0.030722162985953063, 0.026820995868003593, 0.39359827328754443]
1390960631759523840	[0.01202999588077783, 0.010976314961871491, 0.16912113061645706, 0.7798389937620857, 0.7419768613144423]	[0.006335404753253296, 0.005809169317847059, 0.04709876054306214, 0.024860049257131988, 0.42617375464967655]
1267281706245128192	[0.006212823916623182, 0.0057379550999915015, 0.09674603718551525, 0.819400815617195, 0.11584133118370517]	[0.000717811020347965, 0.0006791410874279961, 0.01764106336560073, 0.006782825711256325, 0.06454933603640042]
1582074009470267392	[0.011466631277075272, 0.010492513999862235, 0.1544393965444971, 0.8051946453673202, 0.4667401272680881]	[0.004942535442937001, 0.004571749933177218, 0.03806142250705484, 0.013019836152138546, 0.35365664119657675]
1296175329556406273	[0.01779558403067074, 0.016410537914874446, 0.15994303347826624, 0.7691711400482028, 0.7998178863342922]	[0.004736415074683535, 0.00431029931123667, 0.028498022056966495, 0.024755755917276235, 0.3101647110298362]
1470403383471263745	[0.01130677291159865, 0.010664807419259544, 0.13333036605144805, 0.8048059117053112, 0.27355621757346177]	[0.0022767133286053652, 0.002136060252106364, 0.014177027774233391, 0.008436045458657837, 0.08290364995630484]
1253322173403394049	[0.003525956332651225, 0.00323396647086103, 0.07918346621920103, 0.8343291536873271, 0.06795128163665319]	[2.0901900547632564e-05, 1.915640309021732e-05, 0.00051778703315439, 0.0003267457558320092, 0.00017062793356322276]
3141533716	[0.012004093171789484, 0.011161685349719012, 0.14676285672185743, 0.7888802104827304, 0.8947970571328119]	[0.007625450048939181, 0.006951738752942053, 0.03039878671421168, 0.019668524538175657, 1.0695535015211064]
1599013198501388288	[0.006140662789976469, 0.0057875511013520215, 0.1292008055153263, 0.7924494512046062, 2.208600966401025]	[0.005778660402946636, 0.005347750927409471, 0.04787127263784303, 0.011155964967322744, 3.006485155014786]
952266549062139904	[0.009426865527824877, 0.00865551058744751, 0.1099594297333685, 0.8081697326590617, 0.30309235554244746]	[0.0016312326647199224, 0.0016302900823853014, 0.017998482279723085, 0.006296583789796784, 0.1004432776855362]
1303185624317321216	[0.005791901377000848, 0.005147963064890975, 0.0845737174621821, 0.8270711619055098, 0.06140145511148198]	[0.00044254277124000554, 0.00016733248781393954, 0.005835860929675303, 0.00011828046703627376, 0.005166504250842737]
1314857412956839937	[0.007695187915577716, 0.007347841780508366, 0.1365003723182823, 0.7980031645101392, 0.457220512339428]	[0.003753797641583916, 0.0034664556101707783, 0.018355617821904698, 0.011309608069719224, 0.28297050139123153]
1343933675725996033	[0.005769631167613096, 0.005501076016943709, 0.08227257226254432, 0.8174385474366009, 0.06461454530194305]	[8.673617379884035e-19, 8.673617379884035e-19, 1.3877787807814457e-17, 1.1102230246251565e-16, 4.163336342344337e-17]
1545674949968420864	[0.006700956092231315, 0.006213131698134018, 0.10172878910559048, 0.8183766098765155, 0.13044474478262627]	[0.001455595144387296, 0.0014085908332478391, 0.021121101864358012, 0.006899193130019424, 0.07168408125996807]
1449841497298382850	[0.004478794150915617, 0.004163246268011912, 0.09359811472966141, 0.8099232390974966, 0.15543558808735009]	[0.002711933447604911, 0.002526652409051375, 0.020487911919433333, 0.01536470462080759, 0.14352052582243874]
1419740808757055491	[0.006515825115814956, 0.006246774046060736, 0.0825021366967617, 0.8168225980568554, 0.06365714125466224]	[8.673617379884035e-19, 0.0, 1.3877787807814457e-17, 4.440892098500626e-16, 1.3877787807814457e-17]
1567948218499239936	[0.0027141615148903128, 0.0026772927665343524, 0.15049786175787347, 0.7880589596919583, 0.7170475564306384]	[0.0012292609819474797, 0.0011253899447699887, 0.026464688131158567, 0.013930965439356244, 0.4010355137955082]
952266549062139905	[0.010552053323935771, 0.009730894476988538, 0.10118711093653429, 0.7964495863487095, 1.5255649680331511]	[0.007577728288405332, 0.0070016086810511325, 0.04553082040413173, 0.026540025714657745, 2.1201068573123725]
800152580915499010	[0.005744566231024544, 0.005431616832407153, 0.1262672816169155, 0.8047902126367535, 0.31671202604123644]	[0.0036006305301305138, 0.0032807988723674956, 0.02082333869083854, 0.009062826857934334, 0.14722811588247223]
1394901053825556480	[0.010754772691332994, 0.01001026317638224, 0.13334983111416837, 0.7887665789245789, 0.45332953576415486]	[0.00599419773462736, 0.005421057314937047, 0.019226278409520098, 0.02093281811033614, 0.28833361853828915]
938634317294653440	[0.009623075623878399, 0.00883899480295853, 0.14500789294341823, 0.8008344051470994, 0.4172691586070175]	[0.00339046294215553, 0.003072483411115339, 0.024541894452282168, 0.012702614715046849, 0.22918778964182043]
1551000216085618690	[0.006531127172649156, 0.0061127484699407516, 0.10373745475814572, 0.8133658178935127, 0.14984114694464104]	[0.0028454348387962278, 0.002619620941334266, 0.030584490788774853, 0.012461762811852703, 0.13923595530213198]
1524540516561559552	[0.008004596850483738, 0.007547484354979917, 0.14075235338627515, 0.7922513594462476, 0.5795340374371909]	[0.006870015571551767, 0.006193238861124039, 0.028396121466288938, 0.0201371941799609, 0.40600382471794894]
1295170777776619520	[0.009864390003848084, 0.008399278746237332, 0.16850016935845488, 0.7606716752254602, 2.321111549388079]	[0.025251037955885118, 0.023913741089419713, 0.031685550877462096, 0.022751669648440047, 1.7342275884538236]
1334963880641114113	[0.010650487851191548, 0.009997860727028154, 0.132826268370653, 0.8055244531880948, 0.2748313466686279]	[0.0030638914805762372, 0.0029415163372653857, 0.016989682645773347, 0.009366079917113286, 0.08281741953196073]
1560479529881063424	[0.010746701225142135, 0.009952543770738141, 0.13815294888814536, 0.8021048422672504, 0.4109226666829148]	[0.00413673040885473, 0.0037952391549824134, 0.022624972411172232, 0.011223859153542824, 0.17566857096946198]
1286433502037245955	[0.014422057121272631, 0.013340044956305554, 0.14954830730360427, 0.7971511909562322, 0.6479319786391061]	[0.00809237367818318, 0.007408847903262883, 0.0424820776821743, 0.018363068899775695, 0.5058855288574122]
1509439556860456960	[0.0053983689752729125, 0.004932895336781399, 0.08028521439763948, 0.8221746405095348, 0.06288361688523947]	[0.0016607195178972617, 0.0016093397984133539, 0.0058592325936316905, 0.005512284165756939, 0.0010715836636941076]
1221958979573764096	[0.015435774781537577, 0.014339298387416597, 0.1635732179255502, 0.7750032644412789, 1.0896853149668848]	[0.00930707448151504, 0.00847197877497367, 0.031120558189117745, 0.022073182570759835, 0.7283942786244803]
1559849276699729923	[0.0050355986325220994, 0.004598665816892955, 0.08065431106996471, 0.8288627399188647, 0.06081652659028581]	[0.00086741200810097, 0.0007840782541763927, 0.0009527500771554555, 0.0032213846118902072, 0.004153378333334847]
974798197531930624	[0.00628668937479153, 0.005777434947166133, 0.09915828133934369, 0.8197278603139606, 0.12437912883066556]	[0.0007502901858940171, 0.0007260813391587071, 0.017953899755862864, 0.00727501233206623, 0.06596055633917697]
1471505856378273792	[0.007986061992861646, 0.007454116303545228, 0.13478895376326716, 0.7965567802041817, 0.4333017574473184]	[0.006078502253783425, 0.005534418239067606, 0.03948315317653255, 0.019708141861654704, 0.3394073051481516]
1357459209537937408	[0.005149613327159008, 0.00427616855972915, 0.07423320004578042, 0.8265936989567841, 0.06263447386474376]	[0.0015046333894456444, 0.0011382205349093788, 0.00664257428704383, 0.001615975700052606, 0.0009082551388832134]
1705999885	[0.0025435118498745852, 0.0023047127630478814, 0.08573847620399092, 0.8293926509730719, 0.06106132981796251]	[4.336808689942018e-19, 8.673617379884035e-19, 0.0, 1.1102230246251565e-16, 1.3877787807814457e-17]
175625853	[0.016920521625887783, 0.015516085244623962, 0.14520827997268457, 0.7898860351254133, 0.8280940908305036]	[0.0085359141804274, 0.0077878628674257055, 0.02457328591054386, 0.01930627834513468, 0.5897709587853182]
1581248279123197953	[0.0016285542634042476, 0.0016285704092084774, 0.07912866019254006, 0.814755623887361, 0.07150466045272967]	[6.505213034913027e-19, 2.168404344971009e-19, 0.0, 5.551115123125783e-16, 2.7755575615628914e-17]
1536055318542794752	[0.011445884054794813, 0.010465455342531451, 0.1331691776514154, 0.7788027473641572, 1.3626762123228642]	[0.012335407402024745, 0.011233087720147457, 0.03113573984474478, 0.018397036680346906, 0.6204001547550786]
1573532345772146688	[0.010645889737054376, 0.009847703677037077, 0.1153866012330917, 0.8060725335653073, 0.2513687590763061]	[0.004070081639245655, 0.004065297499140083, 0.03061276150866805, 0.014660317006658107, 0.14048885199611943]
1461358161453928448	[0.009107450865545264, 0.0084502625788803, 0.1530477859388355, 0.7985923850512024, 0.34780592535979765]	[0.004690355858040812, 0.004290243268623437, 0.04927890519348368, 0.018603042587279763, 0.2223241093057708]
1534104823527661696	[0.005648269134629229, 0.005165332535469523, 0.10316580384421843, 0.8128974124339209, 0.18736455868733198]	[0.0029542916693366594, 0.0027211482802350926, 0.01863534718299965, 0.006808679673339594, 0.08370542737184858]
1212271430257147904	[0.004734361941560885, 0.0045329496150098994, 0.08148659424504326, 0.8167678165492909, 0.06633707408963972]	[0.0017931388990349401, 0.0016768441162982037, 0.0013613538599441003, 0.00116173997502684, 0.0029835073777906597]
941038685818060800	[0.01137624601691078, 0.010561369505531224, 0.14768381556732565, 0.8051185065422484, 0.4509275225091732]	[0.006492249198046373, 0.005970733400443413, 0.04317565053991154, 0.011327342925273463, 0.33789200455657814]
285050738	[0.0013119910094764426, 0.0012258161108937282, 0.1231438618645167, 0.7784550637217996, 1.1817286467151416]	[0.0034437859894348812, 0.003143773904617378, 0.01597199630581659, 0.021880239992319448, 0.7217933890076698]
1563911121681137669	[0.003009156909793574, 0.002466660245978121, 0.03519905399652178, 0.9128303574756772, 1.9482460942735016]	[0.003009156909793574, 0.0024666602459781184, 0.035199053996521776, 0.08716964252432252, 1.8850872390598319]
1406907752065110016	[0.0037911943790803334, 0.003374744088447337, 0.0665364957439232, 0.7870388525651076, 1.0714989913623127]	[0.0030838982063259514, 0.00276741838214621, 0.05047915831366207, 0.04821566103415775, 1.3148070159115257]
1567761967015772161	[0.006841005161023032, 0.0064323208333076885, 0.15214331954750576, 0.7753520205662497, 0.9210478140253849]	[0.007442704715485332, 0.0067892053910934376, 0.03521146423433809, 0.019455643620005528, 0.5952969942767561]
1585801883985317889	[0.006383057705039468, 0.005978679445564196, 0.12744879038635137, 0.7960815271383872, 0.36585039466020985]	[0.004834760766940512, 0.00452168529471912, 0.01734646537242168, 0.01592661531671694, 0.18670957248732728]
938384349342429184	[0.013391923874550822, 0.012368868982363697, 0.15511510355335886, 0.7852097424485585, 0.7424271603058354]	[0.008781612058327868, 0.008064318782048222, 0.035034844584935415, 0.0203465175741125, 0.44121057487662996]
1425454693275168775	[0.0028611246800303897, 0.002549128540953057, 0.06433139662367805, 0.7339106003775794, 14.59551430483751]	[0.012371986677686776, 0.011841128398160983, 0.0725110383807994, 0.07097641898517135, 15.68930061709563]
1513648688417193984	[0.007487156758176124, 0.006921369252741926, 0.12277282461579768, 0.8118528698779245, 0.2570603350821511]	[0.004116932944191445, 0.0038131195062485646, 0.036046797825955386, 0.014932924567962991, 0.19969882106565365]
1576130850844184576	[0.01516690102703614, 0.01388336252853871, 0.136596732118184, 0.7858290601869123, 0.7136955310992963]	[0.0050554212139942625, 0.004603939203894841, 0.016606303839520303, 0.023736970201579638, 0.31926028802585144]
1541974408058773504	[0.006137204067319159, 0.005707412018153303, 0.10139433714803874, 0.8177423184102616, 0.14470584184837726]	[0.001196387724548934, 0.00107760917365504, 0.020185938434241935, 0.00574901856013727, 0.07911874705678]
1573696002644664322	[0.00797738000833071, 0.007452071942046948, 0.14442516535620953, 0.7948832463886417, 0.5188744197010463]	[0.0033032955317450507, 0.0029289548901236875, 0.025582359836654796, 0.020563478969857402, 0.2635734783908679]
1577959393940881408	[0.006018313819587148, 0.004933320491956242, 0.07039810799304357, 0.8256607149513544, 0.06315885521367083]	[3.469446951953614e-18, 2.6020852139652106e-18, 1.3877787807814457e-17, 5.551115123125783e-16, 0.0]
1526108537293680640	[0.008079560826796858, 0.007439857765187575, 0.11126049621370393, 0.7967549231901248, 1.447913162311695]	[0.006545266599735318, 0.006048967913558126, 0.052093480136261174, 0.019940010764110103, 2.057688924840678]
1219459547124858888	[0.013611399890016609, 0.0123455349919521, 0.12354944980029993, 0.7982663825943311, 0.6089086285299506]	[0.004021430507382613, 0.0038148221677566344, 0.022246221848575165, 0.015225131487686144, 0.2790885117138973]
4405807395	[0.008259010180287643, 0.007817560520717049, 0.1158417634655494, 0.8137907795469268, 0.1557453448695316]	[0.0024893790126745514, 0.0023164845037733483, 0.03356919120300499, 0.003647767889674025, 0.0911307995675885]
1424640593938944005	[0.015563747162494734, 0.013981696386852153, 0.1499903298016996, 0.7815835163996319, 0.9921014609917387]	[0.004808493465876671, 0.004469133152575831, 0.028307947912307046, 0.028554692008770872, 0.866765888233442]
1348724621034483712	[0.005536399188897511, 0.0050513536080074245, 0.08120438158348084, 0.8270028726460262, 0.05841857249148862]	[8.673617379884035e-19, 8.673617379884035e-19, 2.7755575615628914e-17, 1.1102230246251565e-16, 1.3877787807814457e-17]
1597126178804039682	[0.0029807848377740114, 0.0027199591530416797, 0.08195533803382929, 0.8309245197345325, 0.06480130835019143]	[0.00043727298789942643, 0.00041524638999379954, 0.003783138170161661, 0.0015318687614602202, 0.003739978532228928]
1304838924188123136	[0.007943756244550678, 0.007520221951037672, 0.10944031240433048, 0.8143228585641795, 0.14864159263850857]	[0.0021741250769375764, 0.002019145934093966, 0.02716774014178615, 0.0031156888724216424, 0.08402704733656549]
1535843539778564096	[0.006018313819587148, 0.004933320491956242, 0.07039810799304357, 0.8256607149513544, 0.06315885521367083]	[3.469446951953614e-18, 2.6020852139652106e-18, 1.3877787807814457e-17, 5.551115123125783e-16, 0.0]
1307008631771148288	[0.007400017210480337, 0.006845003549646646, 0.1520782721262031, 0.775310617484916, 1.2435990415708158]	[0.011800770559504889, 0.011105585253229784, 0.036445712367497746, 0.0209960519173837, 0.9531314962710972]
786189623944843264	[0.00715230556864594, 0.006536027443801399, 0.0901033561977562, 0.8168409709534207, 0.16222503537600755]	[0.0014440085303558793, 0.001410139001961741, 0.011841631796862135, 0.007951470666414478, 0.1010915418427809]
1381436262633111552	[0.007494230989343352, 0.006752569671385809, 0.116285401125484, 0.8098299196507613, 0.25077075186464876]	[0.002976159480968913, 0.0027711770069218694, 0.029627975546982856, 0.01660885341848619, 0.1661432854120019]
1103457912335331328	[0.004925580441403585, 0.00463973954273462, 0.116325991265114, 0.8067868213682114, 0.4029155814201434]	[0.003085257592207976, 0.002824816689924037, 0.020053836345856918, 0.009019655134749071, 0.23623725589149355]
1541974408058773512	[0.00668488171817339, 0.006318412713272742, 0.11153533651403762, 0.8150454801475477, 0.15460202162512737]	[0.0035512057055122003, 0.0033464476717023975, 0.03170633529334908, 0.007826960518250848, 0.08910386842336383]
1241224210107658240	[0.0054720460439457805, 0.005050213914627197, 0.09549829153788465, 0.7073187060757989, 5.103784884210573]	[0.007693326414979169, 0.0070082262025386605, 0.026674589153348503, 0.08676464867080018, 4.900792967815691]
1265631236028084224	[0.005614143181802704, 0.005201261077652854, 0.08156044514316868, 0.8238147642428847, 0.06048389676164006]	[0.00010994660915956512, 0.00021200117667359767, 0.0005035499151773746, 0.004508666142038715, 0.0029208095935465174]
1573022912000319488	[0.012575261101135233, 0.011542263873175257, 0.14077230230910823, 0.8040324124381862, 0.5223097189674683]	[0.005356349035060773, 0.004850177174266952, 0.020663773647850648, 0.012093040974646129, 0.3655784425530951]
1476984898477260800	[0.009071040835417871, 0.008324398805600607, 0.12814700627893308, 0.8029667661105452, 0.46431689916045454]	[0.004980253694305778, 0.004553142985954979, 0.019458919144680936, 0.014608831949199324, 0.3185881370477541]
1603172736351670272	[0.004896820893324653, 0.004640079676685076, 0.12188128527674887, 0.8076201424303553, 0.2507939967538811]	[0.0030981157162533264, 0.0028735792132735683, 0.02005997464401108, 0.008421348799960308, 0.12191599672290097]
1562198318276431876	[0.008338144631399567, 0.007488579660336626, 0.11564488882220123, 0.8192415996878589, 0.15150937147326815]	[0.001779736690088691, 0.002050788224795013, 0.020963163723915382, 0.008034429996100824, 0.08115926850180594]
1604350270472916993	[0.004887890599454273, 0.004564375293728921, 0.09274854872609851, 0.8185573915252103, 0.11201654638031526]	[0.0009171296425060716, 0.0006886913366342471, 0.016325917739391765, 0.011943713941824073, 0.07579898158929765]
1176972315537694720	[0.008849581683192954, 0.008124747414861914, 0.10469199321578082, 0.809891784840133, 0.28553111982869306]	[0.0009986119171284768, 0.0009764198045197951, 0.009939537843102787, 0.004634551806039339, 0.07468491928418225]
1308151079222345728	[0.0027145082673394392, 0.0025345354622944836, 0.1201319144632614, 0.7898645313287948, 0.601141460267005]	[0.003022941673066983, 0.002760025114019719, 0.01680648269869399, 0.021767743144726164, 0.37917022729928435]
1360507235936456704	[0.011466555511829858, 0.010529008798559608, 0.12744452465367914, 0.7961854451646674, 0.4015344697203209]	[0.005380466005095245, 0.005038808588024897, 0.02861726236561396, 0.02654444279871879, 0.3342564485364408]
1559593258086305792	[0.007598270328316797, 0.006869692578087507, 0.1070478214241373, 0.7690589772617688, 3.588564101799685]	[0.014226747262357068, 0.0134496248847612, 0.07885530973656818, 0.03888553412186072, 3.8488918890772035]
1518068230341881856	[0.005536399188897511, 0.0050513536080074245, 0.08120438158348084, 0.8270028726460262, 0.05841857249148862]	[8.673617379884035e-19, 8.673617379884035e-19, 2.7755575615628914e-17, 1.1102230246251565e-16, 1.3877787807814457e-17]
