855091879003738113	[0.718380863986498, 0.0036258751692409977, 0.6735132730039096, 0.8343291536873271, 0.06795128163665319]	[0.0018471430696681054, 2.1283041937873678e-05, 0.002346428543220813, 0.0003267457558320093, 0.00017062793356322273]
1524084713178431488	[1.5781056328623548, 0.0028211877234069786, 1.3219275620880129, 0.7984204625408237, 0.6407829854463624]	[0.6966461592756487, 0.004282727921977801, 0.6976664504168373, 0.015273773654297784, 0.5309935963943924]
1257959303945900032	[1.139349958817563, 0.0051428487352271, 1.0062441765483, 0.8043241352901526, 0.27182504874793706]	[0.30939488572952967, 0.0053610364805947415, 0.28857326915240333, 0.01386953611296275, 0.1834323806838764]
1530832682095190018	[1.2503617061592838, -0.0010538519086013842, 0.8411322942596866, 0.7679064805627951, 1.2515285376243266]	[0.2174440121880006, 0.00486599764285131, 0.14134605492490326, 0.02793873051314263, 1.0264199987528042]
3295465306	[1.0684830132570797, -0.004707937019349096, 0.9232633314598189, 0.8003881943965381, 0.2732510637255815]	[0.22860453291990143, 0.008042993546367179, 0.24523220816919739, 0.007938729768780694, 0.09124694772129244]
1552006530374852608	[1.396837363972943, -7.551982282812328e-05, 1.1317643433403748, 0.7869310629604204, 0.7654982341213127]	[0.7089398952166551, 0.004035013855578422, 0.7528630497634339, 0.025152173211698593, 0.6553567016039954]
975175578365190144	[1.128412499763924, 0.0006345498140557202, 0.8907327260157262, 0.7968303402302694, 0.690064012535199]	[0.2276748734532387, 0.00632584142456721, 0.24577390910049646, 0.014640032816672654, 0.5377018828784376]
1512708407329198084	[1.5769643755661928, 0.004221297323094495, 1.511988590553867, 0.8200789630274485, 0.14962362503017063]	[0.29556011776632674, 0.0015706721697001191, 0.2524370430885943, 0.004471328333078173, 0.08111195655910121]
1470797296921034752	[0.8700534088945197, 0.00020504188530842855, 0.7880452413890129, 0.8153240725949001, 0.14900294028011757]	[0.11292536561615771, 0.0024163147244137444, 0.09006851835872241, 0.005211913697474182, 0.08369729366395738]
878199957500686336	[0.6930600375424054, -0.0014132452437007669, 0.6414646707899712, 0.8246125990233464, 0.059967915408036185]	[0.05189571034104517, 0.0016858633377507483, 0.053743547713341666, 0.00414007535847375, 0.0026835406498073957]
1264179482648248320	[1.298191077505906, 0.0007291083240285785, 1.0437748875935104, 0.7988781482766475, 0.6104028700788793]	[0.3226622183386345, 0.005349227514759172, 0.2869831126135372, 0.015148371336128178, 0.5509314556728471]
1010300612129509376	[-1.1029148831741025e-10, -7.462019558757012e-89, 1.3160399615182742e-10, 0.9534883720930233, 3.416666666666668]	[1.2924697071141057e-26, 1.3952482803738708e-104, 0.0, 0.0, 1.3322676295501878e-15]
1184331211721736192	[1.2997537613337689, 5.784143439485172e-05, 0.797479193248579, 0.7772717546168691, 2.1000437149835736]	[0.3717762831996271, 0.004596629953929063, 0.502481710169943, 0.016880373553149492, 1.694655232381744]
1558953336916922368	[1.0692335264432546, -0.002238440479074401, 0.8327182246882008, 0.7908859620375481, 0.6345620863495659]	[0.3086604551936378, 0.006301300060498333, 0.39735561732837504, 0.015320964493359034, 0.5639885015111952]
1405935500242915328	[1.18159402551464, -0.007042818779679043, 0.8692634459349462, 0.7737816116962816, 0.7578476172967363]	[0.21817146111855265, 0.005636169403547746, 0.14572948388987855, 0.02682114929058758, 0.3935980966272332]
1390960631759523840	[1.601779637948392, -0.0018082841395446964, 1.3262585286052013, 0.7798390839639768, 0.7419769393720688]	[0.68975970201689, 0.00681419231434576, 0.6537695933080443, 0.024860176689344454, 0.426173652094821]
1267281706245128192	[0.8622915659759084, 0.0024141745965072185, 0.7860680464061062, 0.8194012771484386, 0.11584153102023888]	[0.19931055727514801, 0.004599594268095111, 0.17184492479836416, 0.006782692283393033, 0.06454917744644859]
1582074009470267392	[1.2678698413296494, -0.00021875978738348457, 1.086492296484004, 0.8051963539086175, 0.4667422220479283]	[0.5679119670560533, 0.0037584387948154277, 0.5478334186947958, 0.013021227258516224, 0.35365514452213986]
1296175329556406273	[1.3321327351406453, -0.0031687677138473773, 1.039852079232473, 0.7691714080234296, 0.7998181681200711]	[0.48581785634796326, 0.0061037355086944346, 0.5257562045514211, 0.024756240005412725, 0.3101641687056369]
1470403383471263745	[0.925322967694899, -0.006818834157729195, 0.7839913490253669, 0.8048082787647557, 0.27355956306476653]	[0.04694052778690135, 0.005192372534927177, 0.058606055132221974, 0.00843801206105334, 0.0829017974755313]
1253322173403394049	[0.718380863986498, 0.0036258751692409977, 0.6735132730039096, 0.8343291536873271, 0.06795128163665319]	[0.0018471430696681056, 2.1283041937873668e-05, 0.002346428543220813, 0.0003267457558320092, 0.00017062793356322276]
3141533716	[1.3286820460042783, -4.6841315870514147e-05, 1.0529850042402182, 0.7888802393284331, 0.8947970696225953]	[0.2538490659490216, 0.004218025384179272, 0.2741168506653629, 0.019668566423910353, 1.069553491826603]
1599013198501388288	[1.1500615282999853, 0.0012935948670616622, 0.7380947026866114, 0.7924494721832991, 2.208600975484504]	[0.3364457331497372, 0.008600193563062408, 0.5292723651336037, 0.011156011962014892, 3.0064851485371724]
952266549062139904	[0.8732780361805457, -0.0039325052624543085, 0.7205783826881895, 0.8081697326590617, 0.30309235554244746]	[0.14852964360475995, 0.0008227625304483522, 0.11524818831284696, 0.006296583789796784, 0.1004432776855362]
1303185624317321216	[0.6509111789687585, 0.0007950921349267513, 0.5972994840786802, 0.8270719088522763, 0.06140182286670409]	[0.021108254189546156, 0.002139089202285582, 0.02275279959637979, 0.00011957421678663186, 0.005167141221572196]
1314857412956839937	[1.2084652088951684, -6.447156567757119e-05, 1.002668982148882, 0.7980032000125425, 0.457220527711469]	[0.27533302548317834, 0.007985411326424174, 0.21920098241484587, 0.011309669084889425, 0.282970480063409]
1343933675725996033	[0.782946044547973, -0.004333246199302713, 0.7345512260084811, 0.8174417781553058, 0.06461594415767902]	[3.3306690738754696e-16, 8.673617379884035e-19, 0.0, 3.3306690738754696e-16, 0.0]
1545674949968420864	[0.8745874130737821, 0.001854211936582072, 0.7931268418442557, 0.8183775477898092, 0.13044573103285287]	[0.1892549231912974, 0.004550455061395491, 0.16182746848989987, 0.006898583396816795, 0.07168507778084296]
1449841497298382850	[0.7711278550592795, 0.004083127844319374, 0.665448461491343, 0.8099232390974966, 0.15543558808735009]	[0.15734393756144133, 0.00492066633037524, 0.1562377122766287, 0.01536470462080759, 0.14352052582243874]
1419740808757055491	[0.8344810966223862, 0.001800779499611962, 0.79210593743452, 0.8168225980568554, 0.06365714125466224]	[3.3306690738754696e-16, 2.168404344971009e-19, 2.220446049250313e-16, 4.440892098500626e-16, 1.3877787807814457e-17]
1567948218499239936	[1.5698075066919153, 0.0074933051053001605, 1.2742309865417265, 0.7880589596919583, 0.7170475564306384]	[0.3569149620522518, 0.002229615211626805, 0.257529650749413, 0.013930965439356244, 0.4010355137955082]
952266549062139905	[0.7829929921185227, -0.0019901393406649586, 0.5021422037074136, 0.7964504408662386, 1.5255662662623664]	[0.2841735572539839, 0.002774446147174149, 0.4106029912389292, 0.0265405009199677, 2.1201060656198583]
800152580915499010	[1.2529318705056849, 0.0035590767384091663, 1.0948323578062957, 0.8047904818633123, 0.31671214261254776]	[0.2370058432574803, 0.005545798696288723, 0.19059796395074494, 0.009063202634251968, 0.1472279162787558]
1394901053825556480	[1.1026819319879113, 0.0013846403680847223, 0.9049101103329329, 0.7887670523364678, 0.45333020486241593]	[0.19835648114484808, 0.004441185988571394, 0.2463106842018749, 0.020933339396067167, 0.2883330948380094]
938634317294653440	[1.1213858008651938, 0.0006078137626239792, 0.9141858849947656, 0.8008346359127211, 0.41726925852528446]	[0.18490374540907648, 0.005240632744643771, 0.15544077011749918, 0.01270291638253395, 0.22918763589634958]
1551000216085618690	[1.0302120001724888, 0.00024570429333758905, 0.948620668462144, 0.8133674332528652, 0.14984184637250902]	[0.33327185065966436, 0.0065857581199406014, 0.28338783164740744, 0.012462290834023039, 0.13923552718205912]
1524540516561559552	[1.3713478360637925, 0.0021947276662408533, 1.1296758525174253, 0.7922515902118694, 0.5795341373554577]	[0.25564766675975265, 0.006571267089724799, 0.18228193484723548, 0.020137482831971122, 0.4060036979954817]
1295170777776619520	[1.517802491040617, -0.0011364161249673354, 0.9397580035870523, 0.7606717288205055, 2.321111605745235]	[0.44726461432963943, 0.006180675467316432, 0.46926773208419653, 0.02275179501700053, 1.7342275196175765]
1334963880641114113	[1.043380388673278, -0.009023206662992058, 0.9008953406392647, 0.8055246262623112, 0.2748314216073281]	[0.2394872866014995, 0.0043550254541761995, 0.2517491030621922, 0.009366300101320847, 0.0828172293142214]
1560479529881063424	[1.1976813039232785, -0.0012766122301352918, 0.9933859161884536, 0.8021050345719352, 0.4109227499481372]	[0.2519570984175312, 0.005890421885827978, 0.2575741134872568, 0.011224121897482545, 0.17566840682296006]
1286433502037245955	[1.4045313330554707, 0.0017117964015743263, 1.1648358952883564, 0.7971513524921675, 0.6479320485818929]	[0.3928462566899038, 0.006344943802588681, 0.27274750791044494, 0.01836324737588363, 0.5058854482091208]
1509439556860456960	[0.7336856879333736, 0.0015137919536186415, 0.6850907521184125, 0.8221746405095348, 0.06288361688523947]	[0.18037231732194825, 0.0018130639697877063, 0.18898423545830478, 0.005512284165756939, 0.0010715836636941076]
1221958979573764096	[1.4132345915043691, 0.002807176706113358, 1.0581649950367527, 0.7750033485548075, 1.0896854176893698]	[0.32399803805028454, 0.006177885218152746, 0.3184510683968214, 0.022073327053354377, 0.7283941554580077]
1559849276699729923	[0.676758775119761, 0.0005783782639339622, 0.6260019758661689, 0.8288627399188647, 0.06081652659028581]	[0.02366109559751195, 0.0017637297670211453, 0.02696137448337882, 0.0032213846118902072, 0.004153378333334847]
974798197531930624	[0.8755158195472312, 0.0035387447291422066, 0.7946541831390439, 0.8197278603139606, 0.12437912883066556]	[0.21241778434001532, 0.003978656320975657, 0.18421836408857595, 0.00727501233206623, 0.06596055633917697]
1471505856378273792	[1.3040951451663996, 0.00299012874216231, 1.1192986499103719, 0.7965573859639389, 0.43330201973276894]	[0.4506552332738821, 0.007703299885068316, 0.4169751596490305, 0.019708783724463975, 0.33940702023624314]
1357459209537937408	[0.527120580267516, -3.906270763344236e-05, 0.46793295160836834, 0.8265936989567841, 0.06263447386474376]	[0.1831984925291602, 0.002192546159258827, 0.19077260559440593, 0.001615975700052606, 0.0009082551388832134]
1705999885	[0.8444296771980487, 0.0037585386381428494, 0.7983607971901778, 0.8293926509730719, 0.06106132981796251]	[2.220446049250313e-16, 0.0, 2.220446049250313e-16, 1.1102230246251565e-16, 1.3877787807814457e-17]
175625853	[1.1694550165150706, 0.0022028694969113325, 0.8911968814918786, 0.7898862718313577, 0.8280944253796341]	[0.23509335457695754, 0.0025327977021879313, 0.21860176689145744, 0.019306547224898482, 0.5897706181831155]
1581248279123197953	[0.5716209297302902, 0.007968645677251586, 0.4929396303552504, 0.814755623887361, 0.07150466045272967]	[1.1102230246251565e-16, 1.734723475976807e-18, 1.6653345369377348e-16, 5.551115123125783e-16, 2.7755575615628914e-17]
1536055318542794752	[1.0276053581476594, 0.002159365642061213, 0.5940434984278791, 0.7788027473641572, 1.3626762123228642]	[0.12718863903150834, 0.0014395039094911822, 0.12087995055193569, 0.018397036680346906, 0.6204001547550786]
1573532345772146688	[0.7772201028422729, -0.008427354048900274, 0.6380886267211572, 0.8060726489481181, 0.2513688090354395]	[0.2072453918375558, 0.006004938752156582, 0.16292808583437582, 0.014660406473915486, 0.14048878558482006]
1461358161453928448	[1.6357175222276263, 0.0036280105561222174, 1.4863719166959164, 0.7985923850512024, 0.34780592535979765]	[0.6100448999100657, 0.006749399741227182, 0.5469525439372903, 0.018603042587279763, 0.2223241093057708]
1534104823527661696	[0.9101855893566356, -0.00016207009577186396, 0.7971490563501472, 0.812897816273759, 0.18736473354429897]	[0.23254643545205395, 0.00462788839413228, 0.20505982744508386, 0.006808949097930048, 0.08370517095333933]
1212271430257147904	[0.7301147658435523, -0.001257773230164138, 0.6741483270951735, 0.8167702395883196, 0.06633812323144168]	[0.09150645894488818, 0.005326875439852725, 0.10462088984229585, 0.0011631389172622022, 0.0029829016554888533]
941038685818060800	[1.3824337373431395, -0.0013613842160870662, 1.1921552385295837, 0.8051187373078701, 0.45092762242744]	[0.48480790641426896, 0.005826044526039309, 0.4544673756789194, 0.011327593942352578, 0.3378918903198864]
285050738	[0.8607190467272829, 0.004503221623049666, 0.4663928970017686, 0.778455124758766, 1.1817287394457996]	[0.2774059031889248, 0.004930440592878631, 0.34442889354974054, 0.021880331363051495, 0.7217932670798834]
1563911121681137669	[0.21067544064533578, -0.0006524649114461034, 0.17889516820721593, 0.9128303574756772, 1.9482460942735016]	[0.21067544064533583, 0.0006524649114461032, 0.1788951682072158, 0.08716964252432252, 1.8850872390598319]
1406907752065110016	[0.5226062460568665, -0.0006648420184078871, 0.4647009285557896, 0.7870388525651076, 1.0714989913623127]	[0.40826395893884665, 0.0023780701202936183, 0.3654968041036289, 0.04821566103415775, 1.3148070159115257]
1567761967015772161	[1.3108248753317273, 0.0063853015704671565, 0.9429479053869954, 0.7753520801163001, 0.9210478766444469]	[0.5010629273719378, 0.007866007394797684, 0.5105517081244797, 0.019455761583591254, 0.5952969187325652]
1585801883985317889	[0.9758592454764856, 0.0025156465260191612, 0.778315131170252, 0.7960818913013787, 0.36585090935117986]	[0.1984299039171244, 0.010245983705140503, 0.17813330742669348, 0.015926975095392433, 0.1867091915247785]
938384349342429184	[1.4251903590105532, 0.005567867039853964, 1.1486978182252456, 0.7852098055015531, 0.7424272266083717]	[0.4097342983216175, 0.010468270842834797, 0.31886197523913223, 0.020346606459361843, 0.441210493796085]
1425454693275168775	[0.7944661815616106, 0.0005388428174418915, -0.4151227600719617, 0.7339106338744826, 14.595514340060733]	[0.6112899842845013, 0.0032416048866639622, 1.4226785093804963, 0.07097645673197168, 15.689300584783492]
1513648688417193984	[0.9817375169882959, -0.000962831948705118, 0.8463502408824088, 0.8118540231741602, 0.25706178041345523]	[0.34320724866503655, 0.0037010591949431008, 0.28137968826139315, 0.01493319631108128, 0.19969852497856289]
1576130850844184576	[1.2576565626782632, 0.0002559369220400253, 0.9639335933295113, 0.7858291021442981, 0.7136955492662539]	[0.19990926531213435, 0.0014849825862240289, 0.17046447550746632, 0.02373702607715158, 0.319260251091051]
1541974408058773504	[0.8349907657878638, -0.0029570248451393525, 0.7508701143835654, 0.817743529929776, 0.14470636641927823]	[0.11587988455989043, 0.0020265365966882962, 0.08845582235523546, 0.005748954757360425, 0.07911821603882493]
1573696002644664322	[1.1394375910517864, 0.0020588599417268633, 0.8945126038645035, 0.7948832463886417, 0.5188744197010463]	[0.22943829522533088, 0.0017946442960108098, 0.2066824986884895, 0.020563478969857402, 0.2635734783908679]
1577959393940881408	[0.42135088129067155, -0.0013049298228922069, 0.35779033641443186, 0.8256607149513544, 0.06315885521367083]	[2.220446049250313e-16, 0.0, 5.551115123125783e-17, 5.551115123125783e-16, 0.0]
1526108537293680640	[1.006546621557326, -0.0019963053132429336, 0.7270371557378079, 0.7967549539588743, 1.4479131756341304]	[0.5832029583331438, 0.00465147525818105, 0.6962051218952034, 0.019940042682747596, 2.057688915884563]
1219459547124858888	[1.1062590930377536, 0.0016878180834657118, 0.8511141700795432, 0.7982663825943311, 0.6089086285299506]	[0.2998806312424448, 0.0012893897207154285, 0.2087480037890505, 0.015225131487686144, 0.2790885117138973]
4405807395	[1.1185861335034726, -0.007319221877269575, 1.0333272669832347, 0.8137923949062793, 0.15574604429739958]	[0.33564008895550035, 0.00298597567796686, 0.2987760409747539, 0.0036493832490263616, 0.09113010013972049]
1424640593938944005	[1.2727439767840871, -0.0010690670638989067, 0.9320349280568204, 0.7815835878596924, 0.9921015361346133]	[0.31521939923740083, 0.0042921777575848676, 0.26195043918377486, 0.02855477286310349, 0.8667658198128325]
1348724621034483712	[0.6630980352072157, -0.0004399115918334513, 0.6104358190504681, 0.8270028726460262, 0.05841857249148862]	[1.1102230246251565e-16, 1.0842021724855044e-19, 1.1102230246251565e-16, 1.1102230246251565e-16, 1.3877787807814457e-17]
1597126178804039682	[0.7179019170766833, 0.002993700163166036, 0.6687707135021599, 0.8309245197345325, 0.06480130835019143]	[0.12652776012136582, 0.0007648384749768136, 0.12959008368801808, 0.0015318687614602202, 0.003739978532228928]
1304838924188123136	[0.8718021936534373, -0.0031993864410983356, 0.7885448179598934, 0.8143266102173548, 0.1486455376394149]	[0.08885614910546462, 0.0011338597582043776, 0.053993591951412186, 0.0031151679379510244, 0.08402959348173585]
1535843539778564096	[0.42135088129067155, -0.0013049298228922069, 0.35779033641443186, 0.8256607149513544, 0.06315885521367083]	[2.220446049250313e-16, 0.0, 5.551115123125783e-17, 5.551115123125783e-16, 0.0]
1307008631771148288	[1.3782895426564628, 0.004473781943824066, 0.9652082725797078, 0.7753106417760341, 1.2435990520885278]	[0.4271541796711769, 0.007490520612770424, 0.3942899880817509, 0.020996100658560453, 0.9531314832611268]
786189623944843264	[0.7536683828626195, -0.0029134977634208093, 0.6579837624683599, 0.8168413747932588, 0.16222521023297456]	[0.15260479052917844, 0.0017115430392720156, 0.12544729355326423, 0.007951501087897606, 0.10109137300786977]
1381436262633111552	[0.9356470752962691, -5.0713727561876855e-05, 0.8074095894644383, 0.8098299196507613, 0.25077075186464876]	[0.27598818621852406, 0.0026881445640372604, 0.2235380549738552, 0.01660885341848619, 0.1661432854120019]
1103457912335331328	[1.0632579779805849, 0.0027462220436120085, 0.8704132732419069, 0.8067872947801003, 0.4029162505184045]	[0.21935841691828295, 0.0036199059606873583, 0.2448707535818551, 0.009019919123046385, 0.23623675949014006]
1541974408058773512	[1.0159238814678409, -0.004384423014983682, 0.9239413564550112, 0.815046691667062, 0.15460254619602834]	[0.34569646710012486, 0.005807444702275434, 0.3219427729022803, 0.007827331083836694, 0.0891033386514988]
1241224210107658240	[0.8345350395160852, -0.0018832256026957562, 0.04978505106721607, 0.7073187637672044, 5.103784909190139]	[0.29764699435559255, 0.0036262273880946546, 0.6796630579551521, 0.08676472189252536, 4.900792942130812]
1265631236028084224	[0.703047371654135, -0.0017376897943232055, 0.6518076213698054, 0.8238158411491195, 0.060484363046885405]	[0.0564968934110387, 0.0018353355349131873, 0.058508563939826064, 0.004507143166635931, 0.0029214690204644074]
1573022912000319488	[1.102870372410431, 0.0010745005456933904, 0.9081906930019725, 0.8040333000854779, 0.5223109735267075]	[0.17575040493142716, 0.002347265086066562, 0.11194331083549716, 0.012093612310945545, 0.36557743137177734]
1476984898477260800	[1.1607792142760416, -0.004913935388952636, 0.9621558451620035, 0.8029667661105452, 0.46431689916045454]	[0.29013231494095665, 0.0040400315570382605, 0.22431879197676197, 0.014608831949199324, 0.3185881370477541]
1603172736351670272	[1.1245139796432446, 0.0021527195770263325, 0.992086175080777, 0.807621080343649, 0.2507949830041077]	[0.23345869997681568, 0.004486519176802181, 0.19075396165520597, 0.008422047252049036, 0.12191560908408804]
1562198318276431876	[0.7875044765061434, 0.0012172883161567008, 0.700214444537312, 0.819245229875215, 0.15151335255675072]	[0.1731538662527582, 0.0032828149990506575, 0.14232396537399364, 0.008033787595811135, 0.08116177856440004]
1604350270472916993	[0.8832647073437653, 0.0010027739854648575, 0.8085414888035054, 0.8185573915252103, 0.11201654638031526]	[0.3113626937180592, 0.002040265509655326, 0.2801637249477507, 0.011943713941824073, 0.07579898158929765]
1176972315537694720	[0.8938542017044693, -0.005733749803339044, 0.7533060213521667, 0.809891784840133, 0.28553111982869306]	[0.11342777402947513, 0.002405035174020617, 0.09025178677929609, 0.004634551806039339, 0.07468491928418225]
1308151079222345728	[0.9123508860249385, 0.004925695126341271, 0.6546040012807521, 0.7898645601744975, 0.6011414727567884]	[0.08722436162198186, 0.005824379012175228, 0.16142420664049434, 0.021767779686749797, 0.37917020962622916]
1360507235936456704	[1.0562530003098187, -0.0021601392490031473, 0.8784135063261307, 0.7961855110977022, 0.4015344982683972]	[0.3555835204689798, 0.005285625373322865, 0.376606418848174, 0.02654449559261166, 0.33425641976094045]
1559593258086305792	[1.2155773407736528, 0.0016414195768005512, 0.6262315889350427, 0.769059023866156, 3.5885641508059076]	[0.609762952123818, 0.005619167721796805, 0.8674454240057015, 0.038885587854430484, 3.848891845968749]
1518068230341881856	[0.6630980352072157, -0.0004399115918334513, 0.6104358190504681, 0.8270028726460262, 0.05841857249148862]	[1.1102230246251565e-16, 1.0842021724855044e-19, 1.1102230246251565e-16, 1.1102230246251565e-16, 1.3877787807814457e-17]
