108477485	[-0.00044341158983301853, 9.463696846120677e-09, -0.00044343481279685606, 0.28855817571778114, 0.010832075675303615]	[0.0004840976754335475, 2.2956919964253185e-09, 0.0004841441213612226, 0.015856978932024177, 0.015938263533096932]
1174892267854684160	[-0.00016066063472201727, 2.0712710261333244e-08, -0.00016062113203158798, 0.25653734850364485, 0.013621560878810729]	[8.140423478845496e-05, 2.0202334833999812e-08, 8.148324016931356e-05, 0.04818467549624842, 0.02151723394011116]
1028846365693095936	[-0.0029248910148888486, 6.467488073909401e-10, -0.002925827312994989, 0.2060626409503868, 0.08312807047570184]	[0.0036969828034896382, 5.081798895249434e-09, 0.0036984453100963946, 0.04602000263663026, 0.12822611550426127]
107737145	[-0.00020136275211624473, 1.0611542844333335e-08, -0.00020136275211624473, 0.28062968625176904, 0.002862943908755148]	[2.710505431213761e-20, 0.0, 2.710505431213761e-20, 0.0, 0.0]
1178034563332874241	[-8.036822014667808e-05, 2.732011830566e-09, -8.038825899992062e-05, 0.15348894252259054, 0.10589045701420177]	[9.879167029787868e-05, 7.001280029312506e-09, 9.87753214385548e-05, 0.10983333991512555, 0.08956014863212908]
104402081	[-0.0001215015079432969, 6.366925706600001e-09, -0.00012116313890067002, 0.17180976441378334, 0.38838443301191977]	[9.780964922376935e-05, 5.198573070459746e-09, 9.822406497336424e-05, 0.1332766411763066, 0.4721654665903492]
115795114	[-0.00020633820345993407, 9.440410834150305e-09, -0.00020633547687934017, 0.27618225809525343, 0.05811927869709625]	[0.0002299992890762215, 3.630273869668795e-09, 0.00023015851466482248, 0.09191204291768558, 0.06567188180526688]
101816065	[-0.0004289369635855166, 6.366925706600001e-09, -0.0004289245932055768, 0.27766357820341386, 0.03874451697682904]	[0.0005605728711791259, 5.198573070459746e-09, 0.0005609952531132334, 0.05722907013692451, 0.06309038516027703]
1392190009	[-0.00020136275211624473, 1.0611542844333335e-08, -0.00020136275211624473, 0.28062968625176904, 0.002862943908755148]	[2.710505431213761e-20, 0.0, 2.710505431213761e-20, 0.0, 0.0]
1191387079575527425	[-0.0001609766070221349, 3.5053912725695606e-08, -0.00016098503590718978, 0.39743607982848295, 0.3507752036118526]	[8.077229018821969e-05, 4.888473976272454e-08, 8.075543241810998e-05, 0.23361278715342773, 0.6958245194061949]
1114006837475594240	[-0.00012048592372524737, 5.987482951267627e-09, -0.0001204642364900573, 0.23654438549469034, 0.028819237582728814]	[9.90535983624528e-05, 5.682788316583913e-09, 9.908007985659854e-05, 0.05478854208256727, 0.03660431171175722]
1164149377532907520	[-0.00020136275211624473, 1.0611542844333335e-08, -0.00020136275211624473, 0.28062968625176904, 0.002862943908755148]	[2.710505431213761e-20, 0.0, 2.710505431213761e-20, 0.0, 0.0]
1032854767565975553	[-0.00016067951859466916, 8.157995203895837e-09, -0.00016071311679577267, 0.2532417395566994, 0.014530270790323211]	[8.136646704315123e-05, 4.907095280874996e-09, 8.129927064094418e-05, 0.05477589339013931, 0.023334653763136128]
1099806972331859973	[-7.991670654286687e-05, 4.603980727488703e-09, -7.99538057726359e-05, 0.16087087439697167, 0.17787395040877976]	[9.916074891758457e-05, 4.948839159234286e-09, 9.913043775869015e-05, 0.09972176649428988, 0.17433942509523365]
1074823451825897473	[-0.00020136275211624473, 1.0611542844333335e-08, -0.00020136275211624473, 0.28062968625176904, 0.002862943908755148]	[2.710505431213761e-20, 0.0, 2.710505431213761e-20, 0.0, 0.0]
116977325	[-0.000597445636914465, 3.123185583716434e-09, -0.0005975647037364427, 0.2955852692620472, 0.015200226259687982]	[0.0004315641003775072, 7.208229706175657e-09, 0.00043166638642449135, 0.01234461251053689, 0.014755581467304822]
1090299569877995522	[-0.00020136275211624473, 1.0611542844333335e-08, -0.00020136275211624473, 0.28062968625176904, 0.002862943908755148]	[2.710505431213761e-20, 0.0, 2.710505431213761e-20, 0.0, 0.0]
1103939416362348544	[-0.00012074814225712495, 6.366925706600001e-09, -0.00012079867491360049, 0.20342303211249088, 0.10257826178201972]	[9.873255884282502e-05, 5.198573070459746e-09, 9.867064816296632e-05, 0.09839295769280738, 0.15042990656242167]
1143627713615474688	[-0.0009763019866362253, 1.0898383781811264e-08, -0.0009761848860506967, 0.28800938598480236, 0.03463390290658215]	[0.0014491614676664987, 4.978009533319108e-09, 0.0014489131993379507, 0.011028412766179505, 0.06134143881762675]
105228862	[-0.00020136275211624473, 1.0611542844333335e-08, -0.00020136275211624473, 0.28062968625176904, 0.002862943908755148]	[2.710505431213761e-20, 0.0, 2.710505431213761e-20, 0.0, 0.0]
117415288	[-0.00020136275211624473, 1.0611542844333335e-08, -0.00020136275211624473, 0.28062968625176904, 0.002862943908755148]	[2.710505431213761e-20, 0.0, 2.710505431213761e-20, 0.0, 0.0]
941538966871912448	[-0.00020136275211624473, 1.0611542844333335e-08, -0.00020136275211624473, 0.28062968625176904, 0.002862943908755148]	[2.710505431213761e-20, 0.0, 2.710505431213761e-20, 0.0, 0.0]
269062860	[-0.000341229546414548, 8.931180895735198e-09, -0.00034130931082787443, 0.28441882585088596, 0.006418923282335602]	[0.0002797335885966065, 3.3607238971962737e-09, 0.00027989311742325935, 0.00757827919823384, 0.007111958747160907]
1142395454069641217	[-0.00020136275211624473, 1.0611542844333335e-08, -0.00020136275211624473, 0.28062968625176904, 0.002862943908755148]	[2.710505431213761e-20, 0.0, 2.710505431213761e-20, 0.0, 0.0]
1132452978538024961	[-0.00020136275211624473, 1.0611542844333335e-08, -0.00020136275211624473, 0.28062968625176904, 0.002862943908755148]	[2.710505431213761e-20, 0.0, 2.710505431213761e-20, 0.0, 0.0]
1087380412089987077	[-0.0006281466250694891, 5.504609318490351e-09, -0.0006281411602886991, 0.29660737746042276, 0.014537948989767435]	[0.0005520412387487979, 6.333937406053949e-09, 0.0005520156093079847, 0.03636632414084227, 0.015458689879626685]
1074136440265527296	[-0.00016092829883855196, 8.489234275466668e-09, -0.00016080016057343056, 0.2516261852972511, 0.02016095299760199]	[8.08689065553856e-05, 4.244617137733334e-09, 8.112518308562841e-05, 0.05800700190903577, 0.034596018177693685]
106248996	[-0.00020136275211624473, 1.0611542844333335e-08, -0.00020136275211624473, 0.28062968625176904, 0.002862943908755148]	[2.710505431213761e-20, 0.0, 2.710505431213761e-20, 0.0, 0.0]
118854389	[-0.00020136275211624473, 1.0611542844333335e-08, -0.00020136275211624473, 0.28062968625176904, 0.002862943908755148]	[2.710505431213761e-20, 0.0, 2.710505431213761e-20, 0.0, 0.0]
117500071	[-0.00020136275211624473, 1.0611542844333335e-08, -0.00020136275211624473, 0.28062968625176904, 0.002862943908755148]	[2.710505431213761e-20, 0.0, 2.710505431213761e-20, 0.0, 0.0]
109140767	[-0.00020136275211624473, 1.0611542844333335e-08, -0.00020136275211624473, 0.28062968625176904, 0.002862943908755148]	[2.710505431213761e-20, 0.0, 2.710505431213761e-20, 0.0, 0.0]
113816520	[-0.00020136275211624473, 1.0611542844333335e-08, -0.00020136275211624473, 0.28062968625176904, 0.002862943908755148]	[2.710505431213761e-20, 0.0, 2.710505431213761e-20, 0.0, 0.0]
1136056154	[-0.0015933359411969938, 2.0815665408481904e-09, -0.0015933585526013167, 0.30966437447644884, 0.05160381394786458]	[0.001122489886447457, 5.347391543774888e-09, 0.0011225600290207137, 0.023139290450677426, 0.041807345034114235]
1040025234643083264	[-0.00020136275211624473, 1.0611542844333335e-08, -0.00020136275211624473, 0.28062968625176904, 0.002862943908755148]	[2.710505431213761e-20, 0.0, 2.710505431213761e-20, 0.0, 0.0]
1079577751	[-0.00020136275211624473, 1.0611542844333335e-08, -0.00020136275211624473, 0.28062968625176904, 0.002862943908755148]	[2.710505431213761e-20, 0.0, 2.710505431213761e-20, 0.0, 0.0]
15940950	[-0.00020136275211624473, 1.0611542844333335e-08, -0.00020136275211624473, 0.28062968625176904, 0.002862943908755148]	[2.710505431213761e-20, 0.0, 2.710505431213761e-20, 0.0, 0.0]
1049338865306259458	[-0.00019033527963537722, 5.161818238950571e-09, -0.00019029832685432538, 0.3018960016496044, 0.04318386406682475]	[0.00020203185668784206, 4.528227393864149e-09, 0.00020217579093989414, 0.0712912519170313, 0.056321795096559754]
1137809440432898050	[-0.0003597837074092743, 6.2200986638493084e-09, -0.0003597763754702837, 0.30586140903572123, 0.019592260866870714]	[0.0004265058239936513, 5.413882140806158e-09, 0.0004265293082560802, 0.06745624116835902, 0.02410276367825042]
455869077	[-0.00020136275211624473, 1.0611542844333335e-08, -0.00020136275211624473, 0.28062968625176904, 0.002862943908755148]	[2.710505431213761e-20, 0.0, 2.710505431213761e-20, 0.0, 0.0]
1021278260057915393	[-0.00016106103585544247, 8.489234275466668e-09, -0.00016079778653587464, 0.25695657919009446, 0.06744187027851926]	[8.060343252160458e-05, 4.244617137733334e-09, 8.112993116074027e-05, 0.04734621412334913, 0.12915785273952823]
1069337526	[-0.00020136275211624473, 1.0611542844333335e-08, -0.00020136275211624473, 0.28062968625176904, 0.002862943908755148]	[2.710505431213761e-20, 0.0, 2.710505431213761e-20, 0.0, 0.0]
3159888878	[-0.00020136275211624473, 1.0611542844333335e-08, -0.00020136275211624473, 0.28062968625176904, 0.002862943908755148]	[2.710505431213761e-20, 0.0, 2.710505431213761e-20, 0.0, 0.0]
1120387322640510976	[-0.00020136275211624473, 1.0611542844333335e-08, -0.00020136275211624473, 0.28062968625176904, 0.002862943908755148]	[2.710505431213761e-20, 0.0, 2.710505431213761e-20, 0.0, 0.0]
102128701	[-0.00020136275211624473, 1.0611542844333335e-08, -0.00020136275211624473, 0.28062968625176904, 0.002862943908755148]	[2.710505431213761e-20, 0.0, 2.710505431213761e-20, 0.0, 0.0]
114329378	[-0.00020136275211624473, 1.0611542844333335e-08, -0.00020136275211624473, 0.28062968625176904, 0.002862943908755148]	[2.710505431213761e-20, 0.0, 2.710505431213761e-20, 0.0, 0.0]
1066128286194049025	[-0.00022893104167236118, 4.30019766264617e-09, -0.00022904851009095573, 0.331423147522851, 0.02425014439681682]	[0.0002726068865918624, 5.160166085925106e-09, 0.0002725509703321479, 0.061875154069484406, 0.021855443440487406]
1057138454679699456	[-0.00020136275211624473, 1.0611542844333335e-08, -0.00020136275211624473, 0.28062968625176904, 0.002862943908755148]	[2.710505431213761e-20, 0.0, 2.710505431213761e-20, 0.0, 0.0]
1006919818933690368	[-0.0001606937860128487, 8.489234275466668e-09, -0.00016072561376493977, 0.2704807604956681, 0.176203398605265]	[8.133793220679212e-05, 4.244617137733334e-09, 8.127427670260998e-05, 0.02029785151220187, 0.34668090939301965]
1146555642	[9.606740762150375e-07, 0.0, 5.398504331414454e-07, 0.008721188929429562, 0.8909090909090909]	[0.0, 0.0, 0.0, 0.0, 0.0]
1131573813735546880	[-0.0017635914980330205, 5.906405222629011e-09, -0.001763878820091423, 0.2983055781100868, 0.07116826572615993]	[0.0018489331699141718, 3.988158345623068e-09, 0.0018492833740371794, 0.024903939381915603, 0.08520311018926496]
1092566360771739654	[-0.00024805729850387265, 2.602404523285991e-09, -0.00024853628384303755, 0.15759655752252846, 0.23487899325644213]	[0.00041212717528504194, 4.111072807899907e-09, 0.0004118012792424317, 0.114711725655111, 0.2398451884432663]
844932007075500034	[-0.00020136275211624473, 1.0611542844333335e-08, -0.00020136275211624473, 0.28062968625176904, 0.002862943908755148]	[2.710505431213761e-20, 0.0, 2.710505431213761e-20, 0.0, 0.0]
104262985	[-0.00020136275211624473, 1.0611542844333335e-08, -0.00020136275211624473, 0.28062968625176904, 0.002862943908755148]	[2.710505431213761e-20, 0.0, 2.710505431213761e-20, 0.0, 0.0]
111809335	[-0.00020136275211624473, 1.0611542844333335e-08, -0.00020136275211624473, 0.28062968625176904, 0.002862943908755148]	[2.710505431213761e-20, 0.0, 2.710505431213761e-20, 0.0, 0.0]
10630	[-0.00034049655503254914, 3.992547796150252e-09, -0.0003405954318466615, 0.26361487211302437, 0.004647993484648986]	[0.0002782676058326088, 1.3237990096366165e-08, 0.0002784653594608335, 0.03402962827748936, 0.0035700991517876772]
100673942	[-0.00016097230876320798, 8.928926197049708e-09, -0.0001609858950681879, 0.25040940937877376, 0.04074973888050552]	[8.078088670607353e-05, 3.3652332945672533e-09, 8.07537140961137e-05, 0.06044055374599063, 0.07577358994350075]
107574989	[-0.0019058220313189773, -3.794670673619488e-09, -0.0019067874431973643, 0.2751449341782252, 0.04523425069016819]	[0.0029333604855242487, 2.1981754900479663e-08, 0.002935311454800355, 0.04497884586489844, 0.07132906773027498]
1099804993127960576	[-0.00020136275211624473, 1.0611542844333335e-08, -0.00020136275211624473, 0.28062968625176904, 0.002862943908755148]	[2.710505431213761e-20, 0.0, 2.710505431213761e-20, 0.0, 0.0]
2260499999	[-0.00020136275211624473, 1.0611542844333335e-08, -0.00020136275211624473, 0.28062968625176904, 0.002862943908755148]	[2.710505431213761e-20, 0.0, 2.710505431213761e-20, 0.0, 0.0]
1011800462	[-0.0010593368555532686, 1.0309849523729652e-08, -0.0010595424509662037, 0.29858109252660325, 0.03879409981933912]	[0.0010548307785589516, 3.705402929243004e-10, 0.0010550897060164382, 0.024560035360735956, 0.04418905667851666]
1086312120088711168	[-8.155586015974064e-05, 4.244617137733334e-09, -8.174791692448143e-05, 0.12688602084217104, 1.0011451775635023]	[9.782191765406311e-05, 5.198573070459746e-09, 9.766510396230818e-05, 0.12553117714623307, 0.8150940305799943]
1072650654718545922	[-3.99086112418566e-05, -9.497603709548637e-09, -4.0340490864560916e-05, 0.10824654376929861, 0.4048838722988329]	[8.072707603710125e-05, 2.4646060514291645e-08, 8.051259768197835e-05, 0.08992552138618574, 0.2206531704658825]
101098968	[-0.00020136275211624473, 1.0611542844333335e-08, -0.00020136275211624473, 0.28062968625176904, 0.002862943908755148]	[2.710505431213761e-20, 0.0, 2.710505431213761e-20, 0.0, 0.0]
1072595037391859712	[-0.0001197881943989089, 4.739616268986917e-09, -0.00012017639897729164, 0.2157010883024296, 0.08690440910765343]	[9.99097635924964e-05, 7.661058063857854e-09, 9.943749284165205e-05, 0.08320159086012925, 0.1264134209214907]
1186126056	[-0.00020136275211624473, 1.0611542844333335e-08, -0.00020136275211624473, 0.28062968625176904, 0.002862943908755148]	[2.710505431213761e-20, 0.0, 2.710505431213761e-20, 0.0, 0.0]
1050945104	[-0.0016901565438258459, 7.706071670512855e-09, -0.0016905592807850756, 0.29779934814291165, 0.0615202333190927]	[0.0016598803988092212, 2.5162210564397724e-09, 0.0016603839976946939, 0.014980925694600465, 0.06930094626392697]
1105535994	[-0.00020136275211624473, 1.0611542844333335e-08, -0.00020136275211624473, 0.28062968625176904, 0.002862943908755148]	[2.710505431213761e-20, 0.0, 2.710505431213761e-20, 0.0, 0.0]
26876056	[-0.00016070475514531595, 1.0387079390759158e-08, -0.00016080789680406277, 0.2609564619120208, 0.009760501080122209]	[8.131599394185763e-05, 4.4892690714835363e-10, 8.1109710624364e-05, 0.03934644867949642, 0.013795114342734118]
1189960471014789120	[-0.00029165652576759407, 7.90937741485434e-09, -0.00029170858121315747, 0.28589092587586495, 0.004977891941390315]	[0.00018058754730269864, 5.404330858957991e-09, 0.00018069165819382547, 0.010522479248191807, 0.004229896065270333]
386573370	[-0.00020136275211624473, 1.0611542844333335e-08, -0.00020136275211624473, 0.28062968625176904, 0.002862943908755148]	[2.710505431213761e-20, 0.0, 2.710505431213761e-20, 0.0, 0.0]
104185233	[-0.00020136275211624473, 1.0611542844333335e-08, -0.00020136275211624473, 0.28062968625176904, 0.002862943908755148]	[2.710505431213761e-20, 0.0, 2.710505431213761e-20, 0.0, 0.0]
1064240933783461889	[-0.0011802399043459144, 8.27724722821004e-09, -0.0011805924320235025, 0.288796960095753, 0.04014514109913644]	[0.0012709364707226467, 2.932557325703437e-09, 0.001271365753812528, 0.01782292116243786, 0.049951866185051624]
1000617635191644160	[-0.00020136275211624473, 1.0611542844333335e-08, -0.00020136275211624473, 0.28062968625176904, 0.002862943908755148]	[2.710505431213761e-20, 0.0, 2.710505431213761e-20, 0.0, 0.0]
1082454963924680704	[-0.0017494711542288834, 9.445479357367532e-09, -0.0017496599830742186, 0.2856661590144207, 0.07341031704034588]	[0.0019370091513358119, 4.696469174372021e-09, 0.0019372798398242924, 0.016900145261249336, 0.0933420762800144]
1099134757	[-0.00020136275211624473, 1.0611542844333335e-08, -0.00020136275211624473, 0.28062968625176904, 0.002862943908755148]	[2.710505431213761e-20, 0.0, 2.710505431213761e-20, 0.0, 0.0]
21833728	[-0.0004045349099656131, 9.191524661609656e-09, -0.00040462091040666706, 0.28969322478333603, 0.00861854499203014]	[0.0003497363293780502, 5.387526071170279e-09, 0.00034988071086008337, 0.011215715290543068, 0.010331052388777085]
119300881	[-0.00020136275211624473, 1.0611542844333335e-08, -0.00020136275211624473, 0.28062968625176904, 0.002862943908755148]	[2.710505431213761e-20, 0.0, 2.710505431213761e-20, 0.0, 0.0]
1170869529079177216	[-0.00012048073687875, 7.175761965332981e-09, -0.00012073146202419697, 0.22682591448744752, 0.06669719125460463]	[9.905990730832781e-05, 4.264295376316038e-09, 9.875309864985584e-05, 0.0669981953464705, 0.10157075576076635]
1151249636494958592	[-0.00020136275211624473, 1.0611542844333335e-08, -0.00020136275211624473, 0.28062968625176904, 0.002862943908755148]	[2.710505431213761e-20, 0.0, 2.710505431213761e-20, 0.0, 0.0]
1192480612424269834	[-3.82905739168178e-05, -3.649893398385726e-09, -3.820125525472286e-05, 0.16443614287544112, 0.14587590752024965]	[8.155170535053104e-05, 9.674429441928749e-09, 8.159658462166715e-05, 0.11484191519043957, 0.10295888242020836]
1075150428583555072	[-0.00020136275211624473, 1.0611542844333335e-08, -0.00020136275211624473, 0.28062968625176904, 0.002862943908755148]	[2.710505431213761e-20, 0.0, 2.710505431213761e-20, 0.0, 0.0]
117212185	[-0.00020136275211624473, 1.0611542844333335e-08, -0.00020136275211624473, 0.28062968625176904, 0.002862943908755148]	[2.710505431213761e-20, 0.0, 2.710505431213761e-20, 0.0, 0.0]
118541344	[-0.00016059164071934904, 1.2092362317448642e-08, -0.00016078000615782432, 0.2748114413091075, 0.019918387472017594]	[8.154222279379143e-05, 2.9616389462306126e-09, 8.116549191684087e-05, 0.011636489885322999, 0.034110887126524894]
1009577803304656896	[-0.0002674156380568908, 6.559987229615562e-09, -0.00026751547869298766, 0.3127902371838963, 0.011191255089560013]	[0.0002458408014718818, 4.992472876771497e-09, 0.00024578480434688335, 0.06613419621175104, 0.0118738386221518]
3301158974	[-0.00020136275211624473, 1.0611542844333335e-08, -0.00020136275211624473, 0.28062968625176904, 0.002862943908755148]	[2.710505431213761e-20, 0.0, 2.710505431213761e-20, 0.0, 0.0]
109455789	[-0.00020136275211624473, 1.0611542844333335e-08, -0.00020136275211624473, 0.28062968625176904, 0.002862943908755148]	[2.710505431213761e-20, 0.0, 2.710505431213761e-20, 0.0, 0.0]
1174346666239025153	[-0.00020136275211624473, 1.0611542844333335e-08, -0.00020136275211624473, 0.28062968625176904, 0.002862943908755148]	[2.710505431213761e-20, 0.0, 2.710505431213761e-20, 0.0, 0.0]
162289496	[-0.00020136275211624473, 1.0611542844333335e-08, -0.00020136275211624473, 0.28062968625176904, 0.002862943908755148]	[2.710505431213761e-20, 0.0, 2.710505431213761e-20, 0.0, 0.0]
112047805	[-0.00020136275211624473, 1.0611542844333335e-08, -0.00020136275211624473, 0.28062968625176904, 0.002862943908755148]	[2.710505431213761e-20, 0.0, 2.710505431213761e-20, 0.0, 0.0]
599669489	[-0.00020136275211624473, 1.0611542844333335e-08, -0.00020136275211624473, 0.28062968625176904, 0.002862943908755148]	[2.710505431213761e-20, 0.0, 2.710505431213761e-20, 0.0, 0.0]
1122533006	[-0.00020136275211624473, 1.0611542844333335e-08, -0.00020136275211624473, 0.28062968625176904, 0.002862943908755148]	[2.710505431213761e-20, 0.0, 2.710505431213761e-20, 0.0, 0.0]
1029799291630641152	[-0.00016097591944812516, 8.90521999014497e-09, -0.00016105264550560208, 0.30453603696219134, 0.0089188897677212]	[8.077366533623918e-05, 3.4126457083767308e-09, 8.062021322128537e-05, 0.047812701420844594, 0.012111891717932102]
113168742	[-0.00044378561854853594, 9.375304664189635e-09, -0.0004439040574810914, 0.28591583918580554, 0.011016490168928634]	[0.0004848457328645824, 2.4724763602874006e-09, 0.00048508261072969334, 0.010572305868072961, 0.016307092520346973]
1064330857320800256	[-0.0006099877887027362, 6.336158196422419e-09, -0.000610146293745549, 0.2919991750530249, 0.016304983668898314]	[0.0006859194425836551, 5.2391127827210575e-09, 0.0006862052598052731, 0.018980807591223506, 0.023728808966203847]
1086450818558185472	[-0.00039688208102306324, 9.538036454477841e-09, -0.000396920239759311, 0.2805051534253506, 0.008597177962617192]	[0.00039103865781363686, 2.1470127797109856e-09, 0.0003911149752861325, 0.0002490656528368218, 0.011468468107724086]
1031026429784457216	[-0.00020136275211624473, 1.0611542844333335e-08, -0.00020136275211624473, 0.28062968625176904, 0.002862943908755148]	[2.710505431213761e-20, 0.0, 2.710505431213761e-20, 0.0, 0.0]
1142864340	[-0.00020136275211624473, 1.0611542844333335e-08, -0.00020136275211624473, 0.28062968625176904, 0.002862943908755148]	[2.710505431213761e-20, 0.0, 2.710505431213761e-20, 0.0, 0.0]
1198788918658961408	[-0.00020136275211624473, 1.0611542844333335e-08, -0.00020136275211624473, 0.28062968625176904, 0.002862943908755148]	[2.710505431213761e-20, 0.0, 2.710505431213761e-20, 0.0, 0.0]
113503286	[-7.87047313781456e-05, 4.413681803888237e-09, -7.88870191824356e-05, 0.14426978202482857, 0.5484211632265845]	[0.00010015931521736862, 5.069937263476248e-09, 0.0001000056406663031, 0.1140722792493176, 0.5921886450501748]
1088145168375660547	[-0.00020136275211624473, 1.0611542844333335e-08, -0.00020136275211624473, 0.28062968625176904, 0.002862943908755148]	[2.710505431213761e-20, 0.0, 2.710505431213761e-20, 0.0, 0.0]
