108477485	[0.00580772156879164, 0.005254341358257154, 0.9598328793959616, 0.28855817571778114, 0.010832075675303615]	[0.0004288789228839539, 2.090785829533745e-05, 0.03721852024000678, 0.015856978932024177, 0.015938263533096932]
1174892267854684160	[0.007695629142297172, 0.007334894084258137, 0.9421645572662799, 0.25653734850364485, 0.013621560878810729]	[0.0042046940698950205, 0.004140197593706629, 0.07255516449937019, 0.04818467549624842, 0.02151723394011116]
1028846365693095936	[0.013575418748056577, 0.012700878585074269, 0.8501575655147213, 0.2060626409503868, 0.08312807047570184]	[0.005682193316966909, 0.005157829776569586, 0.08844254498049584, 0.04602000263663026, 0.12822611550426127]
107737145	[0.005593282107349663, 0.005264795287404822, 0.978442139515965, 0.28062968625176904, 0.002862943908755148]	[0.0, 0.0, 0.0, 0.0, 0.0]
1178034563332874241	[0.006127445129776118, 0.005972416064167768, 0.8661970805750983, 0.15348894252259054, 0.10589045701420177]	[0.0009705053447286288, 0.001058882283872972, 0.09709120177787585, 0.10983333991512555, 0.08956014863212908]
104402081	[-0.021710322672900288, -0.02190893979175908, 0.9679067486067405, 0.17180976441378334, 0.38838443301191977]	[0.033439949925114, 0.033280892674759706, 0.012903165984178339, 0.1332766411763066, 0.4721654665903492]
115795114	[0.004062747525816557, 0.003793297364737022, 0.924975218487081, 0.27618225809525343, 0.05811927869709625]	[0.0017289516246261935, 0.0016243082113206143, 0.05226243136845148, 0.09191204291768558, 0.06567188180526688]
101816065	[0.0017476496049683224, 0.001880727538142541, 0.9149179957290006, 0.27766357820341386, 0.03874451697682904]	[0.005647131235259702, 0.005025308147943756, 0.08338159382513208, 0.05722907013692451, 0.06309038516027703]
1392190009	[0.005593282107349663, 0.005264795287404822, 0.978442139515965, 0.28062968625176904, 0.002862943908755148]	[0.0, 0.0, 0.0, 0.0, 0.0]
1191387079575527425	[0.0050317916540288145, 0.004764187486045641, 0.938773173404418, 0.39743607982848295, 0.3507752036118526]	[0.0011229809066416964, 0.0010012156027183632, 0.07933793222309392, 0.23361278715342773, 0.6958245194061949]
1114006837475594240	[0.006939392741657687, 0.006676673359392033, 0.9906296267569852, 0.23654438549469034, 0.028819237582728814]	[0.0016553461978671832, 0.0017334423417441876, 0.07301783418082637, 0.05478854208256727, 0.03660431171175722]
1164149377532907520	[0.005593282107349663, 0.005264795287404822, 0.978442139515965, 0.28062968625176904, 0.002862943908755148]	[0.0, 0.0, 0.0, 0.0, 0.0]
1032854767565975553	[0.0069551260920405365, 0.0066553096389263735, 0.9638799872265367, 0.2532417395566994, 0.014530270790323211]	[0.002723687969381749, 0.002781028703043102, 0.029124304578856997, 0.05477589339013931, 0.023334653763136128]
1099806972331859973	[0.01615291267695918, 0.01589208493014039, 0.8169424131789789, 0.16087087439697167, 0.17787395040877976]	[0.011284514484185415, 0.011322412485201439, 0.17115842791490082, 0.09972176649428988, 0.17433942509523365]
1074823451825897473	[0.005593282107349663, 0.005264795287404822, 0.978442139515965, 0.28062968625176904, 0.002862943908755148]	[0.0, 0.0, 0.0, 0.0, 0.0]
116977325	[0.00739539925254547, 0.00659110003664363, 0.9436292123204291, 0.2955852692620472, 0.015200226259687982]	[0.0023963910182689947, 0.001865620895338104, 0.03369070682765579, 0.01234461251053689, 0.014755581467304822]
1090299569877995522	[0.005593282107349663, 0.005264795287404822, 0.978442139515965, 0.28062968625176904, 0.002862943908755148]	[0.0, 0.0, 0.0, 0.0, 0.0]
1103939416362348544	[0.004613278086018067, 0.004409528669831417, 0.8750638049179675, 0.20342303211249088, 0.10257826178201972]	[0.0031950343019657565, 0.003130485131620173, 0.17915197049811166, 0.09839295769280738, 0.15042990656242167]
1143627713615474688	[0.008757451087733365, 0.007468207090041726, 0.9289092407408492, 0.28800938598480236, 0.03463390290658215]	[0.006218115540020941, 0.00441006299920922, 0.06929813581428905, 0.011028412766179505, 0.06134143881762675]
105228862	[0.005593282107349663, 0.005264795287404822, 0.978442139515965, 0.28062968625176904, 0.002862943908755148]	[0.0, 0.0, 0.0, 0.0, 0.0]
117415288	[0.005593282107349663, 0.005264795287404822, 0.978442139515965, 0.28062968625176904, 0.002862943908755148]	[0.0, 0.0, 0.0, 0.0, 0.0]
941538966871912448	[0.005593282107349663, 0.005264795287404822, 0.978442139515965, 0.28062968625176904, 0.002862943908755148]	[0.0, 0.0, 0.0, 0.0, 0.0]
269062860	[0.0061962805108290294, 0.005718496108726058, 0.964134045315579, 0.28441882585088596, 0.006418923282335602]	[0.0012059968069587338, 0.0009074016426424698, 0.028616188400772027, 0.00757827919823384, 0.007111958747160907]
1142395454069641217	[0.005593282107349663, 0.005264795287404822, 0.978442139515965, 0.28062968625176904, 0.002862943908755148]	[0.0, 0.0, 0.0, 0.0, 0.0]
1132452978538024961	[0.005593282107349663, 0.005264795287404822, 0.978442139515965, 0.28062968625176904, 0.002862943908755148]	[0.0, 0.0, 0.0, 0.0, 0.0]
1087380412089987077	[0.005148827831013182, 0.0045442674899507825, 0.9398486336556363, 0.29660737746042276, 0.014537948989767435]	[0.002335345818983698, 0.0025127911183284364, 0.05125091794712788, 0.03636632414084227, 0.015458689879626685]
1074136440265527296	[0.006592122409912726, 0.0063028300521865924, 0.9461898501519078, 0.2516261852972511, 0.02016095299760199]	[0.0019976806051261284, 0.002076069529563539, 0.06450457872811453, 0.05800700190903577, 0.034596018177693685]
106248996	[0.005593282107349663, 0.005264795287404822, 0.978442139515965, 0.28062968625176904, 0.002862943908755148]	[0.0, 0.0, 0.0, 0.0, 0.0]
118854389	[0.005593282107349663, 0.005264795287404822, 0.978442139515965, 0.28062968625176904, 0.002862943908755148]	[0.0, 0.0, 0.0, 0.0, 0.0]
117500071	[0.005593282107349663, 0.005264795287404822, 0.978442139515965, 0.28062968625176904, 0.002862943908755148]	[0.0, 0.0, 0.0, 0.0, 0.0]
109140767	[0.005593282107349663, 0.005264795287404822, 0.978442139515965, 0.28062968625176904, 0.002862943908755148]	[0.0, 0.0, 0.0, 0.0, 0.0]
113816520	[0.005593282107349663, 0.005264795287404822, 0.978442139515965, 0.28062968625176904, 0.002862943908755148]	[0.0, 0.0, 0.0, 0.0, 0.0]
1136056154	[0.012007979652631619, 0.009854838416834969, 0.8393617648130762, 0.30966437447644884, 0.05160381394786458]	[0.005239112241346135, 0.0038268567605156513, 0.1110762046804087, 0.023139290450677426, 0.041807345034114235]
1040025234643083264	[0.005593282107349663, 0.005264795287404822, 0.978442139515965, 0.28062968625176904, 0.002862943908755148]	[0.0, 0.0, 0.0, 0.0, 0.0]
1079577751	[0.005593282107349663, 0.005264795287404822, 0.978442139515965, 0.28062968625176904, 0.002862943908755148]	[0.0, 0.0, 0.0, 0.0, 0.0]
15940950	[0.005593282107349663, 0.005264795287404822, 0.978442139515965, 0.28062968625176904, 0.002862943908755148]	[0.0, 0.0, 0.0, 0.0, 0.0]
1049338865306259458	[0.003012809741054856, 0.002851727265782253, 0.8785398790102343, 0.3018960016496044, 0.04318386406682475]	[0.003338696049182014, 0.0029938496558203553, 0.101185805873569, 0.0712912519170313, 0.056321795096559754]
1137809440432898050	[0.004063170930800085, 0.0038784865082166337, 0.9508691480004842, 0.30586140903572123, 0.019592260866870714]	[0.0034621551987231466, 0.003044863168829852, 0.03379089493246144, 0.06745624116835902, 0.02410276367825042]
455869077	[0.005593282107349663, 0.005264795287404822, 0.978442139515965, 0.28062968625176904, 0.002862943908755148]	[0.0, 0.0, 0.0, 0.0, 0.0]
1021278260057915393	[0.0050219774526672825, 0.004757221622903983, 1.0150881894677577, 0.25695657919009446, 0.06744187027851926]	[0.0011426093093647612, 0.001015147329001679, 0.07329209990358514, 0.04734621412334913, 0.12915785273952823]
1069337526	[0.005593282107349663, 0.005264795287404822, 0.978442139515965, 0.28062968625176904, 0.002862943908755148]	[0.0, 0.0, 0.0, 0.0, 0.0]
3159888878	[0.005593282107349663, 0.005264795287404822, 0.978442139515965, 0.28062968625176904, 0.002862943908755148]	[0.0, 0.0, 0.0, 0.0, 0.0]
1120387322640510976	[0.005593282107349663, 0.005264795287404822, 0.978442139515965, 0.28062968625176904, 0.002862943908755148]	[0.0, 0.0, 0.0, 0.0, 0.0]
102128701	[0.005593282107349663, 0.005264795287404822, 0.978442139515965, 0.28062968625176904, 0.002862943908755148]	[0.0, 0.0, 0.0, 0.0, 0.0]
114329378	[0.005593282107349663, 0.005264795287404822, 0.978442139515965, 0.28062968625176904, 0.002862943908755148]	[0.0, 0.0, 0.0, 0.0, 0.0]
1066128286194049025	[0.0023899820608489996, 0.002347825571629041, 0.9304766009265263, 0.331423147522851, 0.02425014439681682]	[0.00448794630558332, 0.00398354146708531, 0.03960825375013083, 0.061875154069484406, 0.021855443440487406]
1057138454679699456	[0.005593282107349663, 0.005264795287404822, 0.978442139515965, 0.28062968625176904, 0.002862943908755148]	[0.0, 0.0, 0.0, 0.0, 0.0]
1006919818933690368	[0.010865267369743584, 0.010470113296151457, 0.9441071912065905, 0.2704807604956681, 0.176203398605265]	[0.01054397052478784, 0.010410636017493266, 0.06866989661874916, 0.02029785151220187, 0.34668090939301965]
1146555642	[0.03085373712290792, 0.03044426919060437, 0.9676659385749957, 0.008721188929429562, 0.8909090909090909]	[3.469446951953614e-18, 0.0, 0.0, 0.0, 0.0]
1131573813735546880	[0.01012865279714833, 0.007968022862500757, 0.8654647662559279, 0.2983055781100868, 0.07116826572615993]	[0.005535431293162954, 0.003806924165782835, 0.1261113826612166, 0.024903939381915603, 0.08520311018926496]
1092566360771739654	[0.017027888859958144, 0.016606496232366076, 0.7723893257982685, 0.15759655752252846, 0.23487899325644213]	[0.01425086669949081, 0.014407152262181928, 0.17746389073227986, 0.114711725655111, 0.2398451884432663]
844932007075500034	[0.005593282107349663, 0.005264795287404822, 0.978442139515965, 0.28062968625176904, 0.002862943908755148]	[0.0, 0.0, 0.0, 0.0, 0.0]
104262985	[0.005593282107349663, 0.005264795287404822, 0.978442139515965, 0.28062968625176904, 0.002862943908755148]	[0.0, 0.0, 0.0, 0.0, 0.0]
111809335	[0.005593282107349663, 0.005264795287404822, 0.978442139515965, 0.28062968625176904, 0.002862943908755148]	[0.0, 0.0, 0.0, 0.0, 0.0]
10630	[0.005645135080931736, 0.005390057963700522, 0.9492255601906067, 0.26361487211302437, 0.004647993484648986]	[0.00010370594716414618, 0.0002505253525913999, 0.058433158650716875, 0.03402962827748936, 0.0035700991517876772]
100673942	[0.0063137924701947064, 0.006027118480908963, 0.9704357964505494, 0.25040940937877376, 0.04074973888050552]	[0.0014410207256900865, 0.0015246463870082824, 0.016012686130831445, 0.06044055374599063, 0.07577358994350075]
107574989	[0.00708444959812222, 0.006276283581437096, 0.9298139113067581, 0.2751449341782252, 0.04523425069016819]	[0.0019145535317532734, 0.0013490643401941134, 0.06265417506892786, 0.04497884586489844, 0.07132906773027498]
1099804993127960576	[0.005593282107349663, 0.005264795287404822, 0.978442139515965, 0.28062968625176904, 0.002862943908755148]	[0.0, 0.0, 0.0, 0.0, 0.0]
2260499999	[0.005593282107349663, 0.005264795287404822, 0.978442139515965, 0.28062968625176904, 0.002862943908755148]	[0.0, 0.0, 0.0, 0.0, 0.0]
1011800462	[0.010565299704802064, 0.009040464784812501, 0.9073793050646526, 0.29858109252660325, 0.03879409981933912]	[0.006111472111696071, 0.004665639954843739, 0.08844349573994251, 0.024560035360735956, 0.04418905667851666]
1086312120088711168	[0.002198287957601409, 0.0020494754089241903, 0.5129377664483211, 0.12688602084217104, 1.0011451775635023]	[0.0027720011155390814, 0.002625297687368387, 0.3800827290166359, 0.12553117714623307, 0.8150940305799943]
1072650654718545922	[0.01042568757282462, 0.009776507092713577, 1.140749228726789, 0.10824654376929861, 0.4048838722988329]	[0.0025116496079289658, 0.002341715969288523, 0.20802324291335567, 0.08992552138618574, 0.2206531704658825]
101098968	[0.005593282107349663, 0.005264795287404822, 0.978442139515965, 0.28062968625176904, 0.002862943908755148]	[0.0, 0.0, 0.0, 0.0, 0.0]
1072595037391859712	[0.012563514837357122, 0.012188111109488827, 0.8783372537323212, 0.2157010883024296, 0.08690440910765343]	[0.010212870265434916, 0.010193615296521576, 0.1287466081348888, 0.08320159086012925, 0.1264134209214907]
1186126056	[0.005593282107349663, 0.005264795287404822, 0.978442139515965, 0.28062968625176904, 0.002862943908755148]	[0.0, 0.0, 0.0, 0.0, 0.0]
1050945104	[0.011386869398316164, 0.00924075991497329, 0.8480365992528238, 0.29779934814291165, 0.0615202333190927]	[0.007394768258102299, 0.005737709255468523, 0.1611976046917848, 0.014980925694600465, 0.06930094626392697]
1105535994	[0.005593282107349663, 0.005264795287404822, 0.978442139515965, 0.28062968625176904, 0.002862943908755148]	[0.0, 0.0, 0.0, 0.0, 0.0]
26876056	[0.006662932836101731, 0.00632553729436793, 0.9534647808646877, 0.2609564619120208, 0.009760501080122209]	[0.002139301457504138, 0.002121484013926218, 0.04995471730255461, 0.03934644867949642, 0.013795114342734118]
1189960471014789120	[0.005799115379904693, 0.005395520104802354, 0.9660851580729158, 0.28589092587586495, 0.004977891941390315]	[0.00041166654511006065, 0.00026144963479506484, 0.02471396288609826, 0.010522479248191807, 0.004229896065270333]
386573370	[0.005593282107349663, 0.005264795287404822, 0.978442139515965, 0.28062968625176904, 0.002862943908755148]	[0.0, 0.0, 0.0, 0.0, 0.0]
104185233	[0.005593282107349663, 0.005264795287404822, 0.978442139515965, 0.28062968625176904, 0.002862943908755148]	[0.0, 0.0, 0.0, 0.0, 0.0]
1064240933783461889	[0.0092566823404059, 0.007798074752408848, 0.8425876882987854, 0.288796960095753, 0.04014514109913644]	[0.005286807651945331, 0.0038614821613568023, 0.16638775517266974, 0.01782292116243786, 0.049951866185051624]
1000617635191644160	[0.005593282107349663, 0.005264795287404822, 0.978442139515965, 0.28062968625176904, 0.002862943908755148]	[0.0, 0.0, 0.0, 0.0, 0.0]
1082454963924680704	[0.014315254443685251, 0.01186193354126796, 0.8614909813835527, 0.2856661590144207, 0.07341031704034588]	[0.010857376575169057, 0.008262949298356748, 0.1489044805296888, 0.016900145261249336, 0.0933420762800144]
1099134757	[0.005593282107349663, 0.005264795287404822, 0.978442139515965, 0.28062968625176904, 0.002862943908755148]	[0.0, 0.0, 0.0, 0.0, 0.0]
21833728	[0.006201698648562219, 0.0056787426201269425, 0.9537021325236659, 0.28969322478333603, 0.00861854499203014]	[0.0010515418850445333, 0.0007249242288076622, 0.047471913820560804, 0.011215715290543068, 0.010331052388777085]
119300881	[0.005593282107349663, 0.005264795287404822, 0.978442139515965, 0.28062968625176904, 0.002862943908755148]	[0.0, 0.0, 0.0, 0.0, 0.0]
1170869529079177216	[0.007881295426373346, 0.0076276461584942985, 0.8934043429262213, 0.22682591448744752, 0.06669719125460463]	[0.002802473207927348, 0.0028944211928479966, 0.18055547579890982, 0.0669981953464705, 0.10157075576076635]
1151249636494958592	[0.005593282107349663, 0.005264795287404822, 0.978442139515965, 0.28062968625176904, 0.002862943908755148]	[0.0, 0.0, 0.0, 0.0, 0.0]
1192480612424269834	[0.014903491299318266, 0.014811790465172125, 0.8107068580999133, 0.16443614287544112, 0.14587590752024965]	[0.011636405653016671, 0.011657678227586492, 0.13152741269873178, 0.11484191519043957, 0.10295888242020836]
1075150428583555072	[0.005593282107349663, 0.005264795287404822, 0.978442139515965, 0.28062968625176904, 0.002862943908755148]	[0.0, 0.0, 0.0, 0.0, 0.0]
117212185	[0.005593282107349663, 0.005264795287404822, 0.978442139515965, 0.28062968625176904, 0.002862943908755148]	[0.0, 0.0, 0.0, 0.0, 0.0]
118541344	[0.005795184228730018, 0.0055220972213793984, 0.7303596213072644, 0.2748114413091075, 0.019918387472017594]	[0.00040380424276070906, 0.0005146038679491524, 0.4961650364174014, 0.011636489885322999, 0.034110887126524894]
1009577803304656896	[0.004209114721357104, 0.0039637519686331665, 0.9326048704798133, 0.3127902371838963, 0.011191255089560013]	[0.003034204604747164, 0.0026971126215707816, 0.059929831601278204, 0.06613419621175104, 0.0118738386221518]
3301158974	[0.005593282107349663, 0.005264795287404822, 0.978442139515965, 0.28062968625176904, 0.002862943908755148]	[0.0, 0.0, 0.0, 0.0, 0.0]
109455789	[0.005593282107349663, 0.005264795287404822, 0.978442139515965, 0.28062968625176904, 0.002862943908755148]	[0.0, 0.0, 0.0, 0.0, 0.0]
1174346666239025153	[0.005593282107349663, 0.005264795287404822, 0.978442139515965, 0.28062968625176904, 0.002862943908755148]	[0.0, 0.0, 0.0, 0.0, 0.0]
162289496	[0.005593282107349663, 0.005264795287404822, 0.978442139515965, 0.28062968625176904, 0.002862943908755148]	[0.0, 0.0, 0.0, 0.0, 0.0]
112047805	[0.005593282107349663, 0.005264795287404822, 0.978442139515965, 0.28062968625176904, 0.002862943908755148]	[0.0, 0.0, 0.0, 0.0, 0.0]
599669489	[0.005593282107349663, 0.005264795287404822, 0.978442139515965, 0.28062968625176904, 0.002862943908755148]	[0.0, 0.0, 0.0, 0.0, 0.0]
1122533006	[0.005593282107349663, 0.005264795287404822, 0.978442139515965, 0.28062968625176904, 0.002862943908755148]	[0.0, 0.0, 0.0, 0.0, 0.0]
1029799291630641152	[0.004204324958215881, 0.004016365161240494, 0.9515831076165989, 0.30453603696219134, 0.0089188897677212]	[0.0027779142982675632, 0.002496860252328657, 0.05371806379873227, 0.047812701420844594, 0.012111891717932102]
113168742	[0.007151779356634995, 0.006501554661027248, 0.9493931045848027, 0.28591583918580554, 0.011016490168928634]	[0.003116994498570664, 0.0024735187472448516, 0.05809806986232457, 0.010572305868072961, 0.016307092520346973]
1064330857320800256	[0.007551882087757794, 0.006698329288204778, 0.9193248169391357, 0.2919991750530249, 0.016304983668898314]	[0.003436394111220622, 0.0025384541187676865, 0.07693336779927179, 0.018980807591223506, 0.023728808966203847]
1086450818558185472	[0.0066478871918038114, 0.006099853371108899, 0.9583267751732738, 0.2805051534253506, 0.008597177962617192]	[0.0021092101689082965, 0.0016701161674081543, 0.0402307286853826, 0.0002490656528368218, 0.011468468107724086]
1031026429784457216	[0.005593282107349663, 0.005264795287404822, 0.978442139515965, 0.28062968625176904, 0.002862943908755148]	[0.0, 0.0, 0.0, 0.0, 0.0]
1142864340	[0.005593282107349663, 0.005264795287404822, 0.978442139515965, 0.28062968625176904, 0.002862943908755148]	[0.0, 0.0, 0.0, 0.0, 0.0]
1198788918658961408	[0.005593282107349663, 0.005264795287404822, 0.978442139515965, 0.28062968625176904, 0.002862943908755148]	[0.0, 0.0, 0.0, 0.0, 0.0]
113503286	[0.03114171867090898, 0.030828172020497934, 0.921381642531825, 0.14426978202482857, 0.5484211632265845]	[0.03424484071986187, 0.034305147468174854, 0.07287165125535641, 0.1140722792493176, 0.5921886450501748]
1088145168375660547	[0.005593282107349663, 0.005264795287404822, 0.978442139515965, 0.28062968625176904, 0.002862943908755148]	[0.0, 0.0, 0.0, 0.0, 0.0]
