108477485	[-0.0013403684489612555, -0.001340368449981658, 0.9386557726173376, 0.28855817571778114, 0.010832075675303615]	[0.0014604874316197839, 0.0014604874327325574, 0.07143262869996905, 0.015856978932024177, 0.015938263533096932]
1174892267854684160	[-0.00048809975446823434, -0.00048809975483952593, 0.9406752670866665, 0.25653734850364485, 0.013621560878810729]	[0.00024404995736625852, 0.0002440499575517069, 0.06739363976131152, 0.04818467549624842, 0.02151723394011116]
1028846365693095936	[-0.008820982031570368, -0.008820982031665908, 0.9026319145953735, 0.2060626409503868, 0.08312807047570184]	[0.011141158496804051, 0.011141158496732891, 0.04567430223721468, 0.04602000263663026, 0.12822611550426127]
107737145	[-0.0006101247331513636, -0.0006101247336153794, 0.9743720869673222, 0.28062968625176904, 0.002862943908755148]	[0.0, 0.0, 1.1102230246251565e-16, 0.0, 0.0]
1178034563332874241	[-0.0002440498904404986, -0.000244049890626105, 0.8599369506442611, 0.15348894252259054, 0.10589045701420177]	[0.0002988988574370764, 0.0002988988576643967, 0.09967099819654772, 0.10983333991512555, 0.08956014863212908]
104402081	[-0.0003660748399530577, -0.0003660748402314671, 0.9199763907047916, 0.17180976441378334, 0.38838443301191977]	[0.0002988988550582902, 0.0002988988552856106, 0.06662085002330896, 0.1332766411763066, 0.4721654665903492]
115795114	[-0.0006240354234369296, -0.0006240354239111037, 0.8951443058586339, 0.27618225809525343, 0.05811927869709625]	[0.0006938484609227383, 0.0006938484614496536, 0.09211995244187939, 0.09191204291768558, 0.06567188180526688]
101816065	[-0.0012934276209022244, -0.0012934276211806384, 0.8953822805014762, 0.27766357820341386, 0.03874451697682904]	[0.0016882866868248012, 0.0016882866867121294, 0.10170239173397334, 0.05722907013692451, 0.06309038516027703]
1392190009	[-0.0006101247331513636, -0.0006101247336153794, 0.9743720869673222, 0.28062968625176904, 0.002862943908755148]	[0.0, 0.0, 1.1102230246251565e-16, 0.0, 0.0]
1191387079575527425	[-0.00048809978649773627, -0.0004880997868689489, 0.931040817775395, 0.39743607982848295, 0.3507752036118526]	[0.00024404989330725456, 0.00024404989349286087, 0.08666253838385414, 0.23361278715342773, 0.6958245194061949]
1114006837475594240	[-0.000366074852393356, -0.00036607485267176575, 0.9611444449812018, 0.23654438549469034, 0.028819237582728814]	[0.0002988988398220995, 0.0002988988400494195, 0.049782039111163086, 0.05478854208256727, 0.03660431171175722]
1164149377532907520	[-0.0006101247331513636, -0.0006101247336153794, 0.9743720869673222, 0.28062968625176904, 0.002862943908755148]	[0.0, 0.0, 1.1102230246251565e-16, 0.0, 0.0]
1032854767565975553	[-0.00048809976557784225, -0.00048809976594905497, 0.951369676610392, 0.2532417395566994, 0.014530270790323211]	[0.00024404993514704274, 0.00024404993533264882, 0.04600482071386041, 0.05477589339013931, 0.023334653763136128]
1099806972331859973	[-0.0002440498928501247, -0.00024404989303573104, 0.8686077240082918, 0.16087087439697167, 0.17787395040877976]	[0.0002988988554696249, 0.0002988988556969452, 0.09117218229885897, 0.09972176649428988, 0.17433942509523365]
1074823451825897473	[-0.0006101247331513636, -0.0006101247336153794, 0.9743720869673222, 0.28062968625176904, 0.002862943908755148]	[0.0, 0.0, 1.1102230246251565e-16, 0.0, 0.0]
116977325	[-0.0018067143445176786, -0.0018067143458894367, 0.9417029797693655, 0.2955852692620472, 0.015200226259687982]	[0.001303412254770637, 0.001303412255758088, 0.029746732101806554, 0.01234461251053689, 0.014755581467304822]
1090299569877995522	[-0.0006101247331513636, -0.0006101247336153794, 0.9743720869673222, 0.28062968625176904, 0.002862943908755148]	[0.0, 0.0, 1.1102230246251565e-16, 0.0, 0.0]
1103939416362348544	[-0.00036607483943799885, -0.0003660748397164078, 0.8738345155749945, 0.20342303211249088, 0.10257826178201972]	[0.0002988988556891059, 0.0002988988559164268, 0.197233374708266, 0.09839295769280738, 0.15042990656242167]
1143627713615474688	[-0.002947200486998394, -0.002947200489233112, 0.9039809048540606, 0.28800938598480236, 0.03463390290658215]	[0.004369602367931696, 0.004369602371241501, 0.12413015868903436, 0.011028412766179505, 0.06134143881762675]
105228862	[-0.0006101247331513636, -0.0006101247336153794, 0.9743720869673222, 0.28062968625176904, 0.002862943908755148]	[0.0, 0.0, 1.1102230246251565e-16, 0.0, 0.0]
117415288	[-0.0006101247331513636, -0.0006101247336153794, 0.9743720869673222, 0.28062968625176904, 0.002862943908755148]	[0.0, 0.0, 1.1102230246251565e-16, 0.0, 0.0]
941538966871912448	[-0.0006101247331513636, -0.0006101247336153794, 0.9743720869673222, 0.28062968625176904, 0.002862943908755148]	[0.0, 0.0, 1.1102230246251565e-16, 0.0, 0.0]
269062860	[-0.0010325611077889115, -0.001032561108572637, 0.9635221586281805, 0.28441882585088596, 0.006418923282335602]	[0.0008448727492750959, 0.0008448727499145152, 0.021699856678283114, 0.00757827919823384, 0.007111958747160907]
1142395454069641217	[-0.0006101247331513636, -0.0006101247336153794, 0.9743720869673222, 0.28062968625176904, 0.002862943908755148]	[0.0, 0.0, 1.1102230246251565e-16, 0.0, 0.0]
1132452978538024961	[-0.0006101247331513636, -0.0006101247336153794, 0.9743720869673222, 0.28062968625176904, 0.002862943908755148]	[0.0, 0.0, 1.1102230246251565e-16, 0.0, 0.0]
1087380412089987077	[-0.001897661118330777, -0.0018976611197718673, 0.917567151029621, 0.29660737746042276, 0.014537948989767435]	[0.0016647816818365535, 0.0016647816831001643, 0.07903641720677847, 0.03636632414084227, 0.015458689879626685]
1074136440265527296	[-0.0004880997856509122, -0.00048809978602212475, 0.9417903435461662, 0.2516261852972511, 0.02016095299760199]	[0.00024404989500090285, 0.00024404989518650926, 0.06516348684231174, 0.05800700190903577, 0.034596018177693685]
106248996	[-0.0006101247331513636, -0.0006101247336153794, 0.9743720869673222, 0.28062968625176904, 0.002862943908755148]	[0.0, 0.0, 1.1102230246251565e-16, 0.0, 0.0]
118854389	[-0.0006101247331513636, -0.0006101247336153794, 0.9743720869673222, 0.28062968625176904, 0.002862943908755148]	[0.0, 0.0, 1.1102230246251565e-16, 0.0, 0.0]
117500071	[-0.0006101247331513636, -0.0006101247336153794, 0.9743720869673222, 0.28062968625176904, 0.002862943908755148]	[0.0, 0.0, 1.1102230246251565e-16, 0.0, 0.0]
109140767	[-0.0006101247331513636, -0.0006101247336153794, 0.9743720869673222, 0.28062968625176904, 0.002862943908755148]	[0.0, 0.0, 1.1102230246251565e-16, 0.0, 0.0]
113816520	[-0.0006101247331513636, -0.0006101247336153794, 0.9743720869673222, 0.28062968625176904, 0.002862943908755148]	[0.0, 0.0, 1.1102230246251565e-16, 0.0, 0.0]
1136056154	[-0.004812158664409506, -0.004812158668056568, 0.8598285712919889, 0.30966437447644884, 0.05160381394786458]	[0.003387295104895872, 0.00338729510746105, 0.0759935461819532, 0.023139290450677426, 0.041807345034114235]
1040025234643083264	[-0.0006101247331513636, -0.0006101247336153794, 0.9743720869673222, 0.28062968625176904, 0.002862943908755148]	[0.0, 0.0, 1.1102230246251565e-16, 0.0, 0.0]
1079577751	[-0.0006101247331513636, -0.0006101247336153794, 0.9743720869673222, 0.28062968625176904, 0.002862943908755148]	[0.0, 0.0, 1.1102230246251565e-16, 0.0, 0.0]
15940950	[-0.0006101247331513636, -0.0006101247336153794, 0.9743720869673222, 0.28062968625176904, 0.002862943908755148]	[0.0, 0.0, 1.1102230246251565e-16, 0.0, 0.0]
1049338865306259458	[-0.000577566278297269, -0.000577566278739686, 0.8895074614336356, 0.3018960016496044, 0.04318386406682475]	[0.0006094953990606162, 0.0006094953995211302, 0.10307868791992905, 0.0712912519170313, 0.056321795096559754]
1137809440432898050	[-0.0010889626667706634, -0.001088962667550765, 0.8717217776148469, 0.30586140903572123, 0.019592260866870714]	[0.001284658643373464, 0.0012846586442399786, 0.1438317335068862, 0.06745624116835902, 0.02410276367825042]
455869077	[-0.0006101247331513636, -0.0006101247336153794, 0.9743720869673222, 0.28062968625176904, 0.002862943908755148]	[0.0, 0.0, 1.1102230246251565e-16, 0.0, 0.0]
1021278260057915393	[-0.00048809978652007935, -0.00048809978689129196, 0.8806683334494979, 0.25695657919009446, 0.06744187027851926]	[0.00024404989326256844, 0.00024404989344817472, 0.18740750703564862, 0.04734621412334913, 0.12915785273952823]
1069337526	[-0.0006101247331513636, -0.0006101247336153794, 0.9743720869673222, 0.28062968625176904, 0.002862943908755148]	[0.0, 0.0, 1.1102230246251565e-16, 0.0, 0.0]
3159888878	[-0.0006101247331513636, -0.0006101247336153794, 0.9743720869673222, 0.28062968625176904, 0.002862943908755148]	[0.0, 0.0, 1.1102230246251565e-16, 0.0, 0.0]
1120387322640510976	[-0.0006101247331513636, -0.0006101247336153794, 0.9743720869673222, 0.28062968625176904, 0.002862943908755148]	[0.0, 0.0, 1.1102230246251565e-16, 0.0, 0.0]
102128701	[-0.0006101247331513636, -0.0006101247336153794, 0.9743720869673222, 0.28062968625176904, 0.002862943908755148]	[0.0, 0.0, 1.1102230246251565e-16, 0.0, 0.0]
114329378	[-0.0006101247331513636, -0.0006101247336153794, 0.9743720869673222, 0.28062968625176904, 0.002862943908755148]	[0.0, 0.0, 1.1102230246251565e-16, 0.0, 0.0]
1066128286194049025	[-0.0006934851003973008, -0.0006934851009239511, 0.837663043423159, 0.331423147522851, 0.02425014439681682]	[0.0008233714003016865, 0.0008233714009264415, 0.13836166234879005, 0.061875154069484406, 0.021855443440487406]
1057138454679699456	[-0.0006101247331513636, -0.0006101247336153794, 0.9743720869673222, 0.28062968625176904, 0.002862943908755148]	[0.0, 0.0, 1.1102230246251565e-16, 0.0, 0.0]
1006919818933690368	[-0.00048809978642973376, -0.00048809978680094637, 0.9409815220934773, 0.2704807604956681, 0.176203398605265]	[0.0002440498934432598, 0.00024404989362886595, 0.06678112974768982, 0.02029785151220187, 0.34668090939301965]
1146555642	[-2.3713020080291226e-13, -2.371306030434062e-13, 1.0340065565071563, 0.008721188929429562, 0.8909090909090909]	[0.0, 0.0, 0.0, 0.0, 0.0]
1131573813735546880	[-0.005320926535116274, -0.005320926539149323, 0.8071689968496054, 0.2983055781100868, 0.07116826572615993]	[0.005573593479251882, 0.005573593483473341, 0.2066621156044456, 0.024903939381915603, 0.08520311018926496]
1092566360771739654	[-0.0007603196898630421, -0.0007603196904392701, 0.892316294376632, 0.15759655752252846, 0.23487899325644213]	[0.001238331947207001, 0.001238331948145316, 0.11094263307621778, 0.114711725655111, 0.2398451884432663]
844932007075500034	[-0.0006101247331513636, -0.0006101247336153794, 0.9743720869673222, 0.28062968625176904, 0.002862943908755148]	[0.0, 0.0, 1.1102230246251565e-16, 0.0, 0.0]
104262985	[-0.0006101247331513636, -0.0006101247336153794, 0.9743720869673222, 0.28062968625176904, 0.002862943908755148]	[0.0, 0.0, 1.1102230246251565e-16, 0.0, 0.0]
111809335	[-0.0006101247331513636, -0.0006101247336153794, 0.9743720869673222, 0.28062968625176904, 0.002862943908755148]	[0.0, 0.0, 1.1102230246251565e-16, 0.0, 0.0]
10630	[-0.001029125163193988, -0.0010291251635713254, 0.9554353984829854, 0.26361487211302437, 0.004647993484648986]	[0.0008380008600852487, 0.0008380008599118923, 0.037873376968673524, 0.03402962827748936, 0.0035700991517876772]
100673942	[-0.0004880997864110976, -0.00048809978678231023, 0.9623202247430832, 0.25040940937877376, 0.04074973888050552]	[0.00024404989348053192, 0.00024404989366613825, 0.024103724448477814, 0.06044055374599063, 0.07577358994350075]
107574989	[-0.005745367244899916, -0.005745367245728372, 1.0007819860900324, 0.2751449341782252, 0.04523425069016819]	[0.008833499394531458, 0.008833499394230343, 0.12237945971209359, 0.04497884586489844, 0.07132906773027498]
1099804993127960576	[-0.0006101247331513636, -0.0006101247336153794, 0.9743720869673222, 0.28062968625176904, 0.002862943908755148]	[0.0, 0.0, 1.1102230246251565e-16, 0.0, 0.0]
2260499999	[-0.0006101247331513636, -0.0006101247336153794, 0.9743720869673222, 0.28062968625176904, 0.002862943908755148]	[0.0, 0.0, 1.1102230246251565e-16, 0.0, 0.0]
1011800462	[-0.00320019607251745, -0.0032001960749431036, 0.8888941625556003, 0.29858109252660325, 0.03879409981933912]	[0.0031840004487194286, 0.0031840004511308915, 0.11206848720373411, 0.024560035360735956, 0.04418905667851666]
1086312120088711168	[-0.00024404990385209599, -0.0002440499040377023, 0.13159574904402885, 0.12688602084217104, 1.0011451775635023]	[0.0002988988464865529, 0.00029889884671387325, 0.6881239984011588, 0.12553117714623307, 0.8150940305799943]
1072650654718545922	[-0.00012202494671270326, -0.00012202494680550742, 0.9633979594765693, 0.10824654376929861, 0.4048838722988329]	[0.00024404989321933016, 0.00024404989340493598, 0.016036667561228464, 0.08992552138618574, 0.2206531704658825]
101098968	[-0.0006101247331513636, -0.0006101247336153794, 0.9743720869673222, 0.28062968625176904, 0.002862943908755148]	[0.0, 0.0, 1.1102230246251565e-16, 0.0, 0.0]
1072595037391859712	[-0.000366074787132163, -0.0003660747874105727, 0.9083258573396868, 0.2157010883024296, 0.08690440910765343]	[0.0002988989197504126, 0.00029889891997773253, 0.14121563496579134, 0.08320159086012925, 0.1264134209214907]
1186126056	[-0.0006101247331513636, -0.0006101247336153794, 0.9743720869673222, 0.28062968625176904, 0.002862943908755148]	[0.0, 0.0, 1.1102230246251565e-16, 0.0, 0.0]
1050945104	[-0.005101343077007561, -0.005101343080874322, 0.7775259952868667, 0.29779934814291165, 0.0615202333190927]	[0.005005922348125459, 0.005005922351916818, 0.28496823425027523, 0.014980925694600465, 0.06930094626392697]
1105535994	[-0.0006101247331513636, -0.0006101247336153794, 0.9743720869673222, 0.28062968625176904, 0.002862943908755148]	[0.0, 0.0, 1.1102230246251565e-16, 0.0, 0.0]
26876056	[-0.00048809977804808666, -0.0004880997784193002, 0.9439499448015207, 0.2609564619120208, 0.009760501080122209]	[0.00024404991020655385, 0.00024404991039215834, 0.06084428433160292, 0.03934644867949642, 0.013795114342734118]
1189960471014789120	[-0.0008828342224883132, -0.00088283422315972, 0.9614921572882281, 0.28589092587586495, 0.004977891941390315]	[0.0005454189786738991, 0.000545418979088681, 0.025759859358188208, 0.010522479248191807, 0.004229896065270333]
386573370	[-0.0006101247331513636, -0.0006101247336153794, 0.9743720869673222, 0.28062968625176904, 0.002862943908755148]	[0.0, 0.0, 1.1102230246251565e-16, 0.0, 0.0]
104185233	[-0.0006101247331513636, -0.0006101247336153794, 0.9743720869673222, 0.28062968625176904, 0.002862943908755148]	[0.0, 0.0, 1.1102230246251565e-16, 0.0, 0.0]
1064240933783461889	[-0.003561279000183032, -0.0035612790028822583, 0.8319269945836922, 0.288796960095753, 0.04014514109913644]	[0.00383185761015158, 0.0038318576130539368, 0.17509374798710856, 0.01782292116243786, 0.049951866185051624]
1000617635191644160	[-0.0006101247331513636, -0.0006101247336153794, 0.9743720869673222, 0.28062968625176904, 0.002862943908755148]	[0.0, 0.0, 1.1102230246251565e-16, 0.0, 0.0]
1082454963924680704	[-0.005279152678964139, -0.005279152682965327, 0.8643397392716654, 0.2856661590144207, 0.07341031704034588]	[0.005839177065436807, 0.005839177069859824, 0.1397927287587682, 0.016900145261249336, 0.0933420762800144]
1099134757	[-0.0006101247331513636, -0.0006101247336153794, 0.9743720869673222, 0.28062968625176904, 0.002862943908755148]	[0.0, 0.0, 1.1102230246251565e-16, 0.0, 0.0]
21833728	[-0.001224024037112067, -0.00122402403804295, 0.939148258780803, 0.28969322478333603, 0.00861854499203014]	[0.0010565645328663633, 0.0010565645336698692, 0.051598525557054575, 0.011215715290543068, 0.010331052388777085]
119300881	[-0.0006101247331513636, -0.0006101247336153794, 0.9743720869673222, 0.28062968625176904, 0.002862943908755148]	[0.0, 0.0, 1.1102230246251565e-16, 0.0, 0.0]
1170869529079177216	[-0.00036607483640103576, -0.0003660748366794451, 0.9383065046662544, 0.22682591448744752, 0.06669719125460463]	[0.0002988988594086109, 0.00029889885963593136, 0.04856007837390162, 0.0669981953464705, 0.10157075576076635]
1151249636494958592	[-0.0006101247331513636, -0.0006101247336153794, 0.9743720869673222, 0.28062968625176904, 0.002862943908755148]	[0.0, 0.0, 1.1102230246251565e-16, 0.0, 0.0]
1192480612424269834	[-0.00012202487595338854, -0.00012202487604619167, 0.7760853721596499, 0.16443614287544112, 0.14587590752024965]	[0.00024404992859899412, 0.00024404992878460042, 0.2482297461401006, 0.11484191519043957, 0.10295888242020836]
1075150428583555072	[-0.0006101247331513636, -0.0006101247336153794, 0.9743720869673222, 0.28062968625176904, 0.002862943908755148]	[0.0, 0.0, 1.1102230246251565e-16, 0.0, 0.0]
117212185	[-0.0006101247331513636, -0.0006101247336153794, 0.9743720869673222, 0.28062968625176904, 0.002862943908755148]	[0.0, 0.0, 1.1102230246251565e-16, 0.0, 0.0]
118541344	[-0.00048809966305450836, -0.00048809966342572097, 0.9207202414208442, 0.2748114413091075, 0.019918387472017594]	[0.00024405014019371056, 0.00024405014037931678, 0.10730369109295576, 0.011636489885322999, 0.034110887126524894]
1009577803304656896	[-0.0008095310255935434, -0.0008095310262084595, 0.8873570519915323, 0.3127902371838963, 0.011191255089560013]	[0.000742481100952188, 0.000742481101515436, 0.143294690657421, 0.06613419621175104, 0.0118738386221518]
3301158974	[-0.0006101247331513636, -0.0006101247336153794, 0.9743720869673222, 0.28062968625176904, 0.002862943908755148]	[0.0, 0.0, 1.1102230246251565e-16, 0.0, 0.0]
109455789	[-0.0006101247331513636, -0.0006101247336153794, 0.9743720869673222, 0.28062968625176904, 0.002862943908755148]	[0.0, 0.0, 1.1102230246251565e-16, 0.0, 0.0]
1174346666239025153	[-0.0006101247331513636, -0.0006101247336153794, 0.9743720869673222, 0.28062968625176904, 0.002862943908755148]	[0.0, 0.0, 1.1102230246251565e-16, 0.0, 0.0]
162289496	[-0.0006101247331513636, -0.0006101247336153794, 0.9743720869673222, 0.28062968625176904, 0.002862943908755148]	[0.0, 0.0, 1.1102230246251565e-16, 0.0, 0.0]
112047805	[-0.0006101247331513636, -0.0006101247336153794, 0.9743720869673222, 0.28062968625176904, 0.002862943908755148]	[0.0, 0.0, 1.1102230246251565e-16, 0.0, 0.0]
599669489	[-0.0006101247331513636, -0.0006101247336153794, 0.9743720869673222, 0.28062968625176904, 0.002862943908755148]	[0.0, 0.0, 1.1102230246251565e-16, 0.0, 0.0]
1122533006	[-0.0006101247331513636, -0.0006101247336153794, 0.9743720869673222, 0.28062968625176904, 0.002862943908755148]	[0.0, 0.0, 1.1102230246251565e-16, 0.0, 0.0]
1029799291630641152	[-0.00048809969906876856, -0.00048809969943999543, 0.9213946719684474, 0.30453603696219134, 0.0089188897677212]	[0.0002440500681651901, 0.00024405006835076789, 0.10595482999774952, 0.047812701420844594, 0.012111891717932102]
113168742	[-0.0013415807990070042, -0.0013415808000248708, 0.9591232802078284, 0.28591583918580554, 0.011016490168928634]	[0.001462912131711281, 0.0014629121328189828, 0.030497613518987342, 0.010572305868072961, 0.016307092520346973]
1064330857320800256	[-0.0018432417816713884, -0.001843241783069822, 0.9228090984850705, 0.2919991750530249, 0.016304983668898314]	[0.002068956464563552, 0.002068956466130352, 0.07296532380269781, 0.018980807591223506, 0.023728808966203847]
1086450818558185472	[-0.001200684557698917, -0.0012006845586100318, 0.9577958251332239, 0.2805051534253506, 0.008597177962617192]	[0.0011811196490951069, 0.001181119649989305, 0.03315252366819639, 0.0002490656528368218, 0.011468468107724086]
1031026429784457216	[-0.0006101247331513636, -0.0006101247336153794, 0.9743720869673222, 0.28062968625176904, 0.002862943908755148]	[0.0, 0.0, 1.1102230246251565e-16, 0.0, 0.0]
1142864340	[-0.0006101247331513636, -0.0006101247336153794, 0.9743720869673222, 0.28062968625176904, 0.002862943908755148]	[0.0, 0.0, 1.1102230246251565e-16, 0.0, 0.0]
1198788918658961408	[-0.0006101247331513636, -0.0006101247336153794, 0.9743720869673222, 0.28062968625176904, 0.002862943908755148]	[0.0, 0.0, 1.1102230246251565e-16, 0.0, 0.0]
113503286	[-0.00024404989266376114, -0.00024404989284936745, 0.9043082084486345, 0.14426978202482857, 0.5484211632265845]	[0.00029889885562179013, 0.00029889885584911046, 0.08039392787098262, 0.1140722792493176, 0.5921886450501748]
1088145168375660547	[-0.0006101247331513636, -0.0006101247336153794, 0.9743720869673222, 0.28062968625176904, 0.002862943908755148]	[0.0, 0.0, 1.1102230246251565e-16, 0.0, 0.0]
