269062860	[1.9720946216764909e-10, -1.205157715199391e-12, -4.368010452971214e-10, 0.21200127673156718, 0.31002613890963404]	[0.0, 0.0, 0.0, 0.0, 0.0]
1079577751	[1.8107548939915234e-15, 8.868000534810077e-16, -1.1316170496994191e-13, 0.10028382213812677, 2.5238095238095237]	[0.0, 0.0, 0.0, 0.0, 0.0]
102128701	[-1.3044310060979932e-11, -1.3202829671785035e-11, -8.179731124348121e-10, 0.17542932628797886, 2.4411764705882355]	[0.0, 0.0, 0.0, 0.0, 0.0]
104262985	[4.2195969857578717e-13, -1.0745268521930008e-14, -5.408981932991796e-10, 0.1653290529695024, 2.340909090909091]	[0.0, 0.0, 0.0, 0.0, 0.0]
100673942	[2.2876894852087152e-15, 1.8657827747955557e-15, 5.923258251314501e-16, 0.9137931034482759, 26.5]	[0.0, 0.0, 0.0, 0.0, 0.0]
1099804993127960576	[6.917457350807048e-11, 6.048790330790052e-14, 6.912204777344906e-11, 0.0748502994011976, 2.5]	[0.0, 0.0, 0.0, 0.0, 0.0]
1105535994	[1.0560503085429549e-14, 7.360363276841082e-16, 9.140123102745947e-15, 0.10043668122270742, 1.9166666666666667]	[0.0, 0.0, 0.0, 0.0, 0.0]
26876056	[1.9720946216764909e-10, -1.205157715199391e-12, -4.368010452971214e-10, 0.21200127673156718, 0.31002613890963404]	[0.0, 0.0, 0.0, 0.0, 0.0]
1099134757	[1.9720946216764909e-10, -1.205157715199391e-12, -4.368010452971214e-10, 0.21200127673156718, 0.31002613890963404]	[0.0, 0.0, 0.0, 0.0, 0.0]
3301158974	[7.244810900476853e-14, -6.421881692907893e-15, 3.583688195439324e-14, 0.14713656387665197, 27.833333333333332]	[0.0, 0.0, 0.0, 0.0, 0.0]
