108477485	[0.0, 0.0, 0.0, 0.3702218470053011, 2.855555555555549]	[0.0, 0.0, 0.0, 0.2352379531427311, 2.5534411542847493]
1174892267854684160	[0.0, 0.0, 0.0, 0.020120320855615024, 1.4166666666666667]	[0.0, 0.0, 0.0, 0.005057515079342269, 0.11785113019775817]
1028846365693095936	[0.0, 0.0, 0.0, 0.0, 0.0]	[0.0, 0.0, 0.0, 0.0, 0.0]
107737145	[0.0, 0.0, 0.0, 0.05748538011695895, 1.166666666666668]	[0.0, 0.0, 0.0, 0.005871880873011087, 0.23570226039551564]
1178034563332874241	[0.0, 0.0, 0.0, 0.006269592476489048, 1.0]	[0.0, 0.0, 0.0, 1.9949319973733282e-17, 0.0]
104402081	[0.0, 0.0, 0.0, 0.028056112224448766, 7.0]	[0.0, 0.0, 0.0, 1.3183898417423734e-16, 0.0]
115795114	[0.0, 0.0, 0.0, 0.023255813953488406, 1.0]	[0.0, 0.0, 0.0, 3.469446951953614e-17, 0.0]
101816065	[0.0, 0.0, 0.0, 0.0, 0.0]	[0.0, 0.0, 0.0, 0.0, 0.0]
1392190009	[1.9282316650214603e-08, 0.0, 1.9282316650214603e-08, 0.5143829888902149, 26.10000000000004]	[3.408664215088272e-09, 0.0, 3.408664215088272e-09, 0.002686177952661826, 9.050966799187789]
1191387079575527425	[0.0, 0.0, 0.0, 0.5376121463077964, 1.583333333333329]	[0.0, 0.0, 0.0, 0.01951985593337599, 0.3535533905932745]
1114006837475594240	[0.0, 0.0, 0.0, 0.03074458346048206, 1.4166666666666667]	[0.0, 0.0, 0.0, 0.00938234198676293, 0.18633899812498275]
1164149377532907520	[0.0, 0.0, 0.0, 0.06776191935554482, 1.1952191235059761]	[0.0, 0.0, 0.0, 0.0213815496445335, 0.149380255110999]
1032854767565975553	[0.0, 0.0, 0.0, 0.03538246149929993, 1.1388888888888897]	[0.0, 0.0, 0.0, 0.011924608439253841, 0.3928371006591933]
1099806972331859973	[0.0, 0.0, 0.0, 0.0, 0.0]	[0.0, 0.0, 0.0, 0.0, 0.0]
1074823451825897473	[0.0, 0.0, 0.0, 0.03854307858061364, 2.1666666666666665]	[0.0, 0.0, 0.0, 0.003268522639203788, 0.4714045207910324]
116977325	[-5.389784649250816e-183, 0.0, -1.0887602040235821e-13, 0.3731971845942396, 0.9569444444444417]	[0.0, 0.0, 3.676846335832158e-14, 0.05738255231000512, 0.535068430491504]
1090299569877995522	[0.0, 0.0, 0.0, 0.020618556701030872, 1.0]	[0.0, 0.0, 0.0, 5.551115123125783e-17, 0.0]
1103939416362348544	[0.0, 0.0, 0.0, 0.0, 0.0]	[0.0, 0.0, 0.0, 0.0, 0.0]
1143627713615474688	[0.0, 0.0, 0.0, 0.015789473684210457, 1.5]	[0.0, 0.0, 0.0, 6.938893903907228e-17, 0.0]
105228862	[0.0, 0.0, 0.0, 0.09147827940373271, 3.0388888888888967]	[0.0, 0.0, 0.0, 0.009344318101656578, 1.1235141078852935]
117415288	[0.0, 0.0, 0.0, 0.463491521556037, 42.77777777777787]	[0.0, 0.0, 0.0, 0.3322272359481444, 68.77813677881524]
941538966871912448	[-1.0656324298348846e-27, 0.0, -1.0656324298348846e-27, 0.11969863521722529, 1.616745140649524]	[1.8781328678803366e-28, 0.0, 1.8781328678803366e-28, 0.050440040712868804, 0.34393260387434704]
269062860	[3.860304449648021e-08, 0.0, 3.860304449648021e-08, 0.04637653921929285, 7.905710491367869]	[6.803625820418274e-09, 0.0, 6.803625820418274e-09, 0.009096662206858792, 2.9795612107663727]
1142395454069641217	[0.0, 0.0, 0.0, 0.013888888888888848, 1.0]	[0.0, 0.0, 0.0, 3.9898639947466563e-17, 0.0]
1132452978538024961	[0.0, 0.0, 0.0, 0.6675131842301263, 2.1247583827369962]	[0.0, 0.0, 0.0, 0.13751769127568045, 0.6093056361628894]
1087380412089987077	[3.8851472614779414e-33, 0.0, 3.8851472614779414e-33, 0.0064935064935065, 1.0]	[1.4368783081455644e-47, 0.0, 1.4368783081455644e-47, 6.071532165918825e-18, 0.0]
1074136440265527296	[0.0, 0.0, 0.0, 0.01978291316526613, 1.388888888888889]	[0.0, 0.0, 0.0, 0.004306153318014301, 0.24845199749997615]
106248996	[0.0, 0.0, 0.0, 0.0, 0.0]	[0.0, 0.0, 0.0, 0.0, 0.0]
118854389	[0.0, 0.0, 0.0, 0.021108647450110807, 1.4444444444444435]	[0.0, 0.0, 0.0, 0.019566945962767493, 0.6285393610547101]
117500071	[0.0, 0.0, 0.0, 0.12800583477569902, 3.7222222222222188]	[0.0, 0.0, 0.0, 0.009360045349301039, 0.31426968052735543]
109140767	[1.5738486063531593e-185, 0.0, 1.5738486063531593e-185, 0.013059356508875703, 0.8884462151394447]	[0.0, 0.0, 0.0, 0.004548998218418864, 0.07840950554648332]
113816520	[0.0, 0.0, 0.0, 0.45529156102861273, 2.317529880478092]	[0.0, 0.0, 0.0, 0.024805916300160227, 0.831140758792723]
1136056154	[0.0, 0.0, 0.0, 0.0, 0.0]	[0.0, 0.0, 0.0, 0.0, 0.0]
1040025234643083264	[0.0, 0.0, 0.0, 0.448814655172413, 3.2944444444444345]	[0.0, 0.0, 0.0, 0.025144960968918172, 1.2335084960698641]
1079577751	[0.0, 0.0, 0.0, 0.10387400625708423, 0.5223720502604952]	[0.0, 0.0, 0.0, 0.04141167104498043, 0.06979307636555138]
15940950	[0.0, 0.0, 0.0, 0.07317073170731687, 3.0]	[0.0, 0.0, 0.0, 1.942890293094024e-16, 0.0]
1049338865306259458	[0.0, 0.0, 0.0, 0.0, 0.0]	[0.0, 0.0, 0.0, 0.0, 0.0]
1137809440432898050	[0.0, 0.0, 0.0, 0.0, 0.0]	[0.0, 0.0, 0.0, 0.0, 0.0]
455869077	[0.0, 0.0, 0.0, 0.9847094801223262, 39.77777777777778]	[0.0, 0.0, 0.0, 0.0216240605867446, 15.870618866631382]
1021278260057915393	[0.0, 0.0, 0.0, 0.0, 0.0]	[0.0, 0.0, 0.0, 0.0, 0.0]
1069337526	[0.0, 0.0, 0.0, 0.02963328806025421, 0.8888888888888882]	[0.0, 0.0, 0.0, 0.01012771781919246, 0.15713484026367697]
3159888878	[0.0, 0.0, 0.0, 0.8777860310171707, 1.0247011952191272]	[0.0, 0.0, 0.0, 0.1015336648093448, 0.43909323106030823]
1120387322640510976	[0.0, 0.0, 0.0, 0.021739130434782566, 1.5]	[0.0, 0.0, 0.0, 4.163336342344337e-17, 0.0]
102128701	[0.0, 0.0, 3.974773207444574e-202, 0.24620965946278298, 1.334531139511217]	[0.0, 0.0, 0.0, 0.09652767468653144, 0.7446806290430974]
114329378	[0.0, 0.0, 0.0, 0.08749999999999979, 3.5]	[0.0, 0.0, 0.0, 2.0816681711721685e-16, 0.0]
1066128286194049025	[0.0, 0.0, 0.0, 0.0, 0.0]	[0.0, 0.0, 0.0, 0.0, 0.0]
1057138454679699456	[0.0, 0.0, -4.399975050720533e-120, 0.02279202279202271, 1.3333333333333317]	[0.0, 0.0, 1.2382389241467658e-134, 8.326672684688674e-17, 1.5543122344752192e-15]
1006919818933690368	[0.0, 0.0, 0.0, 0.0, 0.0]	[0.0, 0.0, 0.0, 0.0, 0.0]
1146555642	[0.0, 0.0, 0.0, 0.002382843526608435, 1.5]	[0.0, 0.0, 0.0, 1.5612511283791264e-17, 0.0]
1131573813735546880	[0.0, 0.0, 0.0, 0.02231494920174163, 0.9444444444444439]	[0.0, 0.0, 0.0, 0.006896436069937654, 0.1242259987499885]
1092566360771739654	[0.0, 0.0, 0.0, 0.0, 0.0]	[0.0, 0.0, 0.0, 0.0, 0.0]
844932007075500034	[0.0, 0.0, 1.073029437230592e-254, 0.18582261350986598, 1.4641434262948185]	[0.0, 0.0, 0.0, 0.0763121839350242, 0.4469341816149552]
104262985	[0.0, 0.0, -3.7820792724315816e-38, 0.0, 0.0]	[0.0, 0.0, 7.3083410041583475e-53, 0.0, 0.0]
111809335	[0.0, 0.0, 0.0, 0.0270293609671848, 1.555555555555557]	[0.0, 0.0, 0.0, 0.01624269462829205, 0.07856742013183868]
10630	[0.0, 0.0, 0.0, 0.00599155151227017, 1.8326693227091633]	[0.0, 0.0, 0.0, 0.001024015779577249, 0.3732708423226034]
100673942	[0.0, 0.0, 0.0, 0.96841450907215, 21.254980079681257]	[0.0, 0.0, 0.0, 0.00037224119419149913, 5.802303410439773]
107574989	[0.0, 0.0, 0.0, 0.09482758620689674, 5.5]	[0.0, 0.0, 0.0, 1.942890293094024e-16, 0.0]
1099804993127960576	[5.58027592599776e-166, 0.0, 5.58027592599776e-166, 0.06012302522085726, 0.6844155844155839]	[0.0, 0.0, 0.0, 0.013338552580982033, 0.14325799722740468]
2260499999	[0.0, 0.0, 0.0, 1.0, 8.349206349206373]	[0.0, 0.0, 0.0, 0.0, 2.923830420620561]
1011800462	[0.0, 0.0, 0.0, 0.0, 0.0]	[0.0, 0.0, 0.0, 0.0, 0.0]
1086312120088711168	[0.0, 0.0, 0.0, 0.0, 0.0]	[0.0, 0.0, 0.0, 0.0, 0.0]
1072650654718545922	[0.0, 0.0, 0.0, 0.0, 0.0]	[0.0, 0.0, 0.0, 0.0, 0.0]
101098968	[0.0, 0.0, 0.0, 0.014336917562724056, 2.0]	[0.0, 0.0, 0.0, 4.163336342344337e-17, 0.0]
1072595037391859712	[0.0, 0.0, 0.0, 0.07547169811320804, 4.0]	[0.0, 0.0, 0.0, 4.996003610813204e-16, 0.0]
1186126056	[0.0, 0.0, 0.0, 0.11864678531345227, 3.3333333333333335]	[0.0, 0.0, 0.0, 0.020860613714658492, 0.9428090415820647]
1050945104	[0.0, 0.0, 0.0, 0.0, 0.0]	[0.0, 0.0, 0.0, 0.0, 0.0]
1105535994	[0.0, 0.0, 0.0, 0.10037135577081037, 1.5026560424966766]	[0.0, 0.0, 0.0, 0.005520286446539848, 0.4704570332789003]
26876056	[0.0, 0.0, 0.0, 0.015802946200994438, 1.694444444444443]	[0.0, 0.0, 0.0, 0.000535678184187736, 0.4321208107251129]
1189960471014789120	[0.0, 0.0, -4.417504831799111e-121, 0.0707284138617841, 1.2387782204515265]	[0.0, 0.0, 6.228674353350979e-121, 0.021239179285930446, 1.0040120993577113]
386573370	[0.0, 0.0, 0.0, 1.0, 14.894754316069003]	[0.0, 0.0, 0.0, 0.0, 3.881270524550936]
104185233	[0.0, 0.0, 0.0, 0.0, 0.0]	[0.0, 0.0, 0.0, 0.0, 0.0]
1064240933783461889	[1.1108572607410339e-151, 0.0, 1.1108572607410339e-151, 0.048388122356960765, 1.0511288180610878]	[2.8547391388993022e-152, 0.0, 2.8547391388993022e-152, 0.005890484939612944, 0.784095055464836]
1000617635191644160	[0.0, 0.0, 0.0, 0.026666666666666596, 6.0]	[0.0, 0.0, 0.0, 7.28583859910259e-17, 0.0]
1082454963924680704	[0.0, 0.0, 0.0, 0.0, 0.0]	[0.0, 0.0, 0.0, 0.0, 0.0]
1099134757	[1.2622260063401569e-24, 0.0, 1.2622260063401569e-24, 0.129729556722162, 2.3761510733622284]	[2.895489855181322e-25, 0.0, 2.895489855181322e-25, 0.023211601559689782, 0.7240945935977161]
21833728	[0.0, 0.0, 0.0, 0.0, 0.0]	[0.0, 0.0, 0.0, 0.0, 0.0]
119300881	[0.0, 0.0, 0.0, 0.006535947712418282, 1.5]	[0.0, 0.0, 0.0, 1.9081958235744878e-17, 0.0]
1170869529079177216	[0.0, 0.0, 0.0, 0.10224133513255451, 2.271580345285523]	[0.0, 0.0, 0.0, 0.09143264168059445, 1.0977330776507692]
1151249636494958592	[2.6348348086183003e-50, 0.0, 2.6347313193548538e-50, 0.0647939991092029, 1.3599182218494428]	[1.5404822246087984e-50, 0.0, 1.540421718587596e-50, 0.05290760732254441, 0.6979277029463061]
1192480612424269834	[1.044094185094931e-74, 0.0, 1.044094185094931e-74, 0.0074441687344912865, 1.5]	[9.818186930595453e-90, 0.0, 9.818186930595453e-90, 2.862293735361732e-17, 0.0]
1075150428583555072	[0.0, 0.0, 0.0, 0.06055352212162066, 1.7777777777777763]	[0.0, 0.0, 0.0, 0.012486634869729703, 0.39283710065919214]
117212185	[0.0, 0.0, -1.5171168142006734e-54, 0.04243847327353205, 1.1513944223107573]	[0.0, 0.0, 1.0663589712032308e-54, 0.015115787827791194, 0.2167183589064004]
118541344	[0.0, 0.0, 0.0, 0.06265589387020731, 1.789508632138114]	[0.0, 0.0, 0.0, 0.04875242609004075, 1.192914999081638]
1009577803304656896	[0.0, 0.0, 0.0, 0.0, 0.0]	[0.0, 0.0, 0.0, 0.0, 0.0]
3301158974	[0.0, 0.0, 0.0, 1.0, 1.0]	[0.0, 0.0, 0.0, 0.0, 0.0]
109455789	[0.0, 0.0, 0.0, 0.03723351999214067, 3.2222222222222197]	[0.0, 0.0, 0.0, 0.003890164038358058, 1.0999438818457408]
1174346666239025153	[0.0, 0.0, 0.0, 0.6181987034440619, 1.061824132043257]	[0.0, 0.0, 0.0, 0.07708892668364403, 0.35032815592792826]
162289496	[0.0, 0.0, 0.0, 0.0, 0.0]	[0.0, 0.0, 0.0, 0.0, 0.0]
112047805	[0.0, 0.0, 0.0, 0.10735636457351934, 0.7272908366533841]	[0.0, 0.0, 0.0, 0.0702609036975383, 0.08625045610113174]
599669489	[0.0, 0.0, 0.0, 0.9818181818181769, 27.0]	[0.0, 0.0, 0.0, 4.884981308350689e-15, 0.0]
1122533006	[0.0, 0.0, 0.0, 0.14541642843529637, 1.4555555555555566]	[0.0, 0.0, 0.0, 0.012802581325085206, 0.4164073266987453]
1029799291630641152	[0.0, 0.0, 0.0, 0.03738317757009333, 2.0]	[0.0, 0.0, 0.0, 1.249000902703301e-16, 0.0]
113168742	[2.2268906362908143e-249, 0.0, 2.2268906362908143e-249, 0.10554337926887539, 3.1609561752988076]	[0.0, 0.0, 0.0, 0.0072653371707894834, 0.9565959676670954]
1064330857320800256	[0.0, 0.0, 0.0, 0.011341118882606247, 0.7782204515272252]	[0.0, 0.0, 0.0, 0.0011307727573318252, 0.07840950554648365]
1086450818558185472	[0.0, 0.0, 0.0, 0.6259874786568026, 1.5962815405046513]	[0.0, 0.0, 0.0, 0.06879539198643092, 0.7067785442532087]
1031026429784457216	[0.0, 0.0, 0.0, 0.015209125475285213, 0.6666666666666657]	[0.0, 0.0, 0.0, 4.163336342344337e-17, 8.881784197001252e-16]
1142864340	[0.0, 0.0, 0.0, 0.0068114494485930184, 1.0498007968127472]	[0.0, 0.0, 0.0, 0.0016029228402404672, 0.666383542257108]
1198788918658961408	[0.0, 0.0, 0.0, 0.0, 0.0]	[0.0, 0.0, 0.0, 0.0, 0.0]
113503286	[0.0, 0.0, 0.0, 0.0, 0.0]	[0.0, 0.0, 0.0, 0.0, 0.0]
1088145168375660547	[0.0, 0.0, 0.0, 0.04591836734693895, 4.5]	[0.0, 0.0, 0.0, 1.734723475976807e-16, 0.0]
