108477485	[5.6952434787117634e-08, 0.0, 2.0862011426022328e-07, 0.3702218470053011, 2.855555555555549]	[1.1339811554351551e-07, 0.0, 2.527631983244151e-07, 0.2352379531427311, 2.5534411542847493]
1174892267854684160	[-1.4565612128438882e-06, 0.0, -1.5246193422244161e-06, 0.020120320855615024, 1.4166666666666667]	[1.9074851749949465e-07, 0.0, 1.7597987758492852e-07, 0.005057515079342269, 0.11785113019775817]
1028846365693095936	[1.294220231988291e-06, 0.0, 1.294220231988291e-06, 0.0, 0.0]	[2.964615315390051e-21, 0.0, 2.964615315390051e-21, 0.0, 0.0]
107737145	[3.995326092012833e-08, 0.0, 4.383854127892523e-08, 0.05748538011695895, 1.166666666666668]	[9.1421718733035e-09, 0.0, 3.4104471195226364e-08, 0.005871880873011087, 0.23570226039551564]
1178034563332874241	[-2.224739916708809e-06, 0.0, -2.212981583762117e-06, 0.006269592476489048, 1.0]	[2.541098841762901e-21, 0.0, 1.2281977735187355e-20, 1.9949319973733282e-17, 0.0]
104402081	[1.3553609034422226e-07, 0.0, 1.0720626829749484e-07, 0.028056112224448766, 7.0]	[2.3822801641527197e-22, 0.0, 4.235164736271502e-22, 1.3183898417423734e-16, 0.0]
115795114	[1.682369554525769e-07, 0.0, 2.52590369369395e-07, 0.023255813953488406, 1.0]	[7.940933880509066e-22, 0.0, 8.470329472543003e-22, 3.469446951953614e-17, 0.0]
101816065	[-7.2895331165094265e-06, 0.0, -7.252857175670905e-06, 0.0, 0.0]	[2.456395547037471e-20, 0.0, 4.997494388800372e-20, 0.0, 0.0]
1392190009	[6.863651922847968e-05, 0.0, 6.971893006322106e-05, 0.5143829888902149, 26.10000000000004]	[1.214594769719169e-05, 0.0, 1.2342995231764831e-05, 0.002686177952661826, 9.050966799187789]
1191387079575527425	[4.512914437394215e-08, 0.0, -7.289571445793354e-07, 0.5376121463077964, 1.583333333333329]	[2.7392920517226985e-08, 0.0, 1.1803314422599399e-07, 0.01951985593337599, 0.3535533905932745]
1114006837475594240	[1.9734814411526673e-07, 0.0, -3.3510054877721054e-07, 0.03074458346048206, 1.4166666666666667]	[2.581032221768172e-08, 0.0, 2.178108961999233e-07, 0.00938234198676293, 0.18633899812498275]
1164149377532907520	[5.746347864338162e-07, 0.0, 4.020703271402301e-06, 0.06776191935554482, 1.1952191235059761]	[1.3248485790081506e-07, 0.0, 1.8888537970841045e-06, 0.0213815496445335, 0.149380255110999]
1032854767565975553	[-1.6222273485821195e-07, 0.0, -5.453704922783045e-07, 0.03538246149929993, 1.1388888888888897]	[9.667497394290657e-09, 0.0, 1.1495528534363173e-07, 0.011924608439253841, 0.3928371006591933]
1099806972331859973	[1.6607685467047995e-06, 0.0, 1.6415136967734794e-06, 0.0, 0.0]	[3.1763735522036263e-21, 0.0, 5.717472393966527e-21, 0.0, 0.0]
1074823451825897473	[-1.2050587284908848e-07, 0.0, -1.0708884149720342e-07, 0.03854307858061364, 2.1666666666666665]	[2.1436865928554335e-08, 0.0, 2.2547501718911664e-08, 0.003268522639203788, 0.4714045207910324]
116977325	[-1.96199816750677e-06, 0.0, -2.701274475611176e-05, 0.3731971845942396, 0.9569444444444417]	[1.306463174488388e-06, 0.0, 1.0360033342714031e-05, 0.05738255231000512, 0.535068430491504]
1090299569877995522	[1.5043621643530971e-07, 0.0, 7.999953702479941e-08, 0.020618556701030872, 1.0]	[2.9116757561866574e-22, 0.0, 3.441071348220595e-22, 5.551115123125783e-17, 0.0]
1103939416362348544	[8.421928584866163e-07, 0.0, 7.679912209435813e-07, 0.0, 0.0]	[1.164670302474663e-21, 0.0, 2.0117032497289633e-21, 0.0, 0.0]
1143627713615474688	[1.0803857391116793e-08, 0.0, -6.576087520504506e-07, 0.015789473684210457, 1.5]	[3.474158572722716e-23, 0.0, 3.494010907423989e-21, 6.938893903907228e-17, 0.0]
105228862	[2.1956811174663866e-07, 0.0, 1.990649754500965e-07, 0.09147827940373271, 3.0388888888888967]	[4.8299048048948006e-08, 0.0, 4.4110166212496766e-08, 0.009344318101656578, 1.1235141078852935]
117415288	[2.3863083836255257e-06, 0.0, 7.23939100748431e-07, 0.463491521556037, 42.77777777777787]	[2.19261448465193e-06, 0.0, 3.0849048463365007e-06, 0.3322272359481444, 68.77813677881524]
941538966871912448	[-4.358813594793103e-06, 0.0, -4.288389552867008e-07, 0.11969863521722529, 1.616745140649524]	[1.3795323469728625e-07, 0.0, 2.228645471295209e-08, 0.050440040712868804, 0.34393260387434704]
269062860	[0.00015470964439557073, 0.0, 0.0001550149217535355, 0.04637653921929285, 7.905710491367869]	[2.736448629931312e-07, 0.0, 4.828574561144038e-06, 0.009096662206858792, 2.9795612107663727]
1142395454069641217	[7.418261020949934e-07, 0.0, 5.583416969028724e-07, 0.013888888888888848, 1.0]	[9.529120656610879e-22, 0.0, 9.529120656610879e-22, 3.9898639947466563e-17, 0.0]
1132452978538024961	[-7.59293184774753e-07, 0.0, 1.049012977439541e-07, 0.6675131842301263, 2.1247583827369962]	[3.180827997465062e-08, 0.0, 1.6389876446239856e-07, 0.13751769127568045, 0.6093056361628894]
1087380412089987077	[2.986969968463734e-05, 0.0, 3.0151274103108232e-05, 0.0064935064935065, 1.0]	[1.7618285302889447e-19, 0.0, 2.371692252312041e-20, 6.071532165918825e-18, 0.0]
1074136440265527296	[-1.6311267761568992e-08, 0.0, -8.328079961179929e-08, 0.01978291316526613, 1.388888888888889]	[2.9319186493440126e-09, 0.0, 5.509697518978059e-09, 0.004306153318014301, 0.24845199749997615]
106248996	[1.8235012893499403e-06, 0.0, 1.6005948007936186e-06, 0.0, 0.0]	[1.249373597200093e-20, 0.0, 1.4823076576950256e-21, 0.0, 0.0]
118854389	[6.426424404429075e-08, 0.0, 7.628869808018024e-08, 0.021108647450110807, 1.4444444444444435]	[3.919671636535368e-09, 0.0, 9.48746798624611e-09, 0.019566945962767493, 0.6285393610547101]
117500071	[4.0977236417437384e-08, 0.0, -1.0290952723887482e-07, 0.12800583477569902, 3.7222222222222188]	[6.269122404035758e-09, 0.0, 4.217380005856965e-10, 0.009360045349301039, 0.31426968052735543]
109140767	[4.78418406481739e-06, 0.0, 1.5791422778601645e-06, 0.013059356508875703, 0.8884462151394447]	[1.4386395350711408e-07, 0.0, 1.8900702933723807e-06, 0.004548998218418864, 0.07840950554648332]
113816520	[-2.025508041676115e-07, 0.0, 4.66913955767874e-07, 0.45529156102861273, 2.317529880478092]	[5.309209229008684e-08, 0.0, 2.9048519291231847e-07, 0.024805916300160227, 0.831140758792723]
1136056154	[1.9704502892667777e-06, 0.0, 1.84660074730011e-06, 0.0, 0.0]	[4.235164736271502e-21, 0.0, 8.682087709356578e-21, 0.0, 0.0]
1040025234643083264	[1.8049125778192873e-07, 0.0, 7.708449033304464e-08, 0.448814655172413, 3.2944444444444345]	[3.212519950892256e-08, 0.0, 2.5095097839759195e-09, 0.025144960968918172, 1.2335084960698641]
1079577751	[9.482339693580755e-08, 0.0, -1.027956989301121e-07, 0.10387400625708423, 0.5223720502604952]	[2.0115577132153135e-08, 0.0, 3.285042440148038e-08, 0.04141167104498043, 0.06979307636555138]
15940950	[8.721857315695231e-07, 0.0, -4.233120407733747e-06, 0.07317073170731687, 3.0]	[3.917527381051139e-21, 0.0, 1.0164395367051604e-20, 1.942890293094024e-16, 0.0]
1049338865306259458	[1.5553749284372904e-06, 0.0, 1.5747146913650682e-06, 0.0, 0.0]	[4.235164736271502e-22, 0.0, 6.564505341220828e-21, 0.0, 0.0]
1137809440432898050	[1.4532267880493364e-06, 0.0, 1.4581062814253273e-06, 0.0, 0.0]	[4.658681209898652e-21, 0.0, 8.046812998915853e-21, 0.0, 0.0]
455869077	[2.3799904038378483e-07, 0.0, 8.092745535268274e-08, 0.9847094801223262, 39.77777777777778]	[4.656072640245863e-08, 0.0, 8.034414751546006e-09, 0.0216240605867446, 15.870618866631382]
1021278260057915393	[7.783999359956956e-07, 0.0, 7.476336715427334e-07, 0.0, 0.0]	[1.7999450129153882e-21, 0.0, 2.8587361969832636e-21, 0.0, 0.0]
1069337526	[2.6770641470047018e-08, 0.0, 2.7072545862527073e-08, 0.02963328806025421, 0.8888888888888882]	[4.598045422809211e-09, 0.0, 9.200842246856018e-09, 0.01012771781919246, 0.15713484026367697]
3159888878	[9.297288085239154e-09, 0.0, -8.946969388297282e-08, 0.8777860310171707, 1.0247011952191272]	[4.471459380388324e-10, 0.0, 8.80601381705327e-08, 0.1015336648093448, 0.43909323106030823]
1120387322640510976	[1.9453993752103774e-07, 0.0, 2.722621499720405e-07, 0.021739130434782566, 1.5]	[1.852884572118782e-22, 0.0, 2.6469779601696886e-22, 4.163336342344337e-17, 0.0]
102128701	[2.3609253562683233e-06, 7.446879701992255e-08, 5.04157509842579e-07, 0.24620965946278298, 1.334531139511217]	[4.184126412614889e-07, 6.875242828972913e-08, 9.563285470201092e-07, 0.09652767468653144, 0.7446806290430974]
114329378	[1.701197465117918e-07, 0.0, 1.6996175309668127e-07, 0.08749999999999979, 3.5]	[6.088049308390284e-22, 0.0, 6.88214269644119e-22, 2.0816681711721685e-16, 0.0]
1066128286194049025	[1.8447053586268961e-06, 0.0, 1.8864232912832414e-06, 0.0, 0.0]	[4.658681209898652e-21, 0.0, 5.929230630780102e-21, 0.0, 0.0]
1057138454679699456	[-8.234304241708352e-07, 0.0, 1.0186458575529208e-05, 0.02279202279202271, 1.3333333333333317]	[1.4823076576950256e-21, 0.0, 6.606856988583543e-20, 8.326672684688674e-17, 1.5543122344752192e-15]
1006919818933690368	[2.8841677175944663e-06, 0.0, 3.055309654042611e-06, 0.0, 0.0]	[9.317362419797304e-21, 0.0, 1.0164395367051604e-20, 0.0, 0.0]
1146555642	[5.216855591030849e-06, 0.0, 4.875034618848609e-06, 0.002382843526608435, 1.5]	[2.541098841762901e-21, 0.0, 6.776263578034403e-21, 1.5612511283791264e-17, 0.0]
1131573813735546880	[1.0599704065267385e-06, 0.0, 7.71629890874314e-07, 0.02231494920174163, 0.9444444444444439]	[1.2819733082499577e-07, 0.0, 1.0442884428204105e-07, 0.006896436069937654, 0.1242259987499885]
1092566360771739654	[8.354950803393842e-06, 0.0, 8.284468964167473e-06, 0.0, 0.0]	[3.049318610115481e-20, 0.0, 1.3552527156068805e-20, 0.0, 0.0]
844932007075500034	[6.113699844258277e-08, 0.0, 4.582204201123107e-06, 0.18582261350986598, 1.4641434262948185]	[7.660759941721756e-07, 0.0, 7.396654069418536e-07, 0.0763121839350242, 0.4469341816149552]
104262985	[-3.043873379568405e-07, 0.0, -0.00011629218057180708, 0.0, 0.0]	[5.293955920339377e-22, 0.0, 6.640738306473715e-19, 0.0, 0.0]
111809335	[1.6884387404830072e-07, 0.0, 1.9939986590682104e-07, 0.0270293609671848, 1.555555555555557]	[5.492766573802711e-08, 0.0, 7.286771467050451e-08, 0.01624269462829205, 0.07856742013183868]
10630	[2.3828849062454652e-06, 0.0, 2.347770109321307e-06, 0.00599155151227017, 1.8326693227091633]	[3.2167277224648314e-07, 0.0, 4.638954751481712e-07, 0.001024015779577249, 0.3732708423226034]
100673942	[4.2762497730248206e-08, 0.0, 1.8350496652526427e-08, 0.96841450907215, 21.254980079681257]	[6.867990005599442e-09, 0.0, 4.430647732473281e-09, 0.00037224119419149913, 5.802303410439773]
107574989	[1.206199451562357e-06, 0.0, 1.1917075303079557e-06, 0.09482758620689674, 5.5]	[1.4823076576950256e-21, 0.0, 4.235164736271502e-22, 1.942890293094024e-16, 0.0]
1099804993127960576	[4.431220047007061e-06, 3.3408682268548933e-08, 4.211920582770489e-06, 0.06012302522085726, 0.6844155844155839]	[7.862191643438981e-07, 5.435496764333815e-08, 7.278218463909416e-07, 0.013338552580982033, 0.14325799722740468]
2260499999	[3.4396750528382214e-07, 0.0, 2.075572063678298e-07, 1.0, 8.349206349206373]	[1.9454407101596478e-08, 0.0, 3.7508946909796485e-08, 0.0, 2.923830420620561]
1011800462	[2.7133760891804835e-07, 0.0, 2.9432578384684307e-07, 0.0, 0.0]	[1.852884572118782e-21, 0.0, 1.0587911840678754e-22, 0.0, 0.0]
1086312120088711168	[-4.2632019365246805e-06, 0.0, -4.025032578094566e-06, 0.0, 0.0]	[0.0, 0.0, 1.5246593050577406e-20, 0.0, 0.0]
1072650654718545922	[1.169737144059018e-07, 0.0, 6.014943262179876e-08, 0.0, 0.0]	[3.5734202462290796e-22, 0.0, 3.1763735522036263e-22, 0.0, 0.0]
101098968	[9.82858476921861e-07, 0.0, 9.080082583991237e-07, 0.014336917562724056, 2.0]	[3.5998900258307764e-21, 0.0, 5.505714157152952e-21, 4.163336342344337e-17, 0.0]
1072595037391859712	[-6.298004904643569e-08, 0.0, 2.797623050346852e-09, 0.07547169811320804, 4.0]	[1.0587911840678754e-22, 0.0, 1.075334796318936e-23, 4.996003610813204e-16, 0.0]
1186126056	[-3.207174161706838e-08, 0.0, -4.2882194010461044e-08, 0.11864678531345227, 3.3333333333333335]	[7.314932416202493e-09, 0.0, 1.0048661451762811e-08, 0.020860613714658492, 0.9428090415820647]
1050945104	[-2.102958637603966e-05, 0.0, -2.085983681484641e-05, 0.0, 0.0]	[6.437450399132683e-20, 0.0, 5.759824041329242e-20, 0.0, 0.0]
1105535994	[3.5478714744180396e-07, 4.573515194612238e-08, 3.281920068866041e-07, 0.10037135577081037, 1.5026560424966766]	[6.790585974311097e-08, 8.06063044654365e-09, 6.590661888635681e-08, 0.005520286446539848, 0.4704570332789003]
26876056	[6.719264226906808e-06, 0.0, 5.831527765366491e-06, 0.015802946200994438, 1.694444444444443]	[8.604975053456789e-07, 0.0, 7.440060551208465e-07, 0.000535678184187736, 0.4321208107251129]
1189960471014789120	[-2.504531280318425e-07, 0.0, 9.741049364012294e-07, 0.0707284138617841, 1.2387782204515265]	[5.285668799626604e-08, 0.0, 1.3808960917924517e-06, 0.021239179285930446, 1.0040120993577113]
386573370	[2.6774229901769344e-08, 0.0, 7.028935266668364e-07, 1.0, 14.894754316069003]	[2.884633569458461e-07, 0.0, 6.094396429230965e-07, 0.0, 3.881270524550936]
104185233	[9.984512179728093e-07, 0.0, 7.651909030242189e-07, 0.0, 0.0]	[6.352747104407253e-22, 0.0, 2.2234614865425384e-21, 0.0, 0.0]
1064240933783461889	[8.775291910372288e-06, 0.0, 8.320691092530596e-06, 0.048388122356960765, 1.0511288180610878]	[3.3971590432012017e-06, 0.0, 4.708341169560174e-06, 0.005890484939612944, 0.784095055464836]
1000617635191644160	[5.705120575063391e-06, 0.0, 5.27611959755822e-06, 0.026666666666666596, 6.0]	[5.082197683525802e-21, 0.0, 1.2705494208814505e-20, 7.28583859910259e-17, 0.0]
1082454963924680704	[1.3328949423760738e-06, 0.0, 1.3116921038008727e-06, 0.0, 0.0]	[4.235164736271502e-22, 0.0, 4.0234064994579266e-21, 0.0, 0.0]
1099134757	[1.542169084279881e-05, 2.830830845972688e-07, 1.3617587754236118e-05, 0.129729556722162, 2.3761510733622284]	[3.456367696712192e-06, 6.292213213128897e-08, 2.9950905676833816e-06, 0.023211601559689782, 0.7240945935977161]
21833728	[0.0, 0.0, 0.0, 0.0, 0.0]	[0.0, 0.0, 0.0, 0.0, 0.0]
119300881	[1.3726557921104562e-06, 0.0, 1.185994958679426e-06, 0.006535947712418282, 1.5]	[6.564505341220828e-21, 0.0, 7.199780051661553e-21, 1.9081958235744878e-17, 0.0]
1170869529079177216	[2.915201112591053e-07, 0.0, 1.3213805877446008e-07, 0.10224133513255451, 2.271580345285523]	[5.410783270363784e-08, 0.0, 1.1337557366218732e-07, 0.09143264168059445, 1.0977330776507692]
1151249636494958592	[1.1252779740231675e-05, 0.0, 1.2770287715029172e-06, 0.0647939991092029, 1.3599182218494428]	[5.162792520728952e-06, 0.0, 1.969080279622242e-07, 0.05290760732254441, 0.6979277029463061]
1192480612424269834	[3.2178920642601904e-05, 0.0, 3.2088880040854e-05, 0.0074441687344912865, 1.5]	[6.098637220230962e-20, 0.0, 5.421010862427522e-20, 2.862293735361732e-17, 0.0]
1075150428583555072	[4.083778484804955e-07, 0.0, 3.834389547907094e-07, 0.06055352212162066, 1.7777777777777763]	[2.5139160335362475e-08, 0.0, 1.5246244986808886e-08, 0.012486634869729703, 0.39283710065919214]
117212185	[8.489701647415493e-07, 0.0, -8.961027234985905e-06, 0.04243847327353205, 1.1513944223107573]	[2.875649384687214e-07, 0.0, 6.905665647094344e-06, 0.015115787827791194, 0.2167183589064004]
118541344	[3.269738163392164e-07, 0.0, 9.92408197608383e-08, 0.06265589387020731, 1.789508632138114]	[4.692241963978034e-08, 0.0, 5.37204171181319e-07, 0.04875242609004075, 1.192914999081638]
1009577803304656896	[-6.295561876828561e-06, 0.0, -5.71819543254221e-06, 0.0, 0.0]	[1.4399560103323106e-20, 0.0, 8.470329472543003e-21, 0.0, 0.0]
3301158974	[5.2811231779590443e-08, 0.0, 1.8354731914121759e-07, 1.0, 1.0]	[1.7205356741102976e-22, 0.0, 1.5881867761018131e-22, 0.0, 0.0]
109455789	[-1.9645005131743005e-08, 0.0, -4.3856908175248745e-08, 0.03723351999214067, 3.2222222222222197]	[1.6343539986423415e-08, 0.0, 2.6858294392640967e-08, 0.003890164038358058, 1.0999438818457408]
1174346666239025153	[1.9163366816059393e-08, 0.0, 1.4334200039447482e-07, 0.6181987034440619, 1.061824132043257]	[1.2956664166257875e-08, 0.0, 7.650788361987422e-08, 0.07708892668364403, 0.35032815592792826]
162289496	[0.0, 0.0, 0.0, 0.0, 0.0]	[0.0, 0.0, 0.0, 0.0, 0.0]
112047805	[-3.0978809249467395e-07, 0.0, -6.651839525781296e-08, 0.10735636457351934, 0.7272908366533841]	[6.284651437772519e-08, 0.0, 7.929644661429911e-09, 0.0702609036975383, 0.08625045610113174]
599669489	[1.1182831758981897e-06, 0.0, 1.9943920348952709e-07, 0.9818181818181769, 27.0]	[3.5998900258307764e-21, 0.0, 1.0587911840678754e-21, 4.884981308350689e-15, 0.0]
1122533006	[9.459995555072562e-08, 0.0, -7.349621454480878e-09, 0.14541642843529637, 1.4555555555555566]	[7.38076991704008e-09, 0.0, 1.529569202018154e-08, 0.012802581325085206, 0.4164073266987453]
1029799291630641152	[8.880483165472106e-07, 0.0, 8.593601463120448e-07, 0.03738317757009333, 2.0]	[0.0, 0.0, 3.282252670610414e-21, 1.249000902703301e-16, 0.0]
113168742	[3.524550386949965e-06, 0.0, 3.457249156941751e-06, 0.10554337926887539, 3.1609561752988076]	[6.319467586634553e-07, 0.0, 6.267811933321942e-07, 0.0072653371707894834, 0.9565959676670954]
1064330857320800256	[1.5559582565229994e-06, 0.0, 1.107699791259659e-06, 0.011341118882606247, 0.7782204515272252]	[6.200708447627215e-08, 0.0, 4.518512762647624e-07, 0.0011307727573318252, 0.07840950554648365]
1086450818558185472	[5.941462419154322e-09, 0.0, 7.760209829705408e-07, 0.6259874786568026, 1.5962815405046513]	[2.855400001582751e-08, 0.0, 7.216744644135929e-07, 0.06879539198643092, 0.7067785442532087]
1031026429784457216	[1.5641002902231504e-06, 0.0, 1.5574398498530627e-06, 0.015209125475285213, 0.6666666666666657]	[5.293955920339377e-21, 0.0, 9.105604182983729e-21, 4.163336342344337e-17, 8.881784197001252e-16]
1142864340	[7.472523029096512e-06, 0.0, 7.079477391079567e-06, 0.0068114494485930184, 1.0498007968127472]	[1.352098632097986e-06, 0.0, 1.3759488834234676e-06, 0.0016029228402404672, 0.666383542257108]
1198788918658961408	[-2.135499939076402e-06, 0.0, -2.152978598808068e-06, 0.0, 0.0]	[5.082197683525802e-21, 0.0, 1.1858461261560205e-20, 0.0, 0.0]
113503286	[5.482756600693582e-06, 0.0, 5.456366036900418e-06, 0.0, 0.0]	[1.4399560103323106e-20, 0.0, 1.8634724839594607e-20, 0.0, 0.0]
1088145168375660547	[7.087399822124123e-07, 0.0, 7.223626507697039e-07, 0.04591836734693895, 4.5]	[2.6469779601696886e-21, 0.0, 2.0117032497289633e-21, 1.734723475976807e-16, 0.0]
