108477485	[0.0, 0.0, 0.0, 0.3702218470053011, 2.855555555555549]	[0.0, 0.0, 0.0, 0.2352379531427311, 2.5534411542847493]
1174892267854684160	[-1.517644615467556e-142, 0.0, -1.5176446154679156e-142, 0.020120320855615024, 1.4166666666666667]	[1.9511578164239304e-143, 0.0, 1.95115781642642e-143, 0.005057515079342269, 0.11785113019775817]
1028846365693095936	[0.0, 0.0, 0.0, 0.0, 0.0]	[0.0, 0.0, 0.0, 0.0, 0.0]
107737145	[0.0, 0.0, 0.0, 0.05748538011695895, 1.166666666666668]	[0.0, 0.0, 0.0, 0.005871880873011087, 0.23570226039551564]
1178034563332874241	[2.804326938674282e-91, 0.0, 2.804326938674282e-91, 0.006269592476489048, 1.0]	[1.0900377190420866e-106, 0.0, 1.0900377190420866e-106, 1.9949319973733282e-17, 0.0]
104402081	[0.0, 0.0, 0.0, 0.028056112224448766, 7.0]	[0.0, 0.0, 0.0, 1.3183898417423734e-16, 0.0]
115795114	[0.0, 0.0, 0.0, 0.023255813953488406, 1.0]	[0.0, 0.0, 0.0, 3.469446951953614e-17, 0.0]
101816065	[-2.8830562515810954e-10, 0.0, -2.8830562515810954e-10, 0.0, 0.0]	[8.788794008375919e-25, 0.0, 8.788794008375919e-25, 0.0, 0.0]
1392190009	[-0.16052952502687293, 0.0, -0.16052952502687293, 0.5143829888902149, 26.10000000000004]	[0.028377878931789318, 0.0, 0.028377878931789318, 0.002686177952661826, 9.050966799187789]
1191387079575527425	[0.0, 0.0, 0.0, 0.5376121463077964, 1.583333333333329]	[0.0, 0.0, 0.0, 0.01951985593337599, 0.3535533905932745]
1114006837475594240	[0.0, 0.0, -1.0636312890323388e-101, 0.03074458346048206, 1.4166666666666667]	[0.0, 0.0, 1.3990305089835502e-102, 0.00938234198676293, 0.18633899812498275]
1164149377532907520	[-2.2511607221314398e-101, 0.0, 3.8400174723328355e-101, 0.06776191935554482, 1.1952191235059761]	[5.021749002169028e-101, 0.0, 8.004543327722569e-101, 0.0213815496445335, 0.149380255110999]
1032854767565975553	[1.3187125761183696e-57, 0.0, 1.3187125761183696e-57, 0.03538246149929993, 1.1388888888888897]	[5.94278939548003e-72, 0.0, 5.94278939548003e-72, 0.011924608439253841, 0.3928371006591933]
1099806972331859973	[0.0, 0.0, 0.0, 0.0, 0.0]	[0.0, 0.0, 0.0, 0.0, 0.0]
1074823451825897473	[0.0, 0.0, 0.0, 0.03854307858061364, 2.1666666666666665]	[0.0, 0.0, 0.0, 0.003268522639203788, 0.4714045207910324]
116977325	[3.8449433807470656e-05, 0.0, -0.09361318816444804, 0.3731971845942396, 0.9569444444444417]	[1.2984737987976154e-05, 0.0, 0.03161406034276415, 0.05738255231000512, 0.535068430491504]
1090299569877995522	[0.0, 0.0, -1.5627200985669825e-109, 0.020618556701030872, 1.0]	[0.0, 0.0, 1.6545497683072039e-124, 5.551115123125783e-17, 0.0]
1103939416362348544	[0.0, 0.0, 0.0, 0.0, 0.0]	[0.0, 0.0, 0.0, 0.0, 0.0]
1143627713615474688	[0.0, 0.0, -2.8992952739765556e-160, 0.015789473684210457, 1.5]	[0.0, 0.0, 0.0, 6.938893903907228e-17, 0.0]
105228862	[0.0, 0.0, 0.0, 0.09147827940373271, 3.0388888888888967]	[0.0, 0.0, 0.0, 0.009344318101656578, 1.1235141078852935]
117415288	[4.845129290892748e-19, 0.0, 2.2565736032466775e-19, 0.463491521556037, 42.77777777777787]	[7.05461465355658e-19, 0.0, 8.843170916735283e-19, 0.3322272359481444, 68.77813677881524]
941538966871912448	[-0.03355970737199106, 0.0, -0.03367521763366461, 0.11969863521722529, 1.616745140649524]	[0.005914758943808506, 0.0, 0.005750421638143479, 0.050440040712868804, 0.34393260387434704]
269062860	[-0.26543597858219964, 0.0, -0.2653842098708928, 0.04637653921929285, 7.905710491367869]	[0.13623199251704932, 0.0, 0.13630564424643485, 0.009096662206858792, 2.9795612107663727]
1142395454069641217	[0.0, 0.0, 0.0, 0.013888888888888848, 1.0]	[0.0, 0.0, 0.0, 3.9898639947466563e-17, 0.0]
1132452978538024961	[-8.255223710717819e-92, 0.0, -1.352534643987273e-83, 0.6675131842301263, 2.1247583827369962]	[1.7902952103865643e-92, 0.0, 2.9332170512454283e-84, 0.13751769127568045, 0.6093056361628894]
1087380412089987077	[-7.464838148531124e-10, 0.0, -7.464838148531124e-10, 0.0064935064935065, 1.0]	[2.68833699079734e-24, 0.0, 2.68833699079734e-24, 6.071532165918825e-18, 0.0]
1074136440265527296	[0.0, 0.0, 0.0, 0.01978291316526613, 1.388888888888889]	[0.0, 0.0, 0.0, 0.004306153318014301, 0.24845199749997615]
106248996	[0.0, 0.0, 0.0, 0.0, 0.0]	[0.0, 0.0, 0.0, 0.0, 0.0]
118854389	[0.0, 0.0, 0.0, 0.021108647450110807, 1.4444444444444435]	[0.0, 0.0, 0.0, 0.019566945962767493, 0.6285393610547101]
117500071	[0.0, 0.0, 0.0, 0.12800583477569902, 3.7222222222222188]	[0.0, 0.0, 0.0, 0.009360045349301039, 0.31426968052735543]
109140767	[-4.7976587241805735e-06, 0.0, -4.7976587241805735e-06, 0.013059356508875703, 0.8884462151394447]	[4.833875126328625e-07, 0.0, 4.833875126328625e-07, 0.004548998218418864, 0.07840950554648332]
113816520	[0.0, 0.0, 2.969371624535346e-27, 0.45529156102861273, 2.317529880478092]	[0.0, 0.0, 2.0871273991699137e-27, 0.024805916300160227, 0.831140758792723]
1136056154	[4.966895622557536e-54, 0.0, 4.966895622557536e-54, 0.0, 0.0]	[1.6807340370302378e-68, 0.0, 1.6807340370302378e-68, 0.0, 0.0]
1040025234643083264	[0.0, 0.0, 0.0, 0.448814655172413, 3.2944444444444345]	[0.0, 0.0, 0.0, 0.025144960968918172, 1.2335084960698641]
1079577751	[0.0, 0.0, 0.0, 0.10387400625708423, 0.5223720502604952]	[0.0, 0.0, 0.0, 0.04141167104498043, 0.06979307636555138]
15940950	[2.4539209101e-313, 0.0, -6.192874393260859e-103, 0.07317073170731687, 3.0]	[0.0, 0.0, 8.92245177181283e-118, 1.942890293094024e-16, 0.0]
1049338865306259458	[0.0, 0.0, 0.0, 0.0, 0.0]	[0.0, 0.0, 0.0, 0.0, 0.0]
1137809440432898050	[0.0, 0.0, 0.0, 0.0, 0.0]	[0.0, 0.0, 0.0, 0.0, 0.0]
455869077	[0.0, 0.0, 0.0, 0.9847094801223262, 39.77777777777778]	[0.0, 0.0, 0.0, 0.0216240605867446, 15.870618866631382]
1021278260057915393	[0.0, 0.0, 0.0, 0.0, 0.0]	[0.0, 0.0, 0.0, 0.0, 0.0]
1069337526	[0.0, 0.0, 0.0, 0.02963328806025421, 0.8888888888888882]	[0.0, 0.0, 0.0, 0.01012771781919246, 0.15713484026367697]
3159888878	[0.0, 0.0, 6.968589817141273e-59, 0.8777860310171707, 1.0247011952191272]	[0.0, 0.0, 9.914264397216519e-59, 0.1015336648093448, 0.43909323106030823]
1120387322640510976	[0.0, 0.0, 0.0, 0.021739130434782566, 1.5]	[0.0, 0.0, 0.0, 4.163336342344337e-17, 0.0]
102128701	[6.945067277279375e-10, 0.0, -8.745769937790289e-10, 0.24620965946278298, 1.334531139511217]	[6.84616703403785e-10, 0.0, 1.8454378422735267e-09, 0.09652767468653144, 0.7446806290430974]
114329378	[0.0, 0.0, 0.0, 0.08749999999999979, 3.5]	[0.0, 0.0, 0.0, 2.0816681711721685e-16, 0.0]
1066128286194049025	[4.197094635720565e-81, 0.0, 4.197094635720565e-81, 0.0, 0.0]	[2.809005812815319e-95, 0.0, 2.809005812815319e-95, 0.0, 0.0]
1057138454679699456	[5.149556977254773e-32, 0.0, -0.0013972566592912413, 0.02279202279202271, 1.3333333333333317]	[2.8463875056597847e-46, 0.0, 8.456776945386935e-18, 8.326672684688674e-17, 1.5543122344752192e-15]
1006919818933690368	[-1.2805844890623257e-89, 0.0, -1.2805844890623257e-89, 0.0, 0.0]	[5.4065870864487495e-104, 0.0, 5.4065870864487495e-104, 0.0, 0.0]
1146555642	[8.60739624569267e-102, 0.0, 8.60739624569267e-102, 0.002382843526608435, 1.5]	[7.931068241611404e-117, 0.0, 7.931068241611404e-117, 1.5612511283791264e-17, 0.0]
1131573813735546880	[0.0, 0.0, -1.205190606281934e-208, 0.02231494920174163, 0.9444444444444439]	[0.0, 0.0, 0.0, 0.006896436069937654, 0.1242259987499885]
1092566360771739654	[9.137501167764017e-21, 0.0, 9.137501167764017e-21, 0.0, 0.0]	[6.018531076210112e-36, 0.0, 6.018531076210112e-36, 0.0, 0.0]
844932007075500034	[4.9574347598958795e-27, 0.0, 1.6273986754437979e-06, 0.18582261350986598, 1.4641434262948185]	[7.052979186787854e-27, 0.0, 1.3504631718597187e-07, 0.0763121839350242, 0.4469341816149552]
104262985	[1.6737434263998032e-244, 0.0, -0.17525731737782796, 0.0, 0.0]	[0.0, 0.0, 8.881784197001252e-16, 0.0, 0.0]
111809335	[0.0, 0.0, 0.0, 0.0270293609671848, 1.555555555555557]	[0.0, 0.0, 0.0, 0.01624269462829205, 0.07856742013183868]
10630	[-2.6212223778370883e-08, 0.0, -2.6212223778370883e-08, 0.00599155151227017, 1.8326693227091633]	[3.4540773151535473e-09, 0.0, 3.4540773151535473e-09, 0.001024015779577249, 0.3732708423226034]
100673942	[-3.5291582573504756e-234, 0.0, 4.3111477462454704e-40, 0.96841450907215, 21.254980079681257]	[0.0, 0.0, 5.527477247124239e-41, 0.00037224119419149913, 5.802303410439773]
107574989	[-6.726113465634396e-188, 0.0, -6.726113465634396e-188, 0.09482758620689674, 5.5]	[0.0, 0.0, 0.0, 1.942890293094024e-16, 0.0]
1099804993127960576	[-6.481186428577149e-05, 1.148913387575719e-129, -6.481186428577149e-05, 0.06012302522085726, 0.6844155844155839]	[1.2642457582844478e-05, 1.624808894701595e-129, 1.2642457582844478e-05, 0.013338552580982033, 0.14325799722740468]
2260499999	[0.0, 0.0, 0.0, 1.0, 8.349206349206373]	[0.0, 0.0, 0.0, 0.0, 2.923830420620561]
1011800462	[0.0, 0.0, 0.0, 0.0, 0.0]	[0.0, 0.0, 0.0, 0.0, 0.0]
1086312120088711168	[9.284597348588376e-14, 0.0, 9.284597348588376e-14, 0.0, 0.0]	[5.553580772755923e-28, 0.0, 5.553580772755923e-28, 0.0, 0.0]
1072650654718545922	[0.0, 0.0, 0.0, 0.0, 0.0]	[0.0, 0.0, 0.0, 0.0, 0.0]
101098968	[-2.8071338333510735e-281, 0.0, -2.8071338333510735e-281, 0.014336917562724056, 2.0]	[0.0, 0.0, 0.0, 4.163336342344337e-17, 0.0]
1072595037391859712	[0.0, 0.0, 9.254867904469261e-235, 0.07547169811320804, 4.0]	[0.0, 0.0, 0.0, 4.996003610813204e-16, 0.0]
1186126056	[0.0, 0.0, 0.0, 0.11864678531345227, 3.3333333333333335]	[0.0, 0.0, 0.0, 0.020860613714658492, 0.9428090415820647]
1050945104	[-6.528247995009588e-16, 0.0, -6.528247995009588e-16, 0.0, 0.0]	[8.874685183736383e-31, 0.0, 8.874685183736383e-31, 0.0, 0.0]
1105535994	[0.0, 0.0, 0.0, 0.10037135577081037, 1.5026560424966766]	[0.0, 0.0, 0.0, 0.005520286446539848, 0.4704570332789003]
26876056	[-1.6095049303022016e-57, 0.0, -1.6095049303022016e-57, 0.015802946200994438, 1.694444444444443]	[2.069257910127033e-58, 0.0, 2.069257910127033e-58, 0.000535678184187736, 0.4321208107251129]
1189960471014789120	[5.170073140510749e-33, 0.0, -0.00014028234188900025, 0.0707284138617841, 1.2387782204515265]	[7.289794397832683e-33, 0.0, 0.00019779786517996133, 0.021239179285930446, 1.0040120993577113]
386573370	[-1.0787248017577344e-98, 0.0, 4.438689363602869e-09, 1.0, 14.894754316069003]	[1.5347097730094912e-98, 0.0, 6.314956265559638e-09, 0.0, 3.881270524550936]
104185233	[0.0, 0.0, 0.0, 0.0, 0.0]	[0.0, 0.0, 0.0, 0.0, 0.0]
1064240933783461889	[0.00031483105297855216, 0.0, 0.00027414650225174097, 0.048388122356960765, 1.0511288180610878]	[8.09069320462652e-05, 0.0, 0.0001095035010453139, 0.005890484939612944, 0.784095055464836]
1000617635191644160	[1.985067247663458e-161, 0.0, -3.819577339224932e-21, 0.026666666666666596, 6.0]	[0.0, 0.0, 3.009265538105056e-36, 7.28583859910259e-17, 0.0]
1082454963924680704	[0.0, 0.0, 0.0, 0.0, 0.0]	[0.0, 0.0, 0.0, 0.0, 0.0]
1099134757	[0.036505120512407264, -8.373831693437215e-159, 0.036505120512407264, 0.129729556722162, 2.3761510733622284]	[0.008374110941694693, 1.9209188624107344e-159, 0.008374110941694693, 0.023211601559689782, 0.7240945935977161]
21833728	[0.0, 0.0, 0.0, 0.0, 0.0]	[0.0, 0.0, 0.0, 0.0, 0.0]
119300881	[-4.144911005982115e-105, 0.0, -4.144911005982115e-105, 0.006535947712418282, 1.5]	[4.647110297819182e-120, 0.0, 4.647110297819182e-120, 1.9081958235744878e-17, 0.0]
1170869529079177216	[0.0, 0.0, 0.0, 0.10224133513255451, 2.271580345285523]	[0.0, 0.0, 0.0, 0.09143264168059445, 1.0977330776507692]
1151249636494958592	[0.03478887769038201, 0.0, 0.01721618189907838, 0.0647939991092029, 1.3599182218494428]	[0.02034602603180478, 0.0, 0.01007896754944279, 0.05290760732254441, 0.6979277029463061]
1192480612424269834	[0.016802170902068286, 0.0, 0.016802170902068286, 0.0074441687344912865, 1.5]	[6.938893903907228e-18, 0.0, 6.938893903907228e-18, 2.862293735361732e-17, 0.0]
1075150428583555072	[2.0292632098681762e-162, 0.0, 2.0292632098681762e-162, 0.06055352212162066, 1.7777777777777763]	[0.0, 0.0, 0.0, 0.012486634869729703, 0.39283710065919214]
117212185	[0.0, 0.0, -0.14462826119689848, 0.04243847327353205, 1.1513944223107573]	[0.0, 0.0, 0.10165706580616503, 0.015115787827791194, 0.2167183589064004]
118541344	[2.1151515308944414e-61, 0.0, 2.1151515308944414e-61, 0.06265589387020731, 1.789508632138114]	[4.349795966778586e-61, 0.0, 4.349795966778586e-61, 0.04875242609004075, 1.192914999081638]
1009577803304656896	[-1.3763042952704962e-20, 0.0, -1.3763042952704962e-20, 0.0, 0.0]	[5.416677968589101e-35, 0.0, 5.416677968589101e-35, 0.0, 0.0]
3301158974	[0.0, 0.0, 0.0, 1.0, 1.0]	[0.0, 0.0, 0.0, 0.0, 0.0]
109455789	[0.0, 0.0, 0.0, 0.03723351999214067, 3.2222222222222197]	[0.0, 0.0, 0.0, 0.003890164038358058, 1.0999438818457408]
1174346666239025153	[0.0, 0.0, 0.0, 0.6181987034440619, 1.061824132043257]	[0.0, 0.0, 0.0, 0.07708892668364403, 0.35032815592792826]
162289496	[0.0, 0.0, 0.0, 0.0, 0.0]	[0.0, 0.0, 0.0, 0.0, 0.0]
112047805	[0.0, 0.0, 0.0, 0.10735636457351934, 0.7272908366533841]	[0.0, 0.0, 0.0, 0.0702609036975383, 0.08625045610113174]
599669489	[-5.606019736264935e-118, 0.0, -5.606019736264892e-118, 0.9818181818181769, 27.0]	[2.4654712800788937e-132, 0.0, 8.805254571710335e-134, 4.884981308350689e-15, 0.0]
1122533006	[0.0, 0.0, -2.240012786274738e-204, 0.14541642843529637, 1.4555555555555566]	[0.0, 0.0, 0.0, 0.012802581325085206, 0.4164073266987453]
1029799291630641152	[-2.5598192440086157e-95, 0.0, -2.5598192440086157e-95, 0.03738317757009333, 2.0]	[4.324490462508278e-110, 0.0, 4.324490462508278e-110, 1.249000902703301e-16, 0.0]
113168742	[1.811992943008007e-06, 0.0, 1.811992943008007e-06, 0.10554337926887539, 3.1609561752988076]	[3.193562252190341e-07, 0.0, 3.193562252190341e-07, 0.0072653371707894834, 0.9565959676670954]
1064330857320800256	[2.5160043390741624e-105, 0.0, 2.5160012580508515e-105, 0.011341118882606247, 0.7782204515272252]	[5.8088878722739774e-120, 0.0, 2.2075032375360062e-111, 0.0011307727573318252, 0.07840950554648365]
1086450818558185472	[0.0, 0.0, -5.323357489466217e-82, 0.6259874786568026, 1.5962815405046513]	[0.0, 0.0, 5.302190974270446e-82, 0.06879539198643092, 0.7067785442532087]
1031026429784457216	[0.0, 0.0, 0.0, 0.015209125475285213, 0.6666666666666657]	[0.0, 0.0, 0.0, 4.163336342344337e-17, 8.881784197001252e-16]
1142864340	[6.293892562087813e-106, 0.0, -1.5076782102242081e-92, 0.0068114494485930184, 1.0498007968127472]	[1.0755263905705823e-106, 0.0, 6.661790014309728e-93, 0.0016029228402404672, 0.666383542257108]
1198788918658961408	[-1.07811446376082e-93, 0.0, -1.07811446376082e-93, 0.0, 0.0]	[2.5547759040048904e-108, 0.0, 2.5547759040048904e-108, 0.0, 0.0]
113503286	[4.436640788110576e-27, 0.0, 4.436640788110576e-27, 0.0, 0.0]	[1.8654085157091965e-41, 0.0, 1.8654085157091965e-41, 0.0, 0.0]
1088145168375660547	[0.0, 0.0, 0.0, 0.04591836734693895, 4.5]	[0.0, 0.0, 0.0, 1.734723475976807e-16, 0.0]
