108477485	[4.843522819448732e-11, 4.843496163840601e-11, 7.341939304074311e-11, 0.3702218470053011, 2.855555555555549]	[2.184662411712973e-11, 2.1847000737157016e-11, 4.3784287001317036e-11, 0.2352379531427311, 2.5534411542847493]
1174892267854684160	[-1.344461868710604e-09, -1.344545026735241e-09, -1.3452693794470399e-09, 0.020120320855615024, 1.4166666666666667]	[1.6080734751237502e-10, 1.605702448314421e-10, 1.4757229139434243e-10, 0.005057515079342269, 0.11785113019775817]
1028846365693095936	[1.0078451320843107e-09, 1.0078451320843107e-09, 1.0078451320843107e-09, 0.0, 0.0]	[6.4106497472859645e-24, 6.4106497472859645e-24, 6.4106497472859645e-24, 0.0, 0.0]
107737145	[1.0307811720480777e-11, 1.0307811222021896e-11, 1.1834350026087359e-11, 0.05748538011695895, 1.166666666666668]	[1.8251556876788986e-12, 1.8251555700355885e-12, 3.863737286209206e-12, 0.005871880873011087, 0.23570226039551564]
1178034563332874241	[-2.810270549737678e-09, -2.8102705441053276e-09, -2.808602191864866e-09, 0.006269592476489048, 1.0]	[1.0339757656912846e-23, 1.1580528575742387e-23, 9.098986738083304e-24, 1.9949319973733282e-17, 0.0]
104402081	[9.580418639029876e-12, 9.580386505117449e-12, 4.810091757378684e-12, 0.028056112224448766, 7.0]	[2.4233807008389483e-26, 4.0389678347315804e-26, 2.261821987449685e-26, 1.3183898417423734e-16, 0.0]
115795114	[6.191038577281434e-11, 6.19103856811943e-11, 7.974119122361531e-11, 0.023255813953488406, 1.0]	[1.9387045606711586e-25, 2.3264454728053903e-25, 2.5849394142282115e-26, 3.469446951953614e-17, 0.0]
101816065	[-3.237513715624964e-08, -3.237513715624964e-08, -3.2370077602343366e-08, 0.0, 0.0]	[5.955700410381799e-23, 5.955700410381799e-23, 4.632211430296955e-23, 0.0, 0.0]
1392190009	[3.5935616669905113e-06, 3.5935616669928965e-06, 3.5942867206410648e-06, 0.5143829888902149, 26.10000000000004]	[6.352596903171781e-07, 6.352596903175503e-07, 6.353895701975659e-07, 0.002686177952661826, 9.050966799187789]
1191387079575527425	[1.2720278565808328e-11, 1.2720278559527334e-11, -1.412162573952818e-10, 0.5376121463077964, 1.583333333333329]	[6.796401575356674e-12, 6.796401576133329e-12, 2.573719023396974e-11, 0.01951985593337599, 0.3535533905932745]
1114006837475594240	[9.041761069998594e-11, 9.041760543377959e-11, -1.9627496271459466e-10, 0.03074458346048206, 1.4166666666666667]	[1.1857398814646675e-11, 1.1857415895000961e-11, 1.1721105372835448e-10, 0.00938234198676293, 0.18633899812498275]
1164149377532907520	[8.3785020671242e-10, 8.378502134769891e-10, 1.6227451417360088e-09, 0.06776191935554482, 1.1952191235059761]	[1.4394693210947616e-10, 1.4394692719648835e-10, 8.267583773530516e-10, 0.0213815496445335, 0.149380255110999]
1032854767565975553	[-5.471261442552778e-10, -5.471241779488337e-10, -6.285665075642046e-10, 0.03538246149929993, 1.1388888888888897]	[1.397583451841582e-12, 1.3973011775975234e-12, 3.394844726026188e-11, 0.011924608439253841, 0.3928371006591933]
1099806972331859973	[6.630822794929127e-10, 6.630822794929127e-10, 6.604104393042346e-10, 0.0, 0.0]	[1.9645539548134407e-24, 1.9645539548134407e-24, 1.4475660719677984e-24, 0.0, 0.0]
1074823451825897473	[2.4675410347398865e-12, 2.5119019920653748e-12, 5.012177682153517e-12, 0.03854307858061364, 2.1666666666666665]	[5.380835606356214e-13, 5.185228051262363e-13, 6.455227556801229e-13, 0.003268522639203788, 0.4714045207910324]
116977325	[-2.0120232116355512e-08, -2.0120230784918484e-08, -4.0113320622404014e-07, 0.3731971845942396, 0.9569444444444417]	[7.837708270283422e-09, 7.837707766024003e-09, 1.372846435075618e-07, 0.05738255231000512, 0.535068430491504]
1090299569877995522	[5.430079477524919e-11, 5.43007942522747e-11, -4.311080627455166e-11, 0.020618556701030872, 1.0]	[1.2924697071141057e-25, 3.2957977531409696e-25, 1.4863401631812216e-25, 5.551115123125783e-17, 0.0]
1103939416362348544	[3.0610726001578895e-10, 3.0610726001578895e-10, 2.9706285157417985e-10, 0.0, 0.0]	[2.0679515313825692e-25, 2.0679515313825692e-25, 6.72084247699335e-25, 0.0, 0.0]
1143627713615474688	[1.965657890239204e-11, 1.9656578909816342e-11, -3.853767624623321e-10, 0.015789473684210457, 1.5]	[7.431700815906108e-26, 2.908056841006738e-26, 1.137373342260413e-24, 6.938893903907228e-17, 0.0]
105228862	[8.219799011713722e-11, 8.21901855359452e-11, 7.97496751369247e-11, 0.09147827940373271, 3.0388888888888967]	[1.79812562883107e-11, 1.7979932037294865e-11, 1.749705192197467e-11, 0.009344318101656578, 1.1235141078852935]
117415288	[3.015069239236334e-09, 3.0150689207685816e-09, 2.5945905776241486e-09, 0.463491521556037, 42.77777777777787]	[8.711217024933058e-10, 8.711212633919712e-10, 1.0642665928673087e-09, 0.3322272359481444, 68.77813677881524]
941538966871912448	[-2.4213279023239023e-07, -2.42132784695418e-07, -2.403706061068801e-07, 0.11969863521722529, 1.616745140649524]	[4.130969368333923e-08, 4.130970155668846e-08, 4.0112385510565423e-08, 0.050440040712868804, 0.34393260387434704]
269062860	[7.78810803504806e-06, 7.788108035425048e-06, 7.781730390886082e-06, 0.04637653921929285, 7.905710491367869]	[4.229582294491834e-07, 4.229582295276161e-07, 4.3685744983724783e-07, 0.009096662206858792, 2.9795612107663727]
1142395454069641217	[2.6752138442372823e-10, 2.6752138377240523e-10, 1.9983296966087272e-10, 0.013888888888888848, 1.0]	[3.101927297073854e-25, 1.0339757656912846e-25, 4.1359030627651384e-25, 3.9898639947466563e-17, 0.0]
1132452978538024961	[-1.7135544274206498e-10, -1.7135189504372551e-10, 6.426354639122405e-11, 0.6675131842301263, 2.1247583827369962]	[1.4219610678097147e-12, 1.4239305492101886e-12, 4.8290701730802245e-11, 0.13751769127568045, 0.6093056361628894]
1087380412089987077	[8.176379674428077e-07, 8.176379674436982e-07, 8.176780330085736e-07, 0.0064935064935065, 1.0]	[4.235164736271502e-21, 4.658681209898652e-21, 1.4823076576950256e-21, 6.071532165918825e-18, 0.0]
1074136440265527296	[-9.185015291448897e-12, -9.185015449144443e-12, -1.9408108221041285e-11, 0.01978291316526613, 1.388888888888889]	[1.372609475096073e-12, 1.3726097670760272e-12, 1.9452045296972328e-12, 0.004306153318014301, 0.24845199749997615]
106248996	[2.4036575055151837e-09, 2.4036575055151837e-09, 2.3425215649268596e-09, 0.0, 0.0]	[7.031035206700735e-24, 7.031035206700735e-24, 1.4889251025954498e-23, 0.0, 0.0]
118854389	[2.015737486055294e-11, 2.0153720218010522e-11, 2.1662796768014992e-11, 0.021108647450110807, 1.4444444444444435]	[1.6960912719639473e-12, 1.695466761590934e-12, 1.0285725882931188e-12, 0.019566945962767493, 0.6285393610547101]
117500071	[1.6165448441885744e-12, 1.616506358208602e-12, -1.593772123569991e-11, 0.12800583477569902, 3.7222222222222188]	[8.626645567814219e-13, 8.626916951319655e-13, 1.146315714917818e-13, 0.009360045349301039, 0.31426968052735543]
109140767	[4.110048127073736e-08, 4.110047924432814e-08, 3.509759089613278e-08, 0.013059356508875703, 0.8884462151394447]	[3.4390399186750144e-09, 3.4390408450167513e-09, 5.610135827751166e-10, 0.004548998218418864, 0.07840950554648332]
113816520	[-3.7729923831939695e-11, -3.772922399506549e-11, 3.4740399069796285e-10, 0.45529156102861273, 2.317529880478092]	[7.535008532815873e-12, 7.534383654386944e-12, 2.4370112681118163e-10, 0.024805916300160227, 0.831140758792723]
1136056154	[2.5499721876675542e-09, 2.5499721876675542e-09, 2.521724022449412e-09, 0.0, 0.0]	[1.3234889800848443e-23, 1.3234889800848443e-23, 5.37667398159468e-24, 0.0, 0.0]
1040025234643083264	[2.916779860340409e-11, 2.916779859384954e-11, 1.8822428339603833e-11, 0.448814655172413, 3.2944444444444345]	[5.0455813584431124e-12, 5.045581371874624e-12, 1.5104988927604864e-12, 0.025144960968918172, 1.2335084960698641]
1079577751	[2.6875099855729475e-11, 2.6873378717149476e-11, -1.3272701289431091e-11, 0.10387400625708423, 0.5223720502604952]	[7.750628181962152e-13, 7.755315843279912e-13, 3.7302017279278395e-12, 0.04141167104498043, 0.06979307636555138]
15940950	[7.015856607277046e-10, 7.015856586359196e-10, -1.6420987694809866e-09, 0.07317073170731687, 3.0]	[1.8611563782443123e-24, 3.308722450212111e-24, 1.8611563782443123e-24, 1.942890293094024e-16, 0.0]
1049338865306259458	[5.59756413514988e-10, 5.59756413514988e-10, 5.624459458385829e-10, 0.0, 0.0]	[7.237830359838992e-25, 7.237830359838992e-25, 1.0339757656912846e-24, 0.0, 0.0]
1137809440432898050	[6.763944619269721e-10, 6.763944619269721e-10, 6.775120721445607e-10, 0.0, 0.0]	[3.7223127564886245e-24, 3.7223127564886245e-24, 1.0339757656912846e-24, 0.0, 0.0]
455869077	[3.0671789736854526e-11, 3.067178973391332e-11, 1.1968227025223195e-11, 0.9847094801223262, 39.77777777777778]	[6.717488420565478e-12, 6.717488424725015e-12, 2.537890361433482e-12, 0.0216240605867446, 15.870618866631382]
1021278260057915393	[2.881847110597941e-10, 2.881847110597941e-10, 2.843556753607957e-10, 0.0, 0.0]	[1.2924697071141057e-24, 1.2924697071141057e-24, 1.550963648536927e-25, 0.0, 0.0]
1069337526	[-1.851106170013511e-14, -1.8453570417388385e-14, 2.3893887400986475e-13, 0.02963328806025421, 0.8888888888888882]	[1.0720181352783119e-12, 1.0720032278460879e-12, 1.5608822640780544e-12, 0.01012771781919246, 0.15713484026367697]
3159888878	[-1.7266325336620305e-12, -1.7266326175511424e-12, -4.6922615373901555e-12, 0.8777860310171707, 1.0247011952191272]	[1.43524101098544e-13, 1.4352408858685612e-13, 4.045187253721172e-11, 0.1015336648093448, 0.43909323106030823]
1120387322640510976	[1.672375981064186e-10, 1.6723759418925952e-10, 1.83226528771449e-10, 0.021739130434782566, 1.5]	[3.360421238496675e-25, 4.1359030627651384e-25, 8.013312184107456e-25, 4.163336342344337e-17, 0.0]
102128701	[3.1627297938672455e-09, 3.1627306378213103e-09, 3.778867896813604e-09, 0.24620965946278298, 1.334531139511217]	[8.927301033320076e-10, 8.92729177330118e-10, 1.4208548220902673e-09, 0.09652767468653144, 0.7446806290430974]
114329378	[6.655440468775029e-11, 6.655440428664165e-11, 6.704517119487254e-11, 0.08749999999999979, 3.5]	[1.2924697071141057e-25, 2.972680326362443e-25, 2.972680326362443e-25, 2.0816681711721685e-16, 0.0]
1066128286194049025	[6.695592728207161e-10, 6.695592728207161e-10, 6.755854341906521e-10, 0.0, 0.0]	[1.4475660719677984e-24, 1.4475660719677984e-24, 1.8611563782443123e-24, 0.0, 0.0]
1057138454679699456	[-1.868840438742037e-09, -1.8688405596369227e-09, -4.2798679418569265e-09, 0.02279202279202271, 1.3333333333333317]	[6.2038545941477076e-24, 2.895132143935597e-24, 1.1580528575742387e-23, 8.326672684688674e-17, 1.5543122344752192e-15]
1006919818933690368	[3.1920657113162133e-09, 3.1920657113162133e-09, 3.2450027537884995e-09, 0.0, 0.0]	[1.1166938269465874e-23, 1.1166938269465874e-23, 9.098986738083304e-24, 0.0, 0.0]
1146555642	[5.124037755102492e-09, 5.124037982801908e-09, 5.0588191145097805e-09, 0.002382843526608435, 1.5]	[2.3988237764037803e-23, 2.481541837659083e-24, 2.481541837659083e-24, 1.5612511283791264e-17, 0.0]
1131573813735546880	[5.697332488693615e-10, 5.697332374891327e-10, 4.87446419751577e-10, 0.02231494920174163, 0.9444444444444439]	[7.260640397286345e-11, 7.26064031616413e-11, 6.721646727860641e-11, 0.006896436069937654, 0.1242259987499885]
1092566360771739654	[1.856721177834996e-08, 1.856721177834996e-08, 1.854820087455553e-08, 0.0, 0.0]	[7.279189390466644e-23, 7.279189390466644e-23, 0.0, 0.0, 0.0]
844932007075500034	[4.1294465472467286e-10, 4.129446575390568e-10, 9.367270110693596e-09, 0.18582261350986598, 1.4641434262948185]	[7.733450075715571e-10, 7.733450074022286e-10, 4.306047343678062e-10, 0.0763121839350242, 0.4469341816149552]
104262985	[-3.379093284619158e-10, -3.379093284619158e-10, -8.741836714036515e-07, 0.0, 0.0]	[1.2924697071141057e-24, 1.2924697071141057e-24, 4.235164736271502e-21, 0.0, 0.0]
111809335	[5.290430806250784e-11, 5.290430911180281e-11, 5.6598092891072936e-11, 0.0270293609671848, 1.555555555555557]	[1.2340372092459715e-11, 1.2340370939604062e-11, 1.4487409509870739e-11, 0.01624269462829205, 0.07856742013183868]
10630	[2.1787147027475247e-09, 2.1787147041121833e-09, 2.1593226565673955e-09, 0.00599155151227017, 1.8326693227091633]	[2.880213024304558e-10, 2.8802130245708015e-10, 3.373104728485306e-10, 0.001024015779577249, 0.3732708423226034]
100673942	[3.287251244660444e-11, 3.287250170329869e-11, 1.881681277698569e-10, 0.96841450907215, 21.254980079681257]	[4.480414567893782e-12, 4.480413176501825e-12, 2.452427863777349e-11, 0.00037224119419149913, 5.802303410439773]
107574989	[7.177089642542805e-10, 7.177090713627166e-10, 7.240820680989405e-10, 0.09482758620689674, 5.5]	[2.3781442610899546e-24, 3.1019272970738538e-24, 2.68833699079734e-24, 1.942890293094024e-16, 0.0]
1099804993127960576	[3.690689412980143e-08, 3.690689166248575e-08, 3.680686507630891e-08, 0.06012302522085726, 0.6844155844155839]	[7.1601250617148845e-09, 7.160125057243266e-09, 7.1250203952117525e-09, 0.013338552580982033, 0.14325799722740468]
2260499999	[4.0723993367927e-11, 4.0721888997917096e-11, 2.4430902870649636e-11, 1.0, 8.349206349206373]	[2.3066439466331804e-12, 2.3088796836520466e-12, 4.093414576745645e-12, 0.0, 2.923830420620561]
1011800462	[1.1615966594250782e-10, 1.1615966594250782e-10, 1.1964510637004346e-10, 0.0, 0.0]	[3.877409121342317e-25, 3.877409121342317e-25, 4.1359030627651384e-25, 0.0, 0.0]
1086312120088711168	[-2.75699465519417e-08, -2.75699465519417e-08, -2.744976049069379e-08, 0.0, 0.0]	[1.1911400820763599e-22, 1.1911400820763599e-22, 8.933550615572699e-23, 0.0, 0.0]
1072650654718545922	[4.819947796115123e-11, 4.819947796115123e-11, 3.858581386214952e-11, 0.0, 0.0]	[4.52364397489937e-26, 4.52364397489937e-26, 6.462348535570529e-26, 0.0, 0.0]
101098968	[7.482021551148399e-10, 7.482021542258111e-10, 7.336444344138341e-10, 0.014336917562724056, 2.0]	[1.2407709188295415e-24, 3.9291079096268815e-24, 1.7577588016751838e-24, 4.163336342344337e-17, 0.0]
1072595037391859712	[-8.420533869392858e-11, -8.419058933785388e-11, -4.801825211964968e-11, 0.07547169811320804, 4.0]	[1.0339757656912846e-25, 4.52364397489937e-25, 3.166550782429559e-25, 4.996003610813204e-16, 0.0]
1186126056	[-1.2561683325603457e-11, -1.2559417186772428e-11, -1.4255420705615355e-11, 0.11864678531345227, 3.3333333333333335]	[2.5349827206686878e-12, 2.5345821149793983e-12, 2.9915809474882295e-12, 0.020860613714658492, 0.9428090415820647]
1050945104	[-5.040392665964732e-08, -5.040392665964732e-08, -5.0361513642311025e-08, 0.0, 0.0]	[1.7867101231145398e-22, 1.7867101231145398e-22, 3.3087224502121107e-23, 0.0, 0.0]
1105535994	[1.5413678239731234e-10, 1.5413617992091162e-10, 1.461945344380224e-10, 0.10037135577081037, 1.5026560424966766]	[2.7830239785502405e-11, 2.7830133958936107e-11, 2.6762587668297596e-11, 0.005520286446539848, 0.4704570332789003]
26876056	[7.099831394013607e-09, 7.099835063651724e-09, 6.966475449076652e-09, 0.015802946200994438, 1.694444444444443]	[9.12421357986386e-10, 9.124218297729846e-10, 8.949708612417648e-10, 0.000535678184187736, 0.4321208107251129]
1189960471014789120	[-2.6489505433200723e-10, -2.6489561425083564e-10, -5.560669027359515e-10, 0.0707284138617841, 1.2387782204515265]	[2.379916569905934e-10, 2.379918681455306e-10, 6.123709068400388e-10, 0.021239179285930446, 1.0040120993577113]
386573370	[-2.2207440179461945e-11, -2.2207611930270217e-11, 1.2815057720784663e-09, 1.0, 14.894754316069003]	[1.624787624932323e-10, 1.6247898977359417e-10, 1.6579041332924082e-09, 0.0, 3.881270524550936]
104185233	[4.667479769156011e-10, 4.667479769156011e-10, 4.284672134068864e-10, 0.0, 0.0]	[1.5509636485369269e-24, 1.5509636485369269e-24, 1.8611563782443123e-24, 0.0, 0.0]
1064240933783461889	[6.933742333837327e-08, 6.933737058934903e-08, 6.507104596596355e-08, 0.048388122356960765, 1.0511288180610878]	[1.893962254793871e-08, 1.8939594736214336e-08, 2.293882318928111e-08, 0.005890484939612944, 0.784095055464836]
1000617635191644160	[4.6195641521653754e-09, 4.6195641503890224e-09, 4.536734629902674e-09, 0.026666666666666596, 6.0]	[3.143286327701505e-23, 5.790264287871194e-24, 1.075334796318936e-23, 7.28583859910259e-17, 0.0]
1082454963924680704	[6.328574812011437e-10, 6.328574812011437e-10, 6.297694734729954e-10, 0.0, 0.0]	[1.4475660719677984e-24, 1.4475660719677984e-24, 6.203854594147708e-25, 0.0, 0.0]
1099134757	[3.2556576416392725e-07, 3.2556575466573896e-07, 3.2425421059698557e-07, 0.129729556722162, 2.3761510733622284]	[7.466567058918443e-08, 7.466566460300048e-08, 7.435236369095548e-08, 0.023211601559689782, 0.7240945935977161]
21833728	[0.0, 0.0, 7.687271118000003e-10, 0.0, 0.0]	[0.0, 0.0, 3.2053248736429822e-24, 0.0, 0.0]
119300881	[1.5693328310071666e-09, 1.5693202160337276e-09, 1.5436867980004665e-09, 0.006535947712418282, 1.5]	[7.858215819253763e-24, 1.0339757656912846e-23, 7.031035206700735e-24, 1.9081958235744878e-17, 0.0]
1170869529079177216	[2.827337485867367e-10, 2.827337481178119e-10, 2.4841285612953883e-10, 0.10224133513255451, 2.271580345285523]	[2.4225559301065178e-11, 2.4225560130055394e-11, 8.670283343671305e-12, 0.09143264168059445, 1.0977330776507692]
1151249636494958592	[1.2673671232029253e-07, 1.2673752365088968e-07, 6.601577827548709e-08, 0.0647939991092029, 1.3599182218494428]	[7.070056302154465e-08, 7.069983586701079e-08, 3.717490119702794e-08, 0.05290760732254441, 0.6979277029463061]
1192480612424269834	[2.6858050812059545e-07, 2.6858050027507834e-07, 2.6856221755720915e-07, 0.0074441687344912865, 1.5]	[6.88214269644119e-22, 4.764560328305439e-22, 1.0587911840678754e-21, 2.862293735361732e-17, 0.0]
1075150428583555072	[3.1678753327412206e-10, 3.1678750986283357e-10, 3.3025951331373924e-10, 0.06055352212162066, 1.7777777777777763]	[3.3394327213482113e-12, 3.339438749697173e-12, 9.012618716383727e-13, 0.012486634869729703, 0.39283710065919214]
117212185	[4.2701208708730507e-10, 4.2701152448428233e-10, -4.5305287778819865e-08, 0.04243847327353205, 1.1513944223107573]	[1.3933593699747033e-10, 1.3933617552514215e-10, 3.213361584459621e-08, 0.015115787827791194, 0.2167183589064004]
118541344	[4.12214616021465e-10, 4.1221461919280647e-10, 3.347377829539224e-10, 0.06265589387020731, 1.789508632138114]	[1.0185483517088763e-10, 1.0185483008678372e-10, 2.618791548831771e-10, 0.04875242609004075, 1.192914999081638]
1009577803304656896	[-1.328098274621505e-08, -1.328098274621505e-08, -1.3198245172534282e-08, 0.0, 0.0]	[1.6543612251060553e-24, 1.6543612251060553e-24, 1.4889251025954498e-23, 0.0, 0.0]
3301158974	[8.594586264406285e-12, 8.594586264406285e-12, 2.173256005645175e-11, 1.0, 1.0]	[4.8467614016778965e-27, 4.8467614016778965e-27, 1.1309109937248425e-25, 0.0, 0.0]
109455789	[1.945042161706142e-11, 1.9455721394015466e-11, 1.9195176004275602e-11, 0.03723351999214067, 3.2222222222222197]	[1.703401348864081e-12, 1.7044043218533817e-12, 8.263736593611146e-13, 0.003890164038358058, 1.0999438818457408]
1174346666239025153	[1.0875968437359526e-12, 1.0875443442595678e-12, 2.5260022484598006e-11, 0.6181987034440619, 1.061824132043257]	[3.78556527059338e-13, 3.7862378963052385e-13, 1.4936304055869153e-11, 0.07708892668364403, 0.35032815592792826]
162289496	[0.0, 0.0, -1.777718375969888e-07, 0.0, 0.0]	[0.0, 0.0, 6.088049308390284e-22, 0.0, 0.0]
112047805	[-1.9482922972184157e-10, -1.9482922937028908e-10, -1.5180432823318162e-10, 0.10735636457351934, 0.7272908366533841]	[4.1642722701605386e-11, 4.1642722610330606e-11, 3.2007223981956155e-11, 0.0702609036975383, 0.08625045610113174]
599669489	[2.6359807197047635e-10, 2.6359807185556953e-10, 3.964461533896856e-11, 0.9818181818181769, 27.0]	[6.203854594147708e-25, 1.0856745539758488e-24, 1.6802106192483375e-25, 4.884981308350689e-15, 0.0]
1122533006	[1.653103456618759e-11, 1.6530546173480498e-11, -1.616657668217531e-11, 0.14541642843529637, 1.4555555555555566]	[1.8538403584364053e-12, 1.8542321971599484e-12, 4.460805040733835e-12, 0.012802581325085206, 0.4164073266987453]
1029799291630641152	[2.3532122081985766e-10, 2.35321220547317e-10, 2.3221627793727405e-10, 0.03738317757009333, 2.0]	[8.788794008375919e-25, 6.72084247699335e-25, 6.203854594147708e-25, 1.249000902703301e-16, 0.0]
113168742	[1.9802573434595934e-08, 1.9802614681425057e-08, 1.9790377575845296e-08, 0.10554337926887539, 3.1609561752988076]	[3.491566171756323e-09, 3.4915705234801875e-09, 3.4908658363892107e-09, 0.0072653371707894834, 0.9565959676670954]
1064330857320800256	[1.241322131216484e-09, 1.2413400422568634e-09, 1.1352612670386383e-09, 0.011341118882606247, 0.7782204515272252]	[2.1903954886371687e-11, 2.190658564063753e-11, 1.4072320253993543e-10, 0.0011307727573318252, 0.07840950554648365]
1086450818558185472	[-2.349088733354759e-12, -2.3481904220046855e-12, -1.648503283569063e-10, 0.6259874786568026, 1.5962815405046513]	[2.995703854788664e-12, 2.996238504460949e-12, 1.8205153381499687e-10, 0.06879539198643092, 0.7067785442532087]
1031026429784457216	[1.0272402013805966e-09, 1.027240199451698e-09, 1.0266538535032041e-09, 0.015209125475285213, 0.6666666666666657]	[2.68833699079734e-24, 5.790264287871194e-24, 2.274746684520826e-24, 4.163336342344337e-17, 8.881784197001252e-16]
1142864340	[8.838458839171284e-09, 8.838458681353816e-09, 8.525456776856888e-09, 0.0068114494485930184, 1.0498007968127472]	[1.5455750749242607e-09, 1.5455751172167636e-09, 1.5841427993827042e-09, 0.0016029228402404672, 0.666383542257108]
1198788918658961408	[-1.2497336959531387e-09, -1.2497336959531387e-09, -1.2520444974664681e-09, 0.0, 0.0]	[3.5155176033503676e-24, 3.5155176033503676e-24, 3.308722450212111e-24, 0.0, 0.0]
113503286	[4.52147296546224e-09, 4.52147296546224e-09, 4.5184413837539995e-09, 0.0, 0.0]	[2.895132143935597e-23, 2.895132143935597e-23, 1.737079286361358e-23, 0.0, 0.0]
1088145168375660547	[3.000739650346428e-10, 3.0006238212769894e-10, 3.0166214813300397e-10, 0.04591836734693895, 4.5]	[4.652890945610781e-25, 1.3958672836832342e-24, 1.7577588016751838e-24, 1.734723475976807e-16, 0.0]
