1131573813735546880	[-0.014199275426826202, -2.2881468752615433e-12, -0.014199275591878792, 0.18247364227183216, 2.5093487985802563]	[0.019179508138311478, 2.7998957057394603e-12, 0.01917950824802031, 0.07454390492628517, 2.465831681137718]
113168742	[-0.014086582764727452, -2.306680266136393e-12, -0.014086582928420362, 0.18204884404046265, 2.54234338483491]	[0.019144751616548463, 2.7964502853037087e-12, 0.019144751726584624, 0.07439925346426494, 2.48357598340903]
1132452978538024961	[-0.014086582764727452, -2.306680266136393e-12, -0.014086582928420362, 0.18204884404046265, 2.54234338483491]	[0.019144751616548463, 2.7964502853037087e-12, 0.019144751726584624, 0.07439925346426494, 2.48357598340903]
113503286	[-0.014086582764727452, -2.306680266136393e-12, -0.014086582928420362, 0.18204884404046265, 2.54234338483491]	[0.019144751616548463, 2.7964502853037087e-12, 0.019144751726584624, 0.07439925346426494, 2.48357598340903]
1136056154	[-0.014086582764727452, -2.306680266136393e-12, -0.014086582928420362, 0.18204884404046265, 2.54234338483491]	[0.019144751616548463, 2.7964502853037087e-12, 0.019144751726584624, 0.07439925346426494, 2.48357598340903]
1137809440432898050	[-0.014086582764727452, -2.306680266136393e-12, -0.014086582928420362, 0.18204884404046265, 2.54234338483491]	[0.019144751616548463, 2.7964502853037087e-12, 0.019144751726584624, 0.07439925346426494, 2.48357598340903]
113816520	[-0.014086582764727452, -2.306680266136393e-12, -0.014086582928420362, 0.18204884404046265, 2.54234338483491]	[0.019144751616548463, 2.7964502853037087e-12, 0.019144751726584624, 0.07439925346426494, 2.48357598340903]
1142395454069641217	[-0.014086582764727452, -2.306680266136393e-12, -0.014086582928420362, 0.18204884404046265, 2.54234338483491]	[0.019144751616548463, 2.7964502853037087e-12, 0.019144751726584624, 0.07439925346426494, 2.48357598340903]
1142864340	[-0.014086582764727452, -2.306680266136393e-12, -0.014086582928420362, 0.18204884404046265, 2.54234338483491]	[0.019144751616548463, 2.7964502853037087e-12, 0.019144751726584624, 0.07439925346426494, 2.48357598340903]
114329378	[-0.014086582764727452, -2.306680266136393e-12, -0.014086582928420362, 0.18204884404046265, 2.54234338483491]	[0.019144751616548463, 2.7964502853037087e-12, 0.019144751726584624, 0.07439925346426494, 2.48357598340903]
1143627713615474688	[-0.014086582764727452, -2.306680266136393e-12, -0.014086582928420362, 0.18204884404046265, 2.54234338483491]	[0.019144751616548463, 2.7964502853037087e-12, 0.019144751726584624, 0.07439925346426494, 2.48357598340903]
1146555642	[-0.014086582764727452, -2.306680266136393e-12, -0.014086582928420362, 0.18204884404046265, 2.54234338483491]	[0.019144751616548463, 2.7964502853037087e-12, 0.019144751726584624, 0.07439925346426494, 2.48357598340903]
1151249636494958592	[-0.014086582764727452, -2.306680266136393e-12, -0.014086582928420362, 0.18204884404046265, 2.54234338483491]	[0.019144751616548463, 2.7964502853037087e-12, 0.019144751726584624, 0.07439925346426494, 2.48357598340903]
115795114	[-0.014086582764727452, -2.306680266136393e-12, -0.014086582928420362, 0.18204884404046265, 2.54234338483491]	[0.019144751616548463, 2.7964502853037087e-12, 0.019144751726584624, 0.07439925346426494, 2.48357598340903]
1164149377532907520	[-0.014086582764727452, -2.306680266136393e-12, -0.014086582928420362, 0.18204884404046265, 2.54234338483491]	[0.019144751616548463, 2.7964502853037087e-12, 0.019144751726584624, 0.07439925346426494, 2.48357598340903]
101816065	[-0.014086582764727452, -2.306680266136393e-12, -0.014086582928420362, 0.18204884404046265, 2.54234338483491]	[0.019144751616548463, 2.7964502853037087e-12, 0.019144751726584624, 0.07439925346426494, 2.48357598340903]
116977325	[-0.014086582764727452, -2.306680266136393e-12, -0.014086582928420362, 0.18204884404046265, 2.54234338483491]	[0.019144751616548463, 2.7964502853037087e-12, 0.019144751726584624, 0.07439925346426494, 2.48357598340903]
1170869529079177216	[-0.014086582764727452, -2.306680266136393e-12, -0.014086582928420362, 0.18204884404046265, 2.54234338483491]	[0.019144751616548463, 2.7964502853037087e-12, 0.019144751726584624, 0.07439925346426494, 2.48357598340903]
117212185	[-0.014086582764727452, -2.306680266136393e-12, -0.014086582928420362, 0.18204884404046265, 2.54234338483491]	[0.019144751616548463, 2.7964502853037087e-12, 0.019144751726584624, 0.07439925346426494, 2.48357598340903]
117415288	[-0.014086582764727452, -2.306680266136393e-12, -0.014086582928420362, 0.18204884404046265, 2.54234338483491]	[0.019144751616548463, 2.7964502853037087e-12, 0.019144751726584624, 0.07439925346426494, 2.48357598340903]
1174346666239025153	[-0.014086582764727452, -2.306680266136393e-12, -0.014086582928420362, 0.18204884404046265, 2.54234338483491]	[0.019144751616548463, 2.7964502853037087e-12, 0.019144751726584624, 0.07439925346426494, 2.48357598340903]
1174892267854684160	[-0.014086582764727452, -2.306680266136393e-12, -0.014086582928420362, 0.18204884404046265, 2.54234338483491]	[0.019144751616548463, 2.7964502853037087e-12, 0.019144751726584624, 0.07439925346426494, 2.48357598340903]
117500071	[-0.014199275426826202, -2.2881468752615433e-12, -0.014199275591878792, 0.18247364227183216, 2.5093487985802563]	[0.019179508138311478, 2.7998957057394603e-12, 0.01917950824802031, 0.07454390492628517, 2.465831681137718]
1178034563332874241	[-0.014086582764727452, -2.306680266136393e-12, -0.014086582928420362, 0.18204884404046265, 2.54234338483491]	[0.019144751616548463, 2.7964502853037087e-12, 0.019144751726584624, 0.07439925346426494, 2.48357598340903]
118541344	[-0.014086582764727452, -2.306680266136393e-12, -0.014086582928420362, 0.18204884404046265, 2.54234338483491]	[0.019144751616548463, 2.7964502853037087e-12, 0.019144751726584624, 0.07439925346426494, 2.48357598340903]
1186126056	[-0.014086582764727452, -2.306680266136393e-12, -0.014086582928420362, 0.18204884404046265, 2.54234338483491]	[0.019144751616548463, 2.7964502853037087e-12, 0.019144751726584624, 0.07439925346426494, 2.48357598340903]
118854389	[-0.014086582764727452, -2.306680266136393e-12, -0.014086582928420362, 0.18204884404046265, 2.54234338483491]	[0.019144751616548463, 2.7964502853037087e-12, 0.019144751726584624, 0.07439925346426494, 2.48357598340903]
1189960471014789120	[-0.014086582764727452, -2.306680266136393e-12, -0.014086582928420362, 0.18204884404046265, 2.54234338483491]	[0.019144751616548463, 2.7964502853037087e-12, 0.019144751726584624, 0.07439925346426494, 2.48357598340903]
1191387079575527425	[-0.014199275426826202, -2.2881468752615433e-12, -0.014199275591878792, 0.18247364227183216, 2.5093487985802563]	[0.019179508138311478, 2.7998957057394603e-12, 0.01917950824802031, 0.07454390492628517, 2.465831681137718]
1192480612424269834	[-0.014086582764727452, -2.306680266136393e-12, -0.014086582928420362, 0.18204884404046265, 2.54234338483491]	[0.019144751616548463, 2.7964502853037087e-12, 0.019144751726584624, 0.07439925346426494, 2.48357598340903]
119300881	[-0.014086582764727452, -2.306680266136393e-12, -0.014086582928420362, 0.18204884404046265, 2.54234338483491]	[0.019144751616548463, 2.7964502853037087e-12, 0.019144751726584624, 0.07439925346426494, 2.48357598340903]
1198788918658961408	[-0.014086582764727452, -2.306680266136393e-12, -0.014086582928420362, 0.18204884404046265, 2.54234338483491]	[0.019144751616548463, 2.7964502853037087e-12, 0.019144751726584624, 0.07439925346426494, 2.48357598340903]
1021278260057915393	[-0.014086582764727452, -2.306680266136393e-12, -0.014086582928420362, 0.18204884404046265, 2.54234338483491]	[0.019144751616548463, 2.7964502853037087e-12, 0.019144751726584624, 0.07439925346426494, 2.48357598340903]
102128701	[-0.014086582764727452, -2.306680266136393e-12, -0.014086582928420362, 0.18204884404046265, 2.54234338483491]	[0.019144751616548463, 2.7964502853037087e-12, 0.019144751726584624, 0.07439925346426494, 2.48357598340903]
1392190009	[-0.014086582764727452, -2.306680266136393e-12, -0.014086582928420362, 0.18204884404046265, 2.54234338483491]	[0.019144751616548463, 2.7964502853037087e-12, 0.019144751726584624, 0.07439925346426494, 2.48357598340903]
15940950	[-0.014086582764727452, -2.306680266136393e-12, -0.014086582928420362, 0.18204884404046265, 2.54234338483491]	[0.019144751616548463, 2.7964502853037087e-12, 0.019144751726584624, 0.07439925346426494, 2.48357598340903]
162289496	[-0.014086582764727452, -2.306680266136393e-12, -0.014086582928420362, 0.18204884404046265, 2.54234338483491]	[0.019144751616548463, 2.7964502853037087e-12, 0.019144751726584624, 0.07439925346426494, 2.48357598340903]
1028846365693095936	[-0.014086582764727452, -2.306680266136393e-12, -0.014086582928420362, 0.18204884404046265, 2.54234338483491]	[0.019144751616548463, 2.7964502853037087e-12, 0.019144751726584624, 0.07439925346426494, 2.48357598340903]
1029799291630641152	[-0.014086582764727452, -2.306680266136393e-12, -0.014086582928420362, 0.18204884404046265, 2.54234338483491]	[0.019144751616548463, 2.7964502853037087e-12, 0.019144751726584624, 0.07439925346426494, 2.48357598340903]
21833728	[-0.014086582764727452, -2.306680266136393e-12, -0.014086582928420362, 0.18204884404046265, 2.54234338483491]	[0.019144751616548463, 2.7964502853037087e-12, 0.019144751726584624, 0.07439925346426494, 2.48357598340903]
1031026429784457216	[-0.014086582764727452, -2.306680266136393e-12, -0.014086582928420362, 0.18204884404046265, 2.54234338483491]	[0.019144751616548463, 2.7964502853037087e-12, 0.019144751726584624, 0.07439925346426494, 2.48357598340903]
2260499999	[-0.014086582764727452, -2.306680266136393e-12, -0.014086582928420362, 0.18204884404046265, 2.54234338483491]	[0.019144751616548463, 2.7964502853037087e-12, 0.019144751726584624, 0.07439925346426494, 2.48357598340903]
1032854767565975553	[-0.014086582764727452, -2.306680266136393e-12, -0.014086582928420362, 0.18204884404046265, 2.54234338483491]	[0.019144751616548463, 2.7964502853037087e-12, 0.019144751726584624, 0.07439925346426494, 2.48357598340903]
26876056	[-0.014086582764727452, -2.306680266136393e-12, -0.014086582928420362, 0.18204884404046265, 2.54234338483491]	[0.019144751616548463, 2.7964502853037087e-12, 0.019144751726584624, 0.07439925346426494, 2.48357598340903]
269062860	[-0.014086582764727452, -2.306680266136393e-12, -0.014086582928420362, 0.18204884404046265, 2.54234338483491]	[0.019144751616548463, 2.7964502853037087e-12, 0.019144751726584624, 0.07439925346426494, 2.48357598340903]
1040025234643083264	[-0.014086582764727452, -2.306680266136393e-12, -0.014086582928420362, 0.18204884404046265, 2.54234338483491]	[0.019144751616548463, 2.7964502853037087e-12, 0.019144751726584624, 0.07439925346426494, 2.48357598340903]
104185233	[-0.014086582764727452, -2.306680266136393e-12, -0.014086582928420362, 0.18204884404046265, 2.54234338483491]	[0.019144751616548463, 2.7964502853037087e-12, 0.019144751726584624, 0.07439925346426494, 2.48357598340903]
3159888878	[-0.014086582764727452, -2.306680266136393e-12, -0.014086582928420362, 0.18204884404046265, 2.54234338483491]	[0.019144751616548463, 2.7964502853037087e-12, 0.019144751726584624, 0.07439925346426494, 2.48357598340903]
104262985	[-0.014086582764727452, -2.306680266136393e-12, -0.014086582928420362, 0.18204884404046265, 2.54234338483491]	[0.019144751616548463, 2.7964502853037087e-12, 0.019144751726584624, 0.07439925346426494, 2.48357598340903]
3301158974	[-0.014086582764727452, -2.306680266136393e-12, -0.014086582928420362, 0.18204884404046265, 2.54234338483491]	[0.019144751616548463, 2.7964502853037087e-12, 0.019144751726584624, 0.07439925346426494, 2.48357598340903]
104402081	[-0.014086582764727452, -2.306680266136393e-12, -0.014086582928420362, 0.18204884404046265, 2.54234338483491]	[0.019144751616548463, 2.7964502853037087e-12, 0.019144751726584624, 0.07439925346426494, 2.48357598340903]
386573370	[-0.014086582764727452, -2.306680266136393e-12, -0.014086582928420362, 0.18204884404046265, 2.54234338483491]	[0.019144751616548463, 2.7964502853037087e-12, 0.019144751726584624, 0.07439925346426494, 2.48357598340903]
1049338865306259458	[-0.014086582764727452, -2.306680266136393e-12, -0.014086582928420362, 0.18204884404046265, 2.54234338483491]	[0.019144751616548463, 2.7964502853037087e-12, 0.019144751726584624, 0.07439925346426494, 2.48357598340903]
455869077	[-0.014086582764727452, -2.306680266136393e-12, -0.014086582928420362, 0.18204884404046265, 2.54234338483491]	[0.019144751616548463, 2.7964502853037087e-12, 0.019144751726584624, 0.07439925346426494, 2.48357598340903]
1050945104	[-0.014086582764727452, -2.306680266136393e-12, -0.014086582928420362, 0.18204884404046265, 2.54234338483491]	[0.019144751616548463, 2.7964502853037087e-12, 0.019144751726584624, 0.07439925346426494, 2.48357598340903]
105228862	[-0.014086582764727452, -2.306680266136393e-12, -0.014086582928420362, 0.18204884404046265, 2.54234338483491]	[0.019144751616548463, 2.7964502853037087e-12, 0.019144751726584624, 0.07439925346426494, 2.48357598340903]
599669489	[-0.014199275426826202, -2.2881468752615433e-12, -0.014199275591878792, 0.18247364227183216, 2.5093487985802563]	[0.019179508138311478, 2.7998957057394603e-12, 0.01917950824802031, 0.07454390492628517, 2.465831681137718]
1057138454679699456	[-0.014086582764727452, -2.306680266136393e-12, -0.014086582928420362, 0.18204884404046265, 2.54234338483491]	[0.019144751616548463, 2.7964502853037087e-12, 0.019144751726584624, 0.07439925346426494, 2.48357598340903]
844932007075500034	[-0.014199275426826202, -2.2881468752615433e-12, -0.014199275591878792, 0.18247364227183216, 2.5093487985802563]	[0.019179508138311478, 2.7998957057394603e-12, 0.01917950824802031, 0.07454390492628517, 2.465831681137718]
106248996	[-0.014086582764727452, -2.306680266136393e-12, -0.014086582928420362, 0.18204884404046265, 2.54234338483491]	[0.019144751616548463, 2.7964502853037087e-12, 0.019144751726584624, 0.07439925346426494, 2.48357598340903]
941538966871912448	[-0.014086582764727452, -2.306680266136393e-12, -0.014086582928420362, 0.18204884404046265, 2.54234338483491]	[0.019144751616548463, 2.7964502853037087e-12, 0.019144751726584624, 0.07439925346426494, 2.48357598340903]
10630	[-0.014086582764727452, -2.306680266136393e-12, -0.014086582928420362, 0.18204884404046265, 2.54234338483491]	[0.019144751616548463, 2.7964502853037087e-12, 0.019144751726584624, 0.07439925346426494, 2.48357598340903]
1064240933783461889	[-0.014086582764727452, -2.306680266136393e-12, -0.014086582928420362, 0.18204884404046265, 2.54234338483491]	[0.019144751616548463, 2.7964502853037087e-12, 0.019144751726584624, 0.07439925346426494, 2.48357598340903]
1064330857320800256	[-0.014086582764727452, -2.306680266136393e-12, -0.014086582928420362, 0.18204884404046265, 2.54234338483491]	[0.019144751616548463, 2.7964502853037087e-12, 0.019144751726584624, 0.07439925346426494, 2.48357598340903]
1000617635191644160	[-0.01408658312760761, -2.3066803110548454e-12, -0.01408658329130052, 0.18204883638421737, 2.542343399000816]	[0.01914475135671036, 2.796450249004061e-12, 0.019144751466746525, 0.07439924469223491, 2.483575968945227]
1066128286194049025	[-0.014086582764727452, -2.306680266136393e-12, -0.014086582928420362, 0.18204884404046265, 2.54234338483491]	[0.019144751616548463, 2.7964502853037087e-12, 0.019144751726584624, 0.07439925346426494, 2.48357598340903]
1069337526	[-0.014086582764727452, -2.306680266136393e-12, -0.014086582928420362, 0.18204884404046265, 2.54234338483491]	[0.019144751616548463, 2.7964502853037087e-12, 0.019144751726584624, 0.07439925346426494, 2.48357598340903]
100673942	[-0.014199276123569572, -2.288146961509026e-12, -0.014199276288622163, 0.18247358787929616, 2.5093488215171544]	[0.0191795076332082, 2.7998956363810954e-12, 0.019179507742917025, 0.07454383468740736, 2.465831657843953]
1072595037391859712	[-0.014086582764727452, -2.306680266136393e-12, -0.014086582928420362, 0.18204884404046265, 2.54234338483491]	[0.019144751616548463, 2.7964502853037087e-12, 0.019144751726584624, 0.07439925346426494, 2.48357598340903]
1072650654718545922	[-0.014086582764727452, -2.306680266136393e-12, -0.014086582928420362, 0.18204884404046265, 2.54234338483491]	[0.019144751616548463, 2.7964502853037087e-12, 0.019144751726584624, 0.07439925346426494, 2.48357598340903]
1074136440265527296	[-0.014086582764727452, -2.306680266136393e-12, -0.014086582928420362, 0.18204884404046265, 2.54234338483491]	[0.019144751616548463, 2.7964502853037087e-12, 0.019144751726584624, 0.07439925346426494, 2.48357598340903]
1074823451825897473	[-0.014086582764727452, -2.306680266136393e-12, -0.014086582928420362, 0.18204884404046265, 2.54234338483491]	[0.019144751616548463, 2.7964502853037087e-12, 0.019144751726584624, 0.07439925346426494, 2.48357598340903]
1075150428583555072	[-0.014086582764727452, -2.306680266136393e-12, -0.014086582928420362, 0.18204884404046265, 2.54234338483491]	[0.019144751616548463, 2.7964502853037087e-12, 0.019144751726584624, 0.07439925346426494, 2.48357598340903]
107574989	[-0.014086582764727452, -2.306680266136393e-12, -0.014086582928420362, 0.18204884404046265, 2.54234338483491]	[0.019144751616548463, 2.7964502853037087e-12, 0.019144751726584624, 0.07439925346426494, 2.48357598340903]
107737145	[-0.014086582764727452, -2.306680266136393e-12, -0.014086582928420362, 0.18204884404046265, 2.54234338483491]	[0.019144751616548463, 2.7964502853037087e-12, 0.019144751726584624, 0.07439925346426494, 2.48357598340903]
1006919818933690368	[-0.014199276123569572, -2.288146961509026e-12, -0.014199276288622163, 0.18247358787929616, 2.5093488215171544]	[0.0191795076332082, 2.7998956363810954e-12, 0.019179507742917025, 0.07454383468740736, 2.465831657843953]
1079577751	[-0.014086582764727452, -2.306680266136393e-12, -0.014086582928420362, 0.18204884404046265, 2.54234338483491]	[0.019144751616548463, 2.7964502853037087e-12, 0.019144751726584624, 0.07439925346426494, 2.48357598340903]
1082454963924680704	[-0.014086582764727452, -2.306680266136393e-12, -0.014086582928420362, 0.18204884404046265, 2.54234338483491]	[0.019144751616548463, 2.7964502853037087e-12, 0.019144751726584624, 0.07439925346426494, 2.48357598340903]
108477485	[-0.014086582764727452, -2.306680266136393e-12, -0.014086582928420362, 0.18204884404046265, 2.54234338483491]	[0.019144751616548463, 2.7964502853037087e-12, 0.019144751726584624, 0.07439925346426494, 2.48357598340903]
1086312120088711168	[-0.014086582764727452, -2.306680266136393e-12, -0.014086582928420362, 0.18204884404046265, 2.54234338483491]	[0.019144751616548463, 2.7964502853037087e-12, 0.019144751726584624, 0.07439925346426494, 2.48357598340903]
1086450818558185472	[-0.014086582764727452, -2.306680266136393e-12, -0.014086582928420362, 0.18204884404046265, 2.54234338483491]	[0.019144751616548463, 2.7964502853037087e-12, 0.019144751726584624, 0.07439925346426494, 2.48357598340903]
1087380412089987077	[-0.014086582764727452, -2.306680266136393e-12, -0.014086582928420362, 0.18204884404046265, 2.54234338483491]	[0.019144751616548463, 2.7964502853037087e-12, 0.019144751726584624, 0.07439925346426494, 2.48357598340903]
1088145168375660547	[-0.014086582764727452, -2.306680266136393e-12, -0.014086582928420362, 0.18204884404046265, 2.54234338483491]	[0.019144751616548463, 2.7964502853037087e-12, 0.019144751726584624, 0.07439925346426494, 2.48357598340903]
1090299569877995522	[-0.014086582764727452, -2.306680266136393e-12, -0.014086582928420362, 0.18204884404046265, 2.54234338483491]	[0.019144751616548463, 2.7964502853037087e-12, 0.019144751726584624, 0.07439925346426494, 2.48357598340903]
109140767	[-0.014086582764727452, -2.306680266136393e-12, -0.014086582928420362, 0.18204884404046265, 2.54234338483491]	[0.019144751616548463, 2.7964502853037087e-12, 0.019144751726584624, 0.07439925346426494, 2.48357598340903]
1009577803304656896	[-0.014086583455941116, -2.3066803516993713e-12, -0.014086583619634024, 0.18204879007961347, 2.5423434075897697]	[0.019144751118612947, 2.7964502158439604e-12, 0.01914475122864912, 0.07439918333925892, 2.48357596016294]
1092566360771739654	[-0.014086582764727452, -2.306680266136393e-12, -0.014086582928420362, 0.18204884404046265, 2.54234338483491]	[0.019144751616548463, 2.7964502853037087e-12, 0.019144751726584624, 0.07439925346426494, 2.48357598340903]
109455789	[-0.014086582764727452, -2.306680266136393e-12, -0.014086582928420362, 0.18204884404046265, 2.54234338483491]	[0.019144751616548463, 2.7964502853037087e-12, 0.019144751726584624, 0.07439925346426494, 2.48357598340903]
1099134757	[-0.014086582764727452, -2.306680266136393e-12, -0.014086582928420362, 0.18204884404046265, 2.54234338483491]	[0.019144751616548463, 2.7964502853037087e-12, 0.019144751726584624, 0.07439925346426494, 2.48357598340903]
1099804993127960576	[-0.014086582764727452, -2.306680266136393e-12, -0.014086582928420362, 0.18204884404046265, 2.54234338483491]	[0.019144751616548463, 2.7964502853037087e-12, 0.019144751726584624, 0.07439925346426494, 2.48357598340903]
1099806972331859973	[-0.014086582764727452, -2.306680266136393e-12, -0.014086582928420362, 0.18204884404046265, 2.54234338483491]	[0.019144751616548463, 2.7964502853037087e-12, 0.019144751726584624, 0.07439925346426494, 2.48357598340903]
1103939416362348544	[-0.014086582764727452, -2.306680266136393e-12, -0.014086582928420362, 0.18204884404046265, 2.54234338483491]	[0.019144751616548463, 2.7964502853037087e-12, 0.019144751726584624, 0.07439925346426494, 2.48357598340903]
101098968	[-0.014086583455941116, -2.3066803516993713e-12, -0.014086583619634024, 0.18204879007961347, 2.5423434075897697]	[0.019144751118612947, 2.7964502158439604e-12, 0.01914475122864912, 0.07439918333925892, 2.48357596016294]
1105535994	[-0.014086582764727452, -2.306680266136393e-12, -0.014086582928420362, 0.18204884404046265, 2.54234338483491]	[0.019144751616548463, 2.7964502853037087e-12, 0.019144751726584624, 0.07439925346426494, 2.48357598340903]
1011800462	[-0.014199276123569572, -2.288146961509026e-12, -0.014199276288622163, 0.18247358787929616, 2.5093488215171544]	[0.0191795076332082, 2.7998956363810954e-12, 0.019179507742917025, 0.07454383468740736, 2.465831657843953]
1114006837475594240	[-0.014086582764727452, -2.306680266136393e-12, -0.014086582928420362, 0.18204884404046265, 2.54234338483491]	[0.019144751616548463, 2.7964502853037087e-12, 0.019144751726584624, 0.07439925346426494, 2.48357598340903]
111809335	[-0.014086582764727452, -2.306680266136393e-12, -0.014086582928420362, 0.18204884404046265, 2.54234338483491]	[0.019144751616548463, 2.7964502853037087e-12, 0.019144751726584624, 0.07439925346426494, 2.48357598340903]
1120387322640510976	[-0.014086582764727452, -2.306680266136393e-12, -0.014086582928420362, 0.18204884404046265, 2.54234338483491]	[0.019144751616548463, 2.7964502853037087e-12, 0.019144751726584624, 0.07439925346426494, 2.48357598340903]
112047805	[-0.014086582764727452, -2.306680266136393e-12, -0.014086582928420362, 0.18204884404046265, 2.54234338483491]	[0.019144751616548463, 2.7964502853037087e-12, 0.019144751726584624, 0.07439925346426494, 2.48357598340903]
1122533006	[-0.014086582764727452, -2.306680266136393e-12, -0.014086582928420362, 0.18204884404046265, 2.54234338483491]	[0.019144751616548463, 2.7964502853037087e-12, 0.019144751726584624, 0.07439925346426494, 2.48357598340903]
