108477485	[0.0, -9.049759261463142e-13, 0.0, 0.30489353151401266, 0.28441986443933104]	[0.0, 5.425252264787165e-13, 0.0, 0.0032722835373146355, 0.25392954294612846]
107737145	[0.0, -3.240533154878185e-14, 0.0, 0.24129749168953807, 0.44192461176941106]	[0.0, 2.619731154951422e-13, 0.0, 0.015180139219915912, 0.15037556557540294]
1392190009	[0.0, -4.2313433323493016e-13, 0.0, 0.29017211934329457, 0.6861221149150506]	[0.0, 6.889672262140797e-13, 0.0, 0.033041211364751175, 0.25761947068795515]
1114006837475594240	[0.0, -6.066332878002284e-13, 0.0, 0.28136149661525106, 0.1561041698027999]	[0.0, 1.0097419586828951e-28, 0.0, 0.0, 5.551115123125783e-17]
1164149377532907520	[0.0, -1.0958028028039773e-13, 0.0, 0.31850992036970316, 2.069825335631594]	[0.0, 3.2889746511246164e-13, 0.0, 0.024960854951742342, 1.6815942747943609]
1032854767565975553	[0.0, -1.6668550294650194e-12, 0.0, 0.19734517126537865, 0.7350907733979352]	[0.0, 1.6515593385340789e-12, 0.0, 0.04636736041162522, 0.31097968210217386]
116977325	[0.0, -1.1353970225756189e-13, 0.0, 0.27626570948613277, 4.3055751061008944]	[0.0, 3.1899637399043594e-13, 0.0, 0.057886825601978276, 4.395472257369154]
1143627713615474688	[0.0, -5.222163085186013e-13, 0.0, 0.2751514111271852, 0.12396023198011598]	[0.0, 1.0097419586828951e-28, 0.0, 1.1102230246251565e-16, 1.3877787807814457e-17]
105228862	[0.0, -5.08551470911274e-13, 0.0, 0.26731042500968877, 0.08648631704335288]	[0.0, 3.0292258760486853e-28, 0.0, 1.1102230246251565e-16, 1.3877787807814457e-17]
117415288	[0.0, -1.1066491935568926e-12, 0.0, 0.2940982142477831, 0.41365607348322503]	[0.0, 6.163482104547023e-13, 0.0, 0.009407256726384042, 0.329992692144783]
941538966871912448	[0.0, -8.250771184876384e-14, 0.0, 0.2871406559592349, 2.544739193534821]	[0.0, 3.4622224089487676e-13, 0.0, 0.039333478485067845, 1.893952980021626]
269062860	[0.0, -5.907267961709913e-13, 0.0, 0.27531685885235646, 1.810621356583681]	[0.0, 7.935368663043284e-13, 0.0, 0.020141991158161274, 1.6980673433414277]
1142395454069641217	[0.0, -5.08551470911274e-13, 0.0, 0.26731042500968877, 0.08648631704335288]	[0.0, 3.0292258760486853e-28, 0.0, 1.1102230246251565e-16, 1.3877787807814457e-17]
1132452978538024961	[-9.390349313229792e-16, 4.550966538936587e-15, 0.0, 0.2784216773784701, 0.84456228469754]	[6.964069437007454e-15, 1.7096542663835993e-13, 0.0, 0.03917471990584027, 0.9504245342823441]
1087380412089987077	[0.0, -3.532229268410996e-14, 0.0, 0.26740707908774786, 0.5858604472187482]	[0.0, 1.3439060365713744e-13, 0.0, 0.003987800154645419, 0.12931732806192411]
1074136440265527296	[0.0, -5.213526595384462e-13, 0.0, 0.30257967763481225, 0.10486456267852308]	[0.0, 2.0194839173657902e-28, 0.0, 1.6653345369377348e-16, 0.0]
118854389	[0.0, -5.08551470911274e-13, 0.0, 0.26731042500968877, 0.08648631704335288]	[0.0, 3.0292258760486853e-28, 0.0, 1.1102230246251565e-16, 1.3877787807814457e-17]
109140767	[0.0, -6.43032397611225e-13, 0.0, 0.29064201560807007, 0.17959692182520845]	[0.0, 1.0097419586828951e-28, 0.0, 5.551115123125783e-17, 2.7755575615628914e-17]
113816520	[0.0, -2.588979487328262e-13, 0.0, 0.2880056450317704, 0.5262901950059389]	[0.0, 2.6097620091016857e-13, 0.0, 0.006449710762156279, 0.4012750058316778]
1136056154	[0.0, -6.066332878002284e-13, 0.0, 0.28136149661525106, 0.1561041698027999]	[0.0, 1.0097419586828951e-28, 0.0, 0.0, 5.551115123125783e-17]
1040025234643083264	[3.998021238089876e-15, -4.5406381331363757e-13, -1.2373166922724143e-14, 0.301338485941939, 0.6307913545029937]	[1.1541293190185155e-14, 1.5729231890753805e-13, 3.571825626781479e-14, 0.0982305506961786, 1.571273299492965]
1079577751	[0.0, -5.08551470911274e-13, 0.0, 0.26731042500968877, 0.08648631704335288]	[0.0, 3.0292258760486853e-28, 0.0, 1.1102230246251565e-16, 1.3877787807814457e-17]
15940950	[0.0, -7.412482239361333e-14, 0.0, 0.2738014721894273, 8.453471907459832]	[0.0, 2.9939757090604034e-13, 0.0, 0.04534889374513035, 15.61682912790656]
3159888878	[0.0, -1.5840374256259448e-12, 0.0, 0.27805914925259095, 0.4308275406809952]	[0.0, 5.549690193010223e-13, 0.0, 0.012805428310716783, 0.1702286134170271]
102128701	[0.0, -1.0942104173505658e-12, 0.0, 0.27963596405750807, 1.7574115386143263]	[0.0, 1.8883532328377128e-12, 0.0, 0.058310525936096445, 1.6331682262399598]
114329378	[0.0, -5.222163085186013e-13, 0.0, 0.2751514111271852, 0.12396023198011598]	[0.0, 1.0097419586828951e-28, 0.0, 1.1102230246251565e-16, 1.3877787807814457e-17]
1057138454679699456	[0.0, -5.406300515087819e-14, 0.0, 0.3147576396529815, 0.8270280397447163]	[0.0, 2.361463801012656e-13, 0.0, 0.02042860635719148, 0.36799026801716744]
844932007075500034	[0.0, -1.219420397300314e-13, 0.0, 0.31775160827573384, 1.7193326063754728]	[0.0, 3.222664357068866e-13, 0.0, 0.037652219449077706, 1.060487990446496]
104262985	[0.0, -4.9246258777797096e-14, 0.0, 0.3866574850780752, 4.125654371599611]	[0.0, 1.5137965255512783e-13, 0.0, 0.10712263635650021, 3.361862091056388]
10630	[0.0, -5.452060453847766e-13, 0.0, 0.2740658085984449, 0.1262379537864368]	[0.0, 3.981939230485476e-14, 0.0, 0.0018803187366032718, 0.003945129894055264]
100673942	[0.0, -3.7224244797871863e-13, 0.0, 0.29965090015676443, 2.9524542794642508]	[0.0, 2.3576394545915346e-13, 0.0, 0.004630803795217562, 4.502434673358355]
1099804993127960576	[0.0, -5.213526595384462e-13, 0.0, 0.30257967763481225, 0.10486456267852308]	[0.0, 2.0194839173657902e-28, 0.0, 1.6653345369377348e-16, 0.0]
1072595037391859712	[0.0, -6.066332878002284e-13, 0.0, 0.28136149661525106, 0.1561041698027999]	[0.0, 1.0097419586828951e-28, 0.0, 0.0, 5.551115123125783e-17]
1186126056	[0.0, -5.198741496429947e-13, 0.0, 0.28155593426961395, 0.1250151891742613]	[0.0, 1.0097419586828951e-28, 0.0, 5.551115123125783e-17, 5.551115123125783e-17]
1105535994	[0.0, -4.903889183787286e-13, 0.0, 0.26162880655309656, 0.2322070438156141]	[0.0, 9.437539134452283e-14, 0.0, 0.02952255550811606, 0.7571871074562563]
26876056	[0.0, -1.8482591216632968e-13, 0.0, 0.27875784365009865, 0.4227049586589242]	[0.0, 2.50832227790317e-13, 0.0, 0.01775574671284505, 0.23690424380254252]
1189960471014789120	[0.0, -7.656632420839007e-14, 0.0, 0.31628902199236714, 1.7811969242195003]	[0.0, 3.0949459320559944e-13, 0.0, 0.03135818192814956, 0.9259159170984598]
386573370	[0.0, 1.2560441227903677e-13, 0.0, 0.2856458583037699, 1.8336986917598002]	[0.0, 4.27923862450895e-13, 0.0, 0.08248249503370506, 3.0283205541144302]
1064240933783461889	[0.0, -8.913262388486515e-13, 0.0, 0.28207374243677713, 0.2210091509913574]	[0.0, 1.0097419586828951e-28, 0.0, 0.0, 0.0]
1000617635191644160	[0.0, -2.211920827508974e-13, 0.0, 0.29687264436396144, 0.6009988190593131]	[0.0, 1.5675374885246023e-13, 0.0, 0.002980400922752706, 0.25909766517027333]
1099134757	[0.0, -1.4474190743977038e-13, 0.0, 0.33684152086715524, 1.084623694894733]	[0.0, 2.3820933937398245e-13, 0.0, 0.05847095571686434, 1.1036561199219168]
21833728	[0.0, -6.43032397611225e-13, 0.0, 0.29064201560807007, 0.17959692182520845]	[0.0, 1.0097419586828951e-28, 0.0, 5.551115123125783e-17, 2.7755575615628914e-17]
119300881	[0.0, -5.08551470911274e-13, 0.0, 0.26731042500968877, 0.08648631704335288]	[0.0, 3.0292258760486853e-28, 0.0, 1.1102230246251565e-16, 1.3877787807814457e-17]
1170869529079177216	[0.0, -5.222163085186013e-13, 0.0, 0.2751514111271852, 0.12396023198011598]	[0.0, 1.0097419586828951e-28, 0.0, 1.1102230246251565e-16, 1.3877787807814457e-17]
1151249636494958592	[0.0, -1.2991367570541102e-12, 0.0, 0.26121750564011514, 2.7470426164000092]	[0.0, 1.8855621227469162e-12, 0.0, 0.04340609714540548, 2.6588660866112437]
1075150428583555072	[0.0, -1.4363043977303818e-15, 0.0, 0.12124961336220229, 2.1538461538461537]	[0.0, 0.0, 0.0, 0.0, 0.0]
117212185	[0.0, -5.5284441438513566e-14, 0.0, 0.30983527350660567, 2.4603408703234315]	[0.0, 3.2296441346644427e-13, 0.0, 0.04207558523083725, 1.6353178830359048]
118541344	[0.0, -4.2593839223034914e-13, 0.0, 0.3043511637714529, 1.7379244622002152]	[0.0, 2.0464080499091225e-13, 0.0, 0.0037994144823414455, 3.5025232794313697]
3301158974	[0.0, -3.17325510709951e-13, 0.0, 0.24684684509460544, 1.5958106273405313]	[0.0, 2.536390271096526e-13, 0.0, 0.06928500204375251, 1.853489163011928]
1174346666239025153	[-6.829344955076213e-16, -3.237469929360626e-13, 0.0, 0.27493081119502416, 1.350953529817806]	[5.953684901951314e-15, 6.625170322951761e-13, 0.0, 0.027728797783338453, 1.2362728522054003]
162289496	[0.0, -7.43770419321711e-14, 0.0, 0.3025859034919038, 7.444156619496719]	[0.0, 2.955286192927665e-13, 0.0, 0.039788614982799946, 13.20867711307962]
112047805	[0.0, -1.8482591216632968e-13, 0.0, 0.27875784365009865, 0.4227049586589242]	[0.0, 2.50832227790317e-13, 0.0, 0.01775574671284505, 0.23690424380254252]
599669489	[0.0, -2.939630973441155e-13, 0.0, 0.30130585487347583, 1.636755041130701]	[0.0, 2.6257083065563043e-13, 0.0, 0.0043375075376841325, 3.525206625790347]
113168742	[0.0, -6.993518141644482e-13, 0.0, 0.2828063902117655, 0.515306781719169]	[0.0, 7.417546560490436e-13, 0.0, 0.011094437508301089, 0.22438067014232166]
1064330857320800256	[0.0, -4.438284358704869e-13, 0.0, 0.24780160620305156, 1.3310928107897964]	[0.0, 4.4749780297816474e-13, 0.0, 0.03427213623372548, 1.110083659798439]
1086450818558185472	[0.0, 7.365447805078915e-14, 0.0, 0.2621086838134878, 1.4150914416231462]	[0.0, 2.4819265273046675e-13, 0.0, 0.05824167507929945, 1.4261017820284088]
1031026429784457216	[0.0, -5.198741496429947e-13, 0.0, 0.28155593426961395, 0.1250151891742613]	[0.0, 1.0097419586828951e-28, 0.0, 5.551115123125783e-17, 5.551115123125783e-17]
1142864340	[0.0, -7.628595615344489e-14, 0.0, 0.2593678562303362, 2.1870943382452377]	[0.0, 3.139977289869922e-13, 0.0, 0.009300012694232866, 1.315542237751487]
