108477485	[-0.011566523797658877, -0.011567123982932734, 0.6706925998510063, 0.30489353151401266, 0.28441986443933104]	[0.007565792246234912, 0.0075661676423052085, 0.13435945407730496, 0.0032722835373146355, 0.25392954294612846]
107737145	[-0.01999262923353769, -0.019992896551461636, 0.3551991298306159, 0.24129749168953807, 0.44192461176941106]	[0.005993651440909466, 0.005993604731731671, 0.2057850075170047, 0.015180139219915912, 0.15037556557540294]
1392190009	[-0.023386841744657487, -0.023387776387734416, 0.5727325008823132, 0.29017211934329457, 0.6861221149150506]	[0.006680708977892355, 0.006681011041348118, 0.2091918942131682, 0.033041211364751175, 0.25761947068795515]
1114006837475594240	[-0.008165474473430592, -0.008165933384944422, 0.7367857596539212, 0.28136149661525106, 0.1561041698027999]	[0.0, 0.0, 0.0, 0.0, 5.551115123125783e-17]
1164149377532907520	[-0.044932201220677453, -0.04493420587340343, 0.5261993761373631, 0.31850992036970316, 2.069825335631594]	[0.025526177430494564, 0.025527234472960972, 0.2354106324152098, 0.024960854951742342, 1.6815942747943609]
1032854767565975553	[-0.031941489098178365, -0.031941752295905006, -0.07599295996911629, 0.19734517126537865, 0.7350907733979352]	[0.012700303816633916, 0.012700284619242063, 0.427677206947129, 0.04636736041162522, 0.31097968210217386]
116977325	[-0.07606327166689655, -0.07606508198769402, 0.2506090311642146, 0.27626570948613277, 4.3055751061008944]	[0.06557048251592283, 0.06557018427144946, 0.307571377800713, 0.057886825601978276, 4.395472257369154]
1143627713615474688	[-0.006998224656424292, -0.0069986416450844285, 0.9508769617995131, 0.2751514111271852, 0.12396023198011598]	[1.734723475976807e-18, 0.0, 0.0, 1.1102230246251565e-16, 1.3877787807814457e-17]
105228862	[9.629911572826592e-06, 9.620154584175622e-06, 0.712688389445033, 0.26731042500968877, 0.08648631704335288]	[1.6940658945086007e-21, 0.0, 0.0, 1.1102230246251565e-16, 1.3877787807814457e-17]
117415288	[-0.014368378217551955, -0.014369138721584176, 0.6667147861766705, 0.2940982142477831, 0.41365607348322503]	[0.008584841992874362, 0.008585290721663698, 0.10603426356206593, 0.009407256726384042, 0.329992692144783]
941538966871912448	[-0.052650990538825174, -0.052653256931612914, 0.46372891888829365, 0.2871406559592349, 2.544739193534821]	[0.028814535756818603, 0.028815818600827017, 0.1718548249564114, 0.039333478485067845, 1.893952980021626]
269062860	[-0.03966219635068012, -0.03966410628623458, 0.49686898805766816, 0.27531685885235646, 1.810621356583681]	[0.027639237218093596, 0.027640429297121745, 0.07504356802931421, 0.020141991158161274, 1.6980673433414277]
1142395454069641217	[9.629911572826592e-06, 9.620154584175622e-06, 0.712688389445033, 0.26731042500968877, 0.08648631704335288]	[1.6940658945086007e-21, 0.0, 0.0, 1.1102230246251565e-16, 1.3877787807814457e-17]
1132452978538024961	[-0.02498223499568126, -0.024983063379946584, 0.5473455242141576, 0.2784216773784701, 0.84456228469754]	[0.008252641721926671, 0.008253079878147253, 0.23861701819079512, 0.03917471990584027, 0.9504245342823441]
1087380412089987077	[-0.02097656809354394, -0.020977587249335187, 0.2880349848385078, 0.26740707908774786, 0.5858604472187482]	[0.004231019453539772, 0.0042312051352708146, 0.32770177178593374, 0.003987800154645419, 0.12931732806192411]
1074136440265527296	[-0.006216700795297569, -0.0062170355354644906, 0.7656990809455911, 0.30257967763481225, 0.10486456267852308]	[2.6020852139652106e-18, 3.469446951953614e-18, 1.1102230246251565e-16, 1.6653345369377348e-16, 0.0]
118854389	[9.629911572826592e-06, 9.620154584175622e-06, 0.712688389445033, 0.26731042500968877, 0.08648631704335288]	[1.6940658945086007e-21, 0.0, 0.0, 1.1102230246251565e-16, 1.3877787807814457e-17]
109140767	[-0.008663574367519685, -0.008664134034526958, 0.6053126178146744, 0.29064201560807007, 0.17959692182520845]	[3.469446951953614e-18, 1.734723475976807e-18, 1.1102230246251565e-16, 5.551115123125783e-17, 2.7755575615628914e-17]
113816520	[-0.017987605499385606, -0.01798847138812594, 0.682819171210417, 0.2880056450317704, 0.5262901950059389]	[0.010991970627905169, 0.010992441821598307, 0.07449662351505526, 0.006449710762156279, 0.4012750058316778]
1136056154	[-0.008165474473430592, -0.008165933384944422, 0.7367857596539212, 0.28136149661525106, 0.1561041698027999]	[0.0, 0.0, 0.0, 0.0, 5.551115123125783e-17]
1040025234643083264	[8.670765249958714e-06, 8.662053422821916e-06, 0.6981042037810345, 0.301338485941939, 0.6307913545029937]	[2.7688169385000437e-06, 2.7657998170922833e-06, 0.04210091759510465, 0.0982305506961786, 1.571273299492965]
1079577751	[9.629911572826592e-06, 9.620154584175622e-06, 0.712688389445033, 0.26731042500968877, 0.08648631704335288]	[1.6940658945086007e-21, 0.0, 0.0, 1.1102230246251565e-16, 1.3877787807814457e-17]
15940950	[-0.10228332115495922, -0.10228740531529099, 0.4473320507851902, 0.2738014721894273, 8.453471907459832]	[0.1223059384771193, 0.12231035936451745, 0.3104455103623807, 0.04534889374513035, 15.61682912790656]
3159888878	[-0.0013105777317853641, -0.0013106763322061905, 0.29887239124414283, 0.27805914925259095, 0.4308275406809952]	[0.0025621392081791746, 0.002562262528139612, 0.2437922876423579, 0.012805428310716783, 0.1702286134170271]
102128701	[-0.04461634415608072, -0.04461778147107113, 0.479182688344647, 0.27963596405750807, 1.7574115386143263]	[0.03467942670389754, 0.034679795716144726, 0.17612170156524104, 0.058310525936096445, 1.6331682262399598]
114329378	[-0.006998224656424292, -0.0069986416450844285, 0.9508769617995131, 0.2751514111271852, 0.12396023198011598]	[1.734723475976807e-18, 0.0, 0.0, 1.1102230246251565e-16, 1.3877787807814457e-17]
1057138454679699456	[-0.02549513436911965, -0.025496286400288743, 0.6799237480163193, 0.3147576396529815, 0.8270280397447163]	[0.009869284917845422, 0.009869700450898241, 0.10627587985474943, 0.02042860635719148, 0.36799026801716744]
844932007075500034	[-0.028068657816170742, -0.02806992447692288, 0.6322299646609114, 0.31775160827573384, 1.7193326063754728]	[0.027562694443336727, 0.027563900720934946, 0.14632811546151317, 0.037652219449077706, 1.060487990446496]
104262985	[-0.015915264022246214, -0.01591592442029071, 0.6110868629212381, 0.3866574850780752, 4.125654371599611]	[0.029638226741580554, 0.02963943962235167, 0.3346362812474119, 0.10712263635650021, 3.361862091056388]
10630	[-0.007308155138366942, -0.0073085891422115384, 0.9138748878910833, 0.2740658085984449, 0.1262379537864368]	[0.0005368153415389746, 0.000536844812702961, 0.0640894719948189, 0.0018803187366032718, 0.003945129894055264]
100673942	[-0.004440037369761133, -0.004440276795690497, 0.720049552002471, 0.29965090015676443, 2.9524542794642508]	[0.0028091515301060434, 0.0028093022351481133, 0.07217824278701909, 0.004630803795217562, 4.502434673358355]
1099804993127960576	[-0.006216700795297569, -0.0062170355354644906, 0.7656990809455911, 0.30257967763481225, 0.10486456267852308]	[2.6020852139652106e-18, 3.469446951953614e-18, 1.1102230246251565e-16, 1.6653345369377348e-16, 0.0]
1072595037391859712	[-0.008165474473430592, -0.008165933384944422, 0.7367857596539212, 0.28136149661525106, 0.1561041698027999]	[0.0, 0.0, 0.0, 0.0, 5.551115123125783e-17]
1186126056	[-0.006995634871480441, -0.006996029566527628, 0.6083225476953623, 0.28155593426961395, 0.1250151891742613]	[3.469446951953614e-18, 0.0, 1.1102230246251565e-16, 5.551115123125783e-17, 5.551115123125783e-17]
1105535994	[9.33580641048853e-06, 9.326405813634658e-06, 0.7222290086398514, 0.26162880655309656, 0.2322070438156141]	[1.5282152518134534e-06, 1.526363385713526e-06, 0.04957451154327729, 0.02952255550811606, 0.7571871074562563]
26876056	[-0.015176744698860888, -0.015177501756299065, 0.6700838768824197, 0.27875784365009865, 0.4227049586589242]	[0.006678422416583389, 0.006678737193292246, 0.07126736532258829, 0.01775574671284505, 0.23690424380254252]
1189960471014789120	[-0.03754791451722273, -0.03754966770103878, 0.49334422927056515, 0.31628902199236714, 1.7811969242195003]	[0.021606683354085065, 0.02160764774485076, 0.25298928695654255, 0.03135818192814956, 0.9259159170984598]
386573370	[-0.015758661021377, -0.015758878748698097, 0.4566271943870907, 0.2856458583037699, 1.8336986917598002]	[0.009611096677908552, 0.009611152592770088, 0.2662431905224563, 0.08248249503370506, 3.0283205541144302]
1064240933783461889	[-0.010606876601471122, -0.01060745894682585, 0.849221565990451, 0.28207374243677713, 0.2210091509913574]	[1.734723475976807e-18, 1.734723475976807e-18, 0.0, 0.0, 0.0]
1000617635191644160	[-0.02172580989062158, -0.02172677363675674, 1.2441615569667945, 0.29687264436396144, 0.6009988190593131]	[0.008099368071825583, 0.008099696559479187, 0.24986887886559117, 0.002980400922752706, 0.25909766517027333]
1099134757	[-0.010122675770005958, -0.01012321882759296, 0.6849707603104733, 0.33684152086715524, 1.084623694894733]	[0.008444344609895378, 0.008444796490887476, 0.15932350507959658, 0.05847095571686434, 1.1036561199219168]
21833728	[-0.008663574367519685, -0.008664134034526958, 0.6053126178146744, 0.29064201560807007, 0.17959692182520845]	[3.469446951953614e-18, 1.734723475976807e-18, 1.1102230246251565e-16, 5.551115123125783e-17, 2.7755575615628914e-17]
119300881	[9.629911572826592e-06, 9.620154584175622e-06, 0.712688389445033, 0.26731042500968877, 0.08648631704335288]	[1.6940658945086007e-21, 0.0, 0.0, 1.1102230246251565e-16, 1.3877787807814457e-17]
1170869529079177216	[-0.006998224656424292, -0.0069986416450844285, 0.9508769617995131, 0.2751514111271852, 0.12396023198011598]	[1.734723475976807e-18, 0.0, 0.0, 1.1102230246251565e-16, 1.3877787807814457e-17]
1151249636494958592	[-0.04802576313795735, -0.04802782074173371, 0.15635481146073188, 0.26121750564011514, 2.7470426164000092]	[0.036098668994740915, 0.036100280592246375, 0.3292604086196947, 0.04340609714540548, 2.6588660866112437]
1075150428583555072	[6.181242242654611e-06, 6.179442637031295e-06, 0.8649410646992103, 0.12124961336220229, 2.1538461538461537]	[1.6940658945086007e-21, 8.470329472543003e-22, 1.1102230246251565e-16, 0.0, 0.0]
117212185	[-0.05338722300822025, -0.05338942358946863, 0.5348365418881746, 0.30983527350660567, 2.4603408703234315]	[0.02667270086790947, 0.026673499948243043, 0.16767168414580733, 0.04207558523083725, 1.6353178830359048]
118541344	[-0.005089662088704117, -0.005089937056824412, 0.7931802902522845, 0.3043511637714529, 1.7379244622002152]	[0.0024172287298340734, 0.0024173569265920985, 0.05894062757392496, 0.0037994144823414455, 3.5025232794313697]
3301158974	[-0.003773022023153019, -0.003773225383097692, 0.7902004995236341, 0.24684684509460544, 1.5958106273405313]	[0.003037891329140063, 0.003038054656187197, 0.030459259988802334, 0.06928500204375251, 1.853489163011928]
1174346666239025153	[-0.03630356900952424, -0.03630512839938954, 0.44246910525764505, 0.27493081119502416, 1.350953529817806]	[0.024392014553762664, 0.024392980398122138, 0.22621284597127378, 0.027728797783338453, 1.2362728522054003]
162289496	[-0.08825087644809455, -0.08825449831731161, 0.5350469723649927, 0.3025859034919038, 7.444156619496719]	[0.09900326063459851, 0.09900688894278112, 0.29248334932466097, 0.039788614982799946, 13.20867711307962]
112047805	[-0.015176744698860888, -0.015177501756299065, 0.6700838768824197, 0.27875784365009865, 0.4227049586589242]	[0.006678422416583389, 0.006678737193292246, 0.07126736532258829, 0.01775574671284505, 0.23690424380254252]
599669489	[-0.02588368354567317, -0.025884879971915933, 0.5257595048050459, 0.30130585487347583, 1.636755041130701]	[0.0378006576140665, 0.03780217831828498, 0.4010587545026762, 0.0043375075376841325, 3.525206625790347]
113168742	[-0.017668506490609553, -0.017669431461784478, 0.5882914876767815, 0.2828063902117655, 0.515306781719169]	[0.006045226466611514, 0.006045540481026592, 0.10066670081951988, 0.011094437508301089, 0.22438067014232166]
1064330857320800256	[-0.03398471260373347, -0.0339862903737015, 0.6617563336366405, 0.24780160620305156, 1.3310928107897964]	[0.023377836002262346, 0.02337883142687565, 0.1874652323538102, 0.03427213623372548, 1.110083659798439]
1086450818558185472	[-0.043535276115052916, -0.043536200966285576, 0.5651293893008145, 0.2621086838134878, 1.4150914416231462]	[0.03843392492557751, 0.038433926363192095, 0.21983868177859026, 0.05824167507929945, 1.4261017820284088]
1031026429784457216	[-0.006995634871480441, -0.006996029566527628, 0.6083225476953623, 0.28155593426961395, 0.1250151891742613]	[3.469446951953614e-18, 0.0, 1.1102230246251565e-16, 5.551115123125783e-17, 5.551115123125783e-17]
1142864340	[-0.05339238457179469, -0.053394715430345976, 0.4446271992903649, 0.2593678562303362, 2.1870943382452377]	[0.02723650471069541, 0.027237604171192534, 0.14899079376862367, 0.009300012694232866, 1.315542237751487]
