108477485	[-0.0038743464192532336, 0.0, -0.0038743464192532336, 0.30489353151401266, 0.28441986443933104]	[0.0025308237574301617, 0.0, 0.0025308237574301617, 0.0032722835373146355, 0.25392954294612846]
107737145	[-0.006689381277788789, 0.0, -0.006689381277788789, 0.24129749168953807, 0.44192461176941106]	[0.002004881061338243, 0.0, 0.002004881061338243, 0.015180139219915912, 0.15037556557540294]
1392190009	[-0.007827140561794885, 0.0, -0.007827140561794885, 0.29017211934329457, 0.6861221149150506]	[0.002233764163368688, 0.0, 0.002233764163368688, 0.033041211364751175, 0.25761947068795515]
1114006837475594240	[-0.0027363430354308436, 0.0, -0.0027363430354308436, 0.28136149661525106, 0.1561041698027999]	[4.336808689942018e-19, 0.0, 4.336808689942018e-19, 0.0, 5.551115123125783e-17]
1164149377532907520	[-0.015032529253584016, 0.0, -0.015032529253584016, 0.31850992036970316, 2.069825335631594]	[0.008536164888180223, 0.0, 0.008536164888180223, 0.024960854951742342, 1.6815942747943609]
1032854767565975553	[-0.010686148648596188, 0.0, -0.010686148648596188, 0.19734517126537865, 0.7350907733979352]	[0.004247722395738006, 0.0, 0.004247722395738006, 0.04636736041162522, 0.31097968210217386]
116977325	[-0.02544960838629851, 0.0, -0.02544960838629851, 0.27626570948613277, 4.3055751061008944]	[0.021935225238162916, 0.0, 0.021935225238162916, 0.057886825601978276, 4.395472257369154]
1143627713615474688	[-0.002344519267446616, 0.0, -0.002344519267446616, 0.2751514111271852, 0.12396023198011598]	[4.336808689942018e-19, 0.0, 4.336808689942018e-19, 1.1102230246251565e-16, 1.3877787807814457e-17]
105228862	[1.718974121604895e-17, 0.0, 1.718974121504136e-17, 0.26731042500968877, 0.08648631704335288]	[9.244463733058732e-33, 0.0, 6.162975822039155e-33, 1.1102230246251565e-16, 1.3877787807814457e-17]
117415288	[-0.00481316181032584, 0.0, -0.00481316181032584, 0.2940982142477831, 0.41365607348322503]	[0.002873460476358937, 0.0, 0.002873460476358937, 0.009407256726384042, 0.329992692144783]
941538966871912448	[-0.017614463563136264, 0.0, -0.017614463563136264, 0.2871406559592349, 2.544739193534821]	[0.009636775021593314, 0.0, 0.009636775021593314, 0.039333478485067845, 1.893952980021626]
269062860	[-0.013278642492546157, 0.0, -0.013278642492546157, 0.27531685885235646, 1.810621356583681]	[0.009250049479606453, 0.0, 0.009250049479606453, 0.020141991158161274, 1.6980673433414277]
1142395454069641217	[1.718974121604895e-17, 0.0, 1.718974121504136e-17, 0.26731042500968877, 0.08648631704335288]	[9.244463733058732e-33, 0.0, 6.162975822039155e-33, 1.1102230246251565e-16, 1.3877787807814457e-17]
1132452978538024961	[-0.008358933296666217, 0.0, -0.008358933296666217, 0.2784216773784701, 0.84456228469754]	[0.002759945160550637, 0.0, 0.002759945160550637, 0.03917471990584027, 0.9504245342823441]
1087380412089987077	[-0.007022996904738769, 0.0, -0.007022996904738769, 0.26740707908774786, 0.5858604472187482]	[0.0014156620172088553, 0.0, 0.0014156620172088553, 0.003987800154645419, 0.12931732806192411]
1074136440265527296	[-0.0020847837783863465, 0.0, -0.0020847837783863465, 0.30257967763481225, 0.10486456267852308]	[1.3010426069826053e-18, 0.0, 1.3010426069826053e-18, 1.6653345369377348e-16, 0.0]
118854389	[1.718974121604895e-17, 0.0, 1.718974121504136e-17, 0.26731042500968877, 0.08648631704335288]	[9.244463733058732e-33, 0.0, 6.162975822039155e-33, 1.1102230246251565e-16, 1.3877787807814457e-17]
109140767	[-0.0029033872323612144, 0.0, -0.0029033872323612144, 0.29064201560807007, 0.17959692182520845]	[8.673617379884035e-19, 0.0, 8.673617379884035e-19, 5.551115123125783e-17, 2.7755575615628914e-17]
113816520	[-0.006020634429511007, 0.0, -0.006020634429511007, 0.2880056450317704, 0.5262901950059389]	[0.003676115162064389, 0.0, 0.003676115162064389, 0.006449710762156279, 0.4012750058316778]
1136056154	[-0.0027363430354308436, 0.0, -0.0027363430354308436, 0.28136149661525106, 0.1561041698027999]	[4.336808689942018e-19, 0.0, 4.336808689942018e-19, 0.0, 5.551115123125783e-17]
1040025234643083264	[1.5347983228615138e-17, 0.0, 1.53479832277155e-17, 0.301338485941939, 0.6307913545029937]	[5.316697349135288e-18, 0.0, 5.316697348823641e-18, 0.0982305506961786, 1.571273299492965]
1079577751	[1.718974121604895e-17, 0.0, 1.718974121504136e-17, 0.26731042500968877, 0.08648631704335288]	[9.244463733058732e-33, 0.0, 6.162975822039155e-33, 1.1102230246251565e-16, 1.3877787807814457e-17]
15940950	[-0.03421495652334954, 0.0, -0.03421495652334954, 0.2738014721894273, 8.453471907459832]	[0.040908687688360826, 0.0, 0.040908687688360826, 0.04534889374513035, 15.61682912790656]
3159888878	[-0.00044673938108273897, 0.0, -0.00044673938108273897, 0.27805914925259095, 0.4308275406809952]	[0.0008554407871019268, 0.0, 0.0008554407871019268, 0.012805428310716783, 0.1702286134170271]
102128701	[-0.014928676832802693, 0.0, -0.014928676832802693, 0.27963596405750807, 1.7574115386143263]	[0.011600350238072508, 0.0, 0.011600350238072508, 0.058310525936096445, 1.6331682262399598]
114329378	[-0.002344519267446616, 0.0, -0.002344519267446616, 0.2751514111271852, 0.12396023198011598]	[4.336808689942018e-19, 0.0, 4.336808689942018e-19, 1.1102230246251565e-16, 1.3877787807814457e-17]
1057138454679699456	[-0.00853075265540943, 0.0, -0.00853075265540943, 0.3147576396529815, 0.8270280397447163]	[0.0032998419944773576, 0.0, 0.0032998419944773576, 0.02042860635719148, 0.36799026801716744]
844932007075500034	[-0.009390999273363213, 0.0, -0.009390999273363213, 0.31775160827573384, 1.7193326063754728]	[0.009220067545229641, 0.0, 0.009220067545229641, 0.037652219449077706, 1.060487990446496]
104262985	[-0.005326718685024379, 0.0, -0.005326718685024379, 0.3866574850780752, 4.125654371599611]	[0.009915927652341188, 0.0, 0.009915927652341188, 0.10712263635650021, 3.361862091056388]
10630	[-0.0024481444284387313, 0.0, -0.0024481444284387313, 0.2740658085984449, 0.1262379537864368]	[0.00017948404378084868, 0.0, 0.00017948404378084868, 0.0018803187366032718, 0.003945129894055264]
100673942	[-0.0014891312702759612, 0.0, -0.0014891312702759612, 0.29965090015676443, 2.9524542794642508]	[0.0009418093098103662, 0.0, 0.0009418093098103662, 0.004630803795217562, 4.502434673358355]
1099804993127960576	[-0.0020847837783863465, 0.0, -0.0020847837783863465, 0.30257967763481225, 0.10486456267852308]	[1.3010426069826053e-18, 0.0, 1.3010426069826053e-18, 1.6653345369377348e-16, 0.0]
1072595037391859712	[-0.0027363430354308436, 0.0, -0.0027363430354308436, 0.28136149661525106, 0.1561041698027999]	[4.336808689942018e-19, 0.0, 4.336808689942018e-19, 0.0, 5.551115123125783e-17]
1186126056	[-0.002344519267446616, 0.0, -0.002344519267446616, 0.28155593426961395, 0.1250151891742613]	[4.336808689942018e-19, 0.0, 4.336808689942018e-19, 5.551115123125783e-17, 5.551115123125783e-17]
1105535994	[1.657582188690435e-17, 0.0, 1.6575821885932737e-17, 0.26162880655309656, 0.2322070438156141]	[3.190018409481173e-18, 0.0, 3.190018409294185e-18, 0.02952255550811606, 0.7571871074562563]
26876056	[-0.0050828314997085995, 0.0, -0.0050828314997085995, 0.27875784365009865, 0.4227049586589242]	[0.0022346128348883026, 0.0, 0.0022346128348883026, 0.01775574671284505, 0.23690424380254252]
1189960471014789120	[-0.012563410964834322, 0.0, -0.012563410964834322, 0.31628902199236714, 1.7811969242195003]	[0.0072271184787008405, 0.0, 0.0072271184787008405, 0.03135818192814956, 0.9259159170984598]
386573370	[-0.005273529748534307, 0.0, -0.005273529748534307, 0.2856458583037699, 1.8336986917598002]	[0.0032146404538788273, 0.0, 0.0032146404538788273, 0.08248249503370506, 3.0283205541144302]
1064240933783461889	[-0.0035543245833888184, 0.0, -0.0035543245833888184, 0.28207374243677713, 0.2210091509913574]	[4.336808689942018e-19, 0.0, 4.336808689942018e-19, 0.0, 0.0]
1000617635191644160	[-0.0072706010501852264, 0.0, -0.0072706010501852264, 0.29687264436396144, 0.6009988190593131]	[0.002708204744667962, 0.0, 0.002708204744667962, 0.002980400922752706, 0.25909766517027333]
1099134757	[-0.003393314154979455, 0.0, -0.003393314154979455, 0.33684152086715524, 1.084623694894733]	[0.0028266618727617173, 0.0, 0.0028266618727617173, 0.05847095571686434, 1.1036561199219168]
21833728	[-0.0029033872323612144, 0.0, -0.0029033872323612144, 0.29064201560807007, 0.17959692182520845]	[8.673617379884035e-19, 0.0, 8.673617379884035e-19, 5.551115123125783e-17, 2.7755575615628914e-17]
119300881	[1.718974121604895e-17, 0.0, 1.718974121504136e-17, 0.26731042500968877, 0.08648631704335288]	[9.244463733058732e-33, 0.0, 6.162975822039155e-33, 1.1102230246251565e-16, 1.3877787807814457e-17]
1170869529079177216	[-0.002344519267446616, 0.0, -0.002344519267446616, 0.2751514111271852, 0.12396023198011598]	[4.336808689942018e-19, 0.0, 4.336808689942018e-19, 1.1102230246251565e-16, 1.3877787807814457e-17]
1151249636494958592	[-0.01607250808853704, 0.0, -0.01607250808853704, 0.26121750564011514, 2.7470426164000092]	[0.012076098259771245, 0.0, 0.012076098259771245, 0.04340609714540548, 2.6588660866112437]
1075150428583555072	[0.0, 0.0, 0.0, 0.12124961336220229, 2.1538461538461537]	[0.0, 0.0, 0.0, 0.0, 0.0]
117212185	[-0.017860151167488684, 0.0, -0.017860151167488684, 0.30983527350660567, 2.4603408703234315]	[0.008920375039608493, 0.0, 0.008920375039608493, 0.04207558523083725, 1.6353178830359048]
118541344	[-0.0017125009608173556, 0.0, -0.0017125009608173556, 0.3043511637714529, 1.7379244622002152]	[0.0007984576900391704, 0.0, 0.0007984576900391704, 0.0037994144823414455, 3.5025232794313697]
3301158974	[-0.0012657615797345668, 0.0, -0.0012657615797345668, 0.24684684509460544, 1.5958106273405313]	[0.0010181781926574312, 0.0, 0.0010181781926574312, 0.06928500204375251, 1.853489163011928]
1174346666239025153	[-0.012147391364712915, 0.0, -0.012147391364712915, 0.27493081119502416, 1.350953529817806]	[0.008156534008383969, 0.0, 0.008156534008383969, 0.027728797783338453, 1.2362728522054003]
162289496	[-0.029522084336239478, 0.0, -0.029522084336239478, 0.3025859034919038, 7.444156619496719]	[0.03311546725704417, 0.0, 0.03311546725704417, 0.039788614982799946, 13.20867711307962]
112047805	[-0.0050828314997085995, 0.0, -0.0050828314997085995, 0.27875784365009865, 0.4227049586589242]	[0.0022346128348883026, 0.0, 0.0022346128348883026, 0.01775574671284505, 0.23690424380254252]
599669489	[-0.008664913466353298, 0.0, -0.008664913466353298, 0.30130585487347583, 1.636755041130701]	[0.012644646646298984, 0.0, 0.012644646646298984, 0.0043375075376841325, 3.525206625790347]
113168742	[-0.0059169986126206275, 0.0, -0.0059169986126206275, 0.2828063902117655, 0.515306781719169]	[0.0020243107569299867, 0.0, 0.0020243107569299867, 0.011094437508301089, 0.22438067014232166]
1064330857320800256	[-0.01138067390642766, 0.0, -0.01138067390642766, 0.24780160620305156, 1.3310928107897964]	[0.007826349323038842, 0.0, 0.007826349323038842, 0.03427213623372548, 1.110083659798439]
1086450818558185472	[-0.014564910313420904, 0.0, -0.014564910313420904, 0.2621086838134878, 1.4150914416231462]	[0.012855550146492846, 0.0, 0.012855550146492846, 0.05824167507929945, 1.4261017820284088]
1031026429784457216	[-0.002344519267446616, 0.0, -0.002344519267446616, 0.28155593426961395, 0.1250151891742613]	[4.336808689942018e-19, 0.0, 4.336808689942018e-19, 5.551115123125783e-17, 5.551115123125783e-17]
1142864340	[-0.01786286657023063, 0.0, -0.01786286657023063, 0.2593678562303362, 2.1870943382452377]	[0.009108027493603931, 0.0, 0.009108027493603931, 0.009300012694232866, 1.315542237751487]
