108477485	[-0.003669221970626759, -2.720548617157567e-203, -0.0036692219706325508, 0.30489353151401266, 0.28441986443933104]	[0.0024200323668797496, 0.0, 0.002420032366885979, 0.0032722835373146355, 0.25392954294612846]
107737145	[-0.006364665273575873, -2.995940246647485e-204, -0.006364665273581159, 0.24129749168953807, 0.44192461176941106]	[0.0019075601074076422, 0.0, 0.0019075601074071838, 0.015180139219915912, 0.15037556557540294]
1392190009	[-0.007444584873974838, -1.3761407512147052e-203, -0.007444584873978878, 0.29017211934329457, 0.6861221149150506]	[0.002132047261964644, 0.0, 0.0021320472619664886, 0.033041211364751175, 0.25761947068795515]
1114006837475594240	[-0.002603515210238564, -1.9213416244801188e-203, -0.002603515210238564, 0.28136149661525106, 0.1561041698027999]	[0.0, 0.0, 0.0, 0.0, 5.551115123125783e-17]
1164149377532907520	[-0.014299165240605403, -3.586816249126843e-204, -0.014299165240614108, 0.31850992036970316, 2.069825335631594]	[0.008127349015154516, 0.0, 0.008127349015158384, 0.024960854951742342, 1.6815942747943609]
1032854767565975553	[-0.010167421516967675, -5.304651018490257e-203, -0.010167421516974865, 0.19734517126537865, 0.7350907733979352]	[0.004041529439660916, 0.0, 0.0040415294396635775, 0.04636736041162522, 0.31097968210217386]
116977325	[-0.024214233205455984, -3.611855681503775e-204, -0.024214233205457954, 0.27626570948613277, 4.3055751061008944]	[0.02087044540742612, 0.0, 0.020870445407424543, 0.057886825601978276, 4.395472257369154]
1143627713615474688	[-0.0022307113890572875, -1.6462199364677077e-203, -0.002230711389058846, 0.2751514111271852, 0.12396023198011598]	[0.0, 0.0, 8.673617379884035e-19, 1.1102230246251565e-16, 1.3877787807814457e-17]
105228862	[1.9812065405065231e-10, -1.6011180204000987e-203, 1.9811913731946485e-10, 0.26731042500968877, 0.08648631704335288]	[5.169878828456423e-26, 0.0, 1.0339757656912846e-25, 1.1102230246251565e-16, 1.3877787807814457e-17]
117415288	[-0.004566120056912268, -3.3797119409960237e-203, -0.004566120056912995, 0.2940982142477831, 0.41365607348322503]	[0.0027467011092640946, 0.0, 0.0027467011092634037, 0.009407256726384042, 0.329992692144783]
941538966871912448	[-0.0167571378028716, -3.176314650554015e-204, -0.016757137802878068, 0.2871406559592349, 2.544739193534821]	[0.00917266991028059, 0.0, 0.009172669910282674, 0.039333478485067845, 1.893952980021626]
269062860	[-0.012634069359443167, -1.8624260263268684e-203, -0.012634069359443167, 0.27531685885235646, 1.810621356583681]	[0.008801032693626492, 0.0, 0.008801032693626492, 0.020141991158161274, 1.6980673433414277]
1142395454069641217	[1.9812065405065231e-10, -1.6011180204000987e-203, 1.9811913731946485e-10, 0.26731042500968877, 0.08648631704335288]	[5.169878828456423e-26, 0.0, 1.0339757656912846e-25, 1.1102230246251565e-16, 1.3877787807814457e-17]
1132452978538024961	[-0.007950889641610453, -1.3072056608545394e-204, -0.007950889641616008, 0.2784216773784701, 0.84456228469754]	[0.002631169607913964, 0.0, 0.0026311696079157993, 0.03917471990584027, 0.9504245342823441]
1087380412089987077	[-0.006682086262032293, -1.1758713831912195e-204, -0.006682086262041977, 0.26740707908774786, 0.5858604472187482]	[0.0013469430360622946, 0.0, 0.0013469430360668756, 0.003987800154645419, 0.12931732806192411]
1074136440265527296	[-0.001958000673315157, -1.4640703401570847e-203, -0.0019580006733165446, 0.30257967763481225, 0.10486456267852308]	[1.3010426069826053e-18, 0.0, 8.673617379884035e-19, 1.6653345369377348e-16, 0.0]
118854389	[1.9812065405065231e-10, -1.6011180204000987e-203, 1.9811913731946485e-10, 0.26731042500968877, 0.08648631704335288]	[5.169878828456423e-26, 0.0, 1.0339757656912846e-25, 1.1102230246251565e-16, 1.3877787807814457e-17]
109140767	[-0.0027624507317938257, -2.0386328283001263e-203, -0.0027624507317938257, 0.29064201560807007, 0.17959692182520845]	[8.673617379884035e-19, 0.0, 8.673617379884035e-19, 5.551115123125783e-17, 2.7755575615628914e-17]
113816520	[-0.005728380638775867, -8.231099682338539e-204, -0.005728380638779088, 0.2880056450317704, 0.5262901950059389]	[0.003497669249721696, 0.0, 0.0034976692497249223, 0.006449710762156279, 0.4012750058316778]
1136056154	[-0.002603515210238564, -1.9213416244801188e-203, -0.002603515210238564, 0.28136149661525106, 0.1561041698027999]	[0.0, 0.0, 0.0, 0.0, 5.551115123125783e-17]
1040025234643083264	[1.7689344111665388e-10, -1.4295696610715163e-203, 1.7689208689237937e-10, 0.301338485941939, 0.6307913545029937]	[6.12776855079476e-11, 0.0, 6.127721639089797e-11, 0.0982305506961786, 1.571273299492965]
1079577751	[1.9812065405065231e-10, -1.6011180204000987e-203, 1.9811913731946485e-10, 0.26731042500968877, 0.08648631704335288]	[5.169878828456423e-26, 0.0, 1.0339757656912846e-25, 1.1102230246251565e-16, 1.3877787807814457e-17]
15940950	[-0.03255243248451244, -2.3306432608954763e-204, -0.03255243248451733, 0.2738014721894273, 8.453471907459832]	[0.03892420311846223, 0.0, 0.03892420311846166, 0.04534889374513035, 15.61682912790656]
3159888878	[-0.00041957099989687913, -4.9440934776253026e-203, -0.0004195709998971764, 0.27805914925259095, 0.4308275406809952]	[0.0008034186942040317, 0.0, 0.0008034186942046005, 0.012805428310716783, 0.1702286134170271]
102128701	[-0.014201978290616276, -3.727308380863767e-203, -0.01420197829062795, 0.27963596405750807, 1.7574115386143263]	[0.01103949606346831, 0.0, 0.011039496063474902, 0.058310525936096445, 1.6331682262399598]
114329378	[-0.0022307113890572875, -1.6462199364677077e-203, -0.002230711389058846, 0.2751514111271852, 0.12396023198011598]	[0.0, 0.0, 8.673617379884035e-19, 1.1102230246251565e-16, 1.3877787807814457e-17]
1057138454679699456	[-0.008111627452893757, -2.875852453879986e-204, -0.00811162745289943, 0.3147576396529815, 0.8270280397447163]	[0.003149478711293762, 0.0, 0.003149478711295957, 0.02042860635719148, 0.36799026801716744]
844932007075500034	[-0.008931486423475654, -3.586816249126843e-204, -0.008931486423480902, 0.31775160827573384, 1.7193326063754728]	[0.008775407206567819, 0.0, 0.008775407206571474, 0.037652219449077706, 1.060487990446496]
104262985	[-0.005065864684325885, -1.3072056608545394e-204, -0.005065864684326941, 0.3866574850780752, 4.125654371599611]	[0.009435338194165126, 0.0, 0.009435338194165251, 0.10712263635650021, 3.361862091056388]
10630	[-0.002329306367579157, -1.7189810386320258e-203, -0.0023293063675807837, 0.2740658085984449, 0.1262379537864368]	[0.0001707715121710394, 0.0, 0.0001707715121711588, 0.0018803187366032718, 0.003945129894055264]
100673942	[-0.001398571909510827, -1.0457645286836317e-203, -0.001398571909511818, 0.29965090015676443, 2.9524542794642508]	[0.0008845345411170244, 0.0, 0.0008845345411176509, 0.004630803795217562, 4.502434673358355]
1099804993127960576	[-0.001958000673315157, -1.4640703401570847e-203, -0.0019580006733165446, 0.30257967763481225, 0.10486456267852308]	[1.3010426069826053e-18, 0.0, 8.673617379884035e-19, 1.6653345369377348e-16, 0.0]
1072595037391859712	[-0.002603515210238564, -1.9213416244801188e-203, -0.002603515210238564, 0.28136149661525106, 0.1561041698027999]	[0.0, 0.0, 0.0, 0.0, 5.551115123125783e-17]
1186126056	[-0.002230711389054168, -1.6462199364677077e-203, -0.002230711389054168, 0.28155593426961395, 0.1250151891742613]	[4.336808689942018e-19, 0.0, 4.336808689942018e-19, 5.551115123125783e-17, 5.551115123125783e-17]
1105535994	[1.9104491640598618e-10, -1.543935233957238e-203, 1.9104345384376968e-10, 0.26162880655309656, 0.2322070438156141]	[3.6766611304768565e-11, 0.0, 3.676632983453878e-11, 0.02952255550811606, 0.7571871074562563]
26876056	[-0.004826963303067875, -5.228822643418157e-204, -0.004826963303071254, 0.27875784365009865, 0.4227049586589242]	[0.0021383984883445437, 0.0, 0.0021383984883460304, 0.01775574671284505, 0.23690424380254252]
1189960471014789120	[-0.011953557647309786, -2.4453444685270137e-204, -0.011953557647314931, 0.31628902199236714, 1.7811969242195003]	[0.00687629972632831, 0.0, 0.006876299726329132, 0.03135818192814956, 0.9259159170984598]
386573370	[-0.0050129735371581005, -2.614411321709079e-204, -0.005012973537161608, 0.2856458583037699, 1.8336986917598002]	[0.00306313935266939, 0.0, 0.0030631393526715286, 0.08248249503370506, 3.0283205541144302]
1064240933783461889	[-0.003381790219727742, -2.4956928574207947e-203, -0.0033817902197347044, 0.28207374243677713, 0.2210091509913574]	[0.0, 0.0, 8.673617379884035e-19, 0.0, 0.0]
1000617635191644160	[-0.006912189289417064, -3.1372935860508947e-204, -0.0069121892894219005, 0.29687264436396144, 0.6009988190593131]	[0.002587240624360265, 0.0, 0.0025872406243620666, 0.002980400922752706, 0.25909766517027333]
1099134757	[-0.0032212860515832544, -4.183058114734526e-204, -0.003221286051583651, 0.33684152086715524, 1.084623694894733]	[0.0026928562131276227, 0.0, 0.002692856213127436, 0.05847095571686434, 1.1036561199219168]
21833728	[-0.0027624507317938257, -2.0386328283001263e-203, -0.0027624507317938257, 0.29064201560807007, 0.17959692182520845]	[8.673617379884035e-19, 0.0, 8.673617379884035e-19, 5.551115123125783e-17, 2.7755575615628914e-17]
119300881	[1.9812065405065231e-10, -1.6011180204000987e-203, 1.9811913731946485e-10, 0.26731042500968877, 0.08648631704335288]	[5.169878828456423e-26, 0.0, 1.0339757656912846e-25, 1.1102230246251565e-16, 1.3877787807814457e-17]
1170869529079177216	[-0.0022307113890572875, -1.6462199364677077e-203, -0.002230711389058846, 0.2751514111271852, 0.12396023198011598]	[0.0, 0.0, 8.673617379884035e-19, 1.1102230246251565e-16, 1.3877787807814457e-17]
1151249636494958592	[-0.015292315861094318, -4.066774679764165e-203, -0.015292315861099122, 0.26121750564011514, 2.7470426164000092]	[0.011489900203616493, 0.0, 0.011489900203616368, 0.04340609714540548, 2.6588660866112437]
1075150428583555072	[0.0, 0.0, 0.0, 0.12124961336220229, 2.1538461538461537]	[0.0, 0.0, 0.0, 0.0, 0.0]
117212185	[-0.016991356100722714, -2.541051720443212e-204, -0.016991356100730996, 0.30983527350660567, 2.4603408703234315]	[0.008490595812694528, 0.0, 0.008490595812699004, 0.04207558523083725, 1.6353178830359048]
118541344	[-0.0016083576959373838, -1.2026292079861766e-203, -0.0016083576959385235, 0.3043511637714529, 1.7379244622002152]	[0.0007499006424161367, 0.0, 0.0007499006424166679, 0.0037994144823414455, 3.5025232794313697]
3301158974	[-0.0011887861230842033, -8.888998493810868e-204, -0.0011887861230850457, 0.24684684509460544, 1.5958106273405313]	[0.0009562591609961268, 0.0, 0.000956259160996804, 0.06928500204375251, 1.853489163011928]
1174346666239025153	[-0.011556071071328259, -1.0610332669812163e-203, -0.011556071071331827, 0.27493081119502416, 1.350953529817806]	[0.00776265138857896, 0.0, 0.007762651388577296, 0.027728797783338453, 1.2362728522054003]
162289496	[-0.02808736174020779, -2.310047018584738e-204, -0.02808736174021392, 0.3025859034919038, 7.444156619496719]	[0.0315093530115371, 0.0, 0.03150935301153657, 0.039788614982799946, 13.20867711307962]
112047805	[-0.004826963303067875, -5.228822643418157e-204, -0.004826963303071254, 0.27875784365009865, 0.4227049586589242]	[0.0021383984883445437, 0.0, 0.0021383984883460304, 0.01775574671284505, 0.23690424380254252]
599669489	[-0.008229681869506239, -8.366116229469052e-204, -0.008229681869507033, 0.30130585487347583, 1.636755041130701]	[0.012038462014859638, 0.0, 0.012038462014859225, 0.0043375075376841325, 3.525206625790347]
113168742	[-0.0056297751349865125, -2.1681417960245122e-203, -0.005629775134988199, 0.2828063902117655, 0.515306781719169]	[0.0019260464103843117, 0.0, 0.0019260464103827528, 0.011094437508301089, 0.22438067014232166]
1064330857320800256	[-0.01082823214585904, -1.2478464287103974e-203, -0.010828232145862522, 0.24780160620305156, 1.3310928107897964]	[0.0074464419261312965, 0.0, 0.007446441926127817, 0.03427213623372548, 1.110083659798439]
1086450818558185472	[-0.013855616067999049, -1.3072056608545394e-204, -0.013855616068008777, 0.2621086838134878, 1.4150914416231462]	[0.012233735428539958, 0.0, 0.012233735428548515, 0.05824167507929945, 1.4261017820284088]
1031026429784457216	[-0.002230711389054168, -1.6462199364677077e-203, -0.002230711389054168, 0.28155593426961395, 0.1250151891742613]	[4.336808689942018e-19, 0.0, 4.336808689942018e-19, 5.551115123125783e-17, 5.551115123125783e-17]
1142864340	[-0.016995766947614843, -2.470517653573471e-204, -0.016995766947616373, 0.2593678562303362, 2.1870943382452377]	[0.008665905788261236, 0.0, 0.008665905788259407, 0.009300012694232866, 1.315542237751487]
